[      0,     100;
       1,     135;
       2,      85;
       3,     435;
       4,       9;
       5,      54;
       6,     140;
       7,     181;
       8,       5;
       9,     347;
      10,      20;
      11,      87;
      12,     133;
      13,      41;
      14,      73;
      15,     359;
      16,     425;
      17,      53;
      18,     104;
      19,     494;
      20,      60;
      21,      30;
      22,     169;
      23,      76;
      24,     151;
      25,     263;
      26,      27;
      27,      52;
      28,     253;
      29,      45;
      30,     157;
      31,     422;
      32,     292;
      33,     332;
      34,     105;
      35,     147;
      36,      23;
      37,      48;
      38,       9;
      39,      57;
      40,      68;
      41,      16;
      42,      92;
      43,     256;
      44,      22;
      45,       4;
      46,     119;
      47,      60;
      48,      59;
      49,     285;
      50,      83;
      51,     106;
      52,     130;
      53,      82;
      54,     359;
      55,     342;
      56,      29;
      57,      70;
      58,     116;
      59,      13;
      60,      18;
      61,     168;
      62,      12;
      63,      55;
      64,      34;
      65,     124;
      66,      43;
      67,      36;
      68,      36;
      69,      35;
      70,     159;
      71,       0;
      72,     223;
      73,     256;
      74,      11;
      75,      19;
      76,     107;
      77,     109;
      78,      25;
      79,     150;
      80,     198;
      81,     400;
      82,      47;
      83,     177;
      84,      10;
      85,     143;
      86,      47;
      87,     161;
      88,     201;
      89,      14;
      90,     160;
      91,       9;
      92,      72;
      93,     178;
      94,      47;
      95,       2;
      96,       4;
      97,      33;
      98,     259;
      99,       6;
     100,     380;
     101,     267;
     102,     131;
     103,      37;
     104,      14;
     105,     152;
     106,     230;
     107,      46;
     108,       3;
     109,      47;
     110,     267;
     111,     135;
     112,     131;
     113,     209;
     114,     127;
     115,     136;
     116,     177;
     117,     125;
     118,     149;
     119,     220;
     120,     190;
     121,      21;
     122,     332;
     123,     178;
     124,     128;
     125,      14;
     126,     422;
     127,      40;
     128,     120;
     129,     139;
     130,     109;
     131,     113;
     132,     250;
     133,     138;
     134,     326;
     135,     258;
     136,     110;
     137,     341;
     138,      55;
     139,     140;
     140,     144;
     141,     259;
     142,     453;
     143,     118;
     144,     121;
     145,     123;
     146,     134;
     147,     126;
     148,     264;
     149,     132;
     150,     116;
     151,     140;
     152,     216;
     153,     376;
     154,     400;
     155,     212;
     156,     141;
     157,     376;
     158,     117;
     159,     145;
     160,     248;
     161,     133;
     162,     159;
     163,     189;
     164,     115;
     165,     232;
     166,     288;
     167,     112;
     168,     182;
     169,     163;
     170,     252;
     171,     338;
     172,     177;
     173,      95;
     174,     170;
     175,     193;
     176,     470;
     177,     187;
     178,      13;
     179,     273;
     180,     195;
     181,     177;
     182,     247;
     183,      56;
     184,     141;
     185,     292;
     186,     471;
     187,      45;
     188,     315;
     189,     152;
     190,     160;
     191,     184;
     192,     236;
     193,     114;
     194,     195;
     195,     349;
     196,     186;
     197,      55;
     198,     385;
     199,     268;
     200,     112;
     201,     287;
     202,     162;
     203,      54;
     204,     250;
     205,     309;
     206,     314;
     207,     245;
     208,     205;
     209,     220;
     210,     221;
     211,     323;
     212,     222;
     213,     320;
     214,     314;
     215,     208;
     216,     293;
     217,     247;
     218,     326;
     219,     258;
     220,     152;
     221,       5;
     222,     247;
     223,       9;
     224,     331;
     225,     238;
     226,     452;
     227,     201;
     228,     264;
     229,     294;
     230,     261;
     231,     199;
     232,     231;
     233,     385;
     234,     216;
     235,     299;
     236,      14;
     237,     204;
     238,     234;
     239,     227;
     240,     200;
     241,     191;
     242,     211;
     243,     241;
     244,      80;
     245,     269;
     246,     182;
     247,     235;
     248,     308;
     249,     308;
     250,     256;
     251,     426;
     252,     131;
     253,     286;
     254,     213;
     255,     276;
     256,     282;
     257,     260;
     258,     270;
     259,     266;
     260,     120;
     261,     182;
     262,     255;
     263,      95;
     264,     172;
     265,     316;
     266,     189;
     267,     240;
     268,     151;
     269,     460;
     270,     177;
     271,     244;
     272,     236;
     273,     226;
     274,     249;
     275,     408;
     276,     285;
     277,     298;
     278,      44;
     279,     309;
     280,     355;
     281,     206;
     282,     204;
     283,     295;
     284,     222;
     285,     303;
     286,     284;
     287,     359;
     288,     300;
     289,     331;
     290,     281;
     291,     428;
     292,     304;
     293,     314;
     294,     318;
     295,     293;
     296,     323;
     297,     312;
     298,     338;
     299,     324;
     300,     458;
     301,     289;
     302,     308;
     303,     350;
     304,     274;
     305,     311;
     306,     301;
     307,     172;
     308,     207;
     309,      97;
     310,     294;
     311,     302;
     312,     278;
     313,     185;
     314,     287;
     315,     322;
     316,     290;
     317,     210;
     318,     291;
     319,     225;
     320,     326;
     321,     341;
     322,     279;
     323,     299;
     324,      63;
     325,     283;
     326,     277;
     327,     288;
     328,     297;
     329,     182;
     330,     275;
     331,     430;
     332,     330;
     333,     418;
     334,     288;
     335,     429;
     336,     242;
     337,     285;
     338,     397;
     339,     365;
     340,     380;
     341,     389;
     342,     363;
     343,     379;
     344,     299;
     345,     341;
     346,     354;
     347,     375;
     348,     356;
     349,     383;
     350,     371;
     351,     346;
     352,     428;
     353,     359;
     354,     317;
     355,     358;
     356,     371;
     357,     413;
     358,     394;
     359,     378;
     360,     414;
     361,     338;
     362,     339;
     363,     343;
     364,     409;
     365,     327;
     366,     382;
     367,     408;
     368,     374;
     369,     353;
     370,     443;
     371,     388;
     372,     355;
     373,     350;
     374,     467;
     375,     372;
     376,     326;
     377,     364;
     378,     344;
     379,     384;
     380,     322;
     381,     377;
     382,     342;
     383,     366;
     384,     352;
     385,     425;
     386,     387;
     387,     392;
     388,     107;
     389,     458;
     390,     389;
     391,     396;
     392,     406;
     393,     447;
     394,     399;
     395,     390;
     396,     391;
     397,     392;
     398,     405;
     399,     413;
     400,     443;
     401,     404;
     402,      16;
     403,     401;
     404,     327;
     405,     407;
     406,     432;
     407,     394;
     408,     417;
     409,     415;
     410,     409;
     411,     407;
     412,     427;
     413,     410;
     414,     285;
     415,     455;
     416,     398;
     417,     155;
     418,     454;
     419,     392;
     420,     411;
     421,     235;
     422,     429;
     423,     403;
     424,     427;
     425,     424;
     426,     414;
     427,     345;
     428,     371;
     429,     420;
     430,     441;
     431,     416;
     432,     147;
     433,     478;
     434,     440;
     435,     250;
     436,     450;
     437,     390;
     438,     433;
     439,     442;
     440,     445;
     441,     439;
     442,     458;
     443,     437;
     444,     448;
     445,     434;
     446,     438;
     447,     470;
     448,     415;
     449,     397;
     450,     416;
     451,     332;
     452,     477;
     453,     467;
     454,     435;
     455,     449;
     456,     436;
     457,      64;
     458,     443;
     459,     464;
     460,     446;
     461,     454;
     462,     443;
     463,     489;
     464,     466;
     465,     488;
     466,     326;
     467,     420;
     468,     462;
     469,     485;
     470,     475;
     471,     415;
     472,     487;
     473,     420;
     474,     479;
     475,     482;
     476,     484;
     477,     476;
     478,     488;
     479,     490;
     480,     492;
     481,     489;
     482,     499;
     483,     495;
     484,     478;
     485,     480;
     486,     469;
     487,     471;
     488,     209;
     489,     483;
     490,     335;
     491,     494;
     492,     498;
     493,     486;
     494,      56;
     495,     301;
     496,     477;
     497,     490;
     498,     438;
     499,     470]