[      0,      43;
       1,      21;
       2,      89;
       3,     286;
       4,      32;
       5,      55;
       6,      88;
       7,     110;
       8,     168;
       9,      64;
      10,      33;
      11,     144;
      12,     173;
      13,       0;
      14,     250;
      15,     483;
      16,      60;
      17,      91;
      18,       7;
      19,      71;
      20,      49;
      21,     233;
      22,     138;
      23,       8;
      24,     170;
      25,      94;
      26,      37;
      27,     191;
      28,     107;
      29,       2;
      30,     153;
      31,       4;
      32,      57;
      33,     226;
      34,       3;
      35,      52;
      36,     177;
      37,      58;
      38,      30;
      39,      17;
      40,      21;
      41,     385;
      42,      56;
      43,      26;
      44,     231;
      45,       5;
      46,      77;
      47,      92;
      48,      28;
      49,      17;
      50,     371;
      51,     108;
      52,     439;
      53,     404;
      54,     308;
      55,      85;
      56,      13;
      57,     427;
      58,      76;
      59,      78;
      60,      69;
      61,      73;
      62,      80;
      63,      98;
      64,      99;
      65,      15;
      66,      76;
      67,     428;
      68,     161;
      69,      84;
      70,     233;
      71,      74;
      72,     275;
      73,      31;
      74,      58;
      75,     172;
      76,      93;
      77,     278;
      78,     163;
      79,     262;
      80,     262;
      81,     467;
      82,     164;
      83,      83;
      84,      72;
      85,      29;
      86,     160;
      87,      47;
      88,     266;
      89,     443;
      90,     172;
      91,     473;
      92,      99;
      93,     353;
      94,      92;
      95,     233;
      96,     308;
      97,     465;
      98,      26;
      99,     164;
     100,     141;
     101,     342;
     102,     478;
     103,     177;
     104,     151;
     105,      57;
     106,     215;
     107,      54;
     108,      74;
     109,     132;
     110,     112;
     111,     154;
     112,     379;
     113,       4;
     114,     138;
     115,     151;
     116,     260;
     117,     142;
     118,     126;
     119,     111;
     120,     239;
     121,     247;
     122,     293;
     123,     110;
     124,     246;
     125,     143;
     126,      55;
     127,     141;
     128,     109;
     129,     235;
     130,     261;
     131,     129;
     132,     144;
     133,     134;
     134,     160;
     135,     124;
     136,     117;
     137,     226;
     138,     127;
     139,     177;
     140,     136;
     141,     239;
     142,     133;
     143,     137;
     144,     113;
     145,     228;
     146,     128;
     147,     115;
     148,     140;
     149,     125;
     150,     150;
     151,      74;
     152,     179;
     153,     258;
     154,     493;
     155,     118;
     156,     227;
     157,     195;
     158,     278;
     159,     156;
     160,      28;
     161,     390;
     162,     464;
     163,     198;
     164,     103;
     165,      23;
     166,      67;
     167,     168;
     168,     189;
     169,     163;
     170,     148;
     171,     134;
     172,     425;
     173,     479;
     174,     229;
     175,      75;
     176,     264;
     177,     352;
     178,     145;
     179,     268;
     180,     161;
     181,     309;
     182,     338;
     183,      80;
     184,     159;
     185,     481;
     186,     211;
     187,      30;
     188,      47;
     189,     169;
     190,     170;
     191,     426;
     192,      94;
     193,     191;
     194,     310;
     195,     244;
     196,     181;
     197,     163;
     198,      56;
     199,     244;
     200,     199;
     201,     237;
     202,     213;
     203,     169;
     204,     215;
     205,     234;
     206,     335;
     207,     205;
     208,     236;
     209,     298;
     210,     421;
     211,     241;
     212,       1;
     213,     318;
     214,     189;
     215,     278;
     216,     257;
     217,     200;
     218,     204;
     219,     230;
     220,     203;
     221,     247;
     222,     278;
     223,     278;
     224,     205;
     225,     330;
     226,     271;
     227,     318;
     228,     161;
     229,     242;
     230,     346;
     231,     259;
     232,     317;
     233,     202;
     234,     295;
     235,     221;
     236,     265;
     237,     447;
     238,     228;
     239,     264;
     240,     180;
     241,     201;
     242,     401;
     243,     224;
     244,     211;
     245,     214;
     246,      17;
     247,     270;
     248,     224;
     249,     255;
     250,     216;
     251,     306;
     252,     222;
     253,     269;
     254,     291;
     255,     212;
     256,     239;
     257,     297;
     258,     311;
     259,     324;
     260,     211;
     261,     229;
     262,     158;
     263,     208;
     264,     246;
     265,     354;
     266,     245;
     267,     320;
     268,     243;
     269,     263;
     270,     238;
     271,     492;
     272,     155;
     273,     254;
     274,     395;
     275,     369;
     276,     372;
     277,     308;
     278,     276;
     279,     274;
     280,     188;
     281,     327;
     282,     233;
     283,     292;
     284,     319;
     285,     101;
     286,      17;
     287,     298;
     288,     275;
     289,     318;
     290,     313;
     291,     333;
     292,     283;
     293,     302;
     294,     316;
     295,     295;
     296,     303;
     297,     315;
     298,     312;
     299,     291;
     300,     326;
     301,     311;
     302,     299;
     303,     287;
     304,     305;
     305,     354;
     306,     302;
     307,     293;
     308,     320;
     309,     335;
     310,     152;
     311,     393;
     312,     395;
     313,     282;
     314,     289;
     315,     404;
     316,     352;
     317,      39;
     318,     280;
     319,     315;
     320,     368;
     321,     494;
     322,     374;
     323,     315;
     324,     328;
     325,      17;
     326,     297;
     327,     426;
     328,     285;
     329,     282;
     330,     332;
     331,     284;
     332,     240;
     333,     257;
     334,     190;
     335,     128;
     336,      17;
     337,     354;
     338,     422;
     339,     432;
     340,     315;
     341,     369;
     342,      34;
     343,     340;
     344,     368;
     345,     314;
     346,      15;
     347,      44;
     348,     383;
     349,     339;
     350,     431;
     351,     359;
     352,     377;
     353,     341;
     354,     370;
     355,     360;
     356,     344;
     357,     419;
     358,     355;
     359,     366;
     360,     363;
     361,     385;
     362,     348;
     363,     362;
     364,     349;
     365,     352;
     366,     350;
     367,     393;
     368,     361;
     369,     494;
     370,     392;
     371,     373;
     372,     378;
     373,     174;
     374,     337;
     375,     305;
     376,     352;
     377,     351;
     378,     345;
     379,     338;
     380,     364;
     381,     101;
     382,     343;
     383,     342;
     384,     419;
     385,     358;
     386,      60;
     387,       5;
     388,     379;
     389,     418;
     390,     410;
     391,     394;
     392,     424;
     393,     393;
     394,     416;
     395,     449;
     396,     420;
     397,     392;
     398,     413;
     399,     404;
     400,     447;
     401,     403;
     402,     354;
     403,     409;
     404,     401;
     405,     402;
     406,     419;
     407,     390;
     408,     148;
     409,     415;
     410,     384;
     411,      39;
     412,     380;
     413,     408;
     414,     443;
     415,     392;
     416,     117;
     417,     421;
     418,     405;
     419,     360;
     420,     375;
     421,     406;
     422,     425;
     423,     427;
     424,     465;
     425,     395;
     426,     407;
     427,     400;
     428,     389;
     429,     430;
     430,     461;
     431,     127;
     432,     417;
     433,     437;
     434,     437;
     435,     470;
     436,     445;
     437,     267;
     438,     434;
     439,     443;
     440,     452;
     441,     478;
     442,     438;
     443,     459;
     444,       6;
     445,     435;
     446,     463;
     447,     433;
     448,     440;
     449,     450;
     450,     448;
     451,     492;
     452,     464;
     453,     198;
     454,     432;
     455,     444;
     456,     181;
     457,     451;
     458,     176;
     459,     446;
     460,     464;
     461,     437;
     462,     392;
     463,     442;
     464,     455;
     465,     439;
     466,     465;
     467,     401;
     468,     484;
     469,     483;
     470,     213;
     471,     469;
     472,     472;
     473,     416;
     474,     416;
     475,     488;
     476,     478;
     477,     480;
     478,     475;
     479,     239;
     480,     437;
     481,     476;
     482,     482;
     483,     487;
     484,     474;
     485,     479;
     486,     493;
     487,     470;
     488,     425;
     489,     490;
     490,     484;
     491,     486;
     492,     471;
     493,     497;
     494,     346;
     495,     442;
     496,      92;
     497,     491;
     498,     477;
     499,     432]