[      0,       4;
       1,      66;
       2,     218;
       3,     434;
       4,     141;
       5,      33;
       6,      69;
       7,     113;
       8,      46;
       9,     112;
      10,     413;
      11,     247;
      12,     109;
      13,      32;
      14,     157;
      15,      31;
      16,     189;
      17,      42;
      18,      22;
      19,       9;
      20,       7;
      21,      68;
      22,     296;
      23,     172;
      24,     146;
      25,       3;
      26,      76;
      27,     179;
      28,     140;
      29,     218;
      30,      44;
      31,     122;
      32,     221;
      33,     406;
      34,     387;
      35,      83;
      36,      90;
      37,     193;
      38,     198;
      39,      24;
      40,      66;
      41,     499;
      42,     473;
      43,      29;
      44,     135;
      45,     167;
      46,     105;
      47,     118;
      48,     202;
      49,     152;
      50,     166;
      51,      69;
      52,     187;
      53,     319;
      54,     182;
      55,     128;
      56,     454;
      57,      73;
      58,      60;
      59,     234;
      60,     327;
      61,     121;
      62,      93;
      63,     384;
      64,      13;
      65,      23;
      66,     106;
      67,       0;
      68,       8;
      69,      87;
      70,      37;
      71,      48;
      72,      57;
      73,      13;
      74,     469;
      75,      14;
      76,      21;
      77,     349;
      78,     373;
      79,     153;
      80,      23;
      81,      81;
      82,     180;
      83,      58;
      84,       1;
      85,      39;
      86,      53;
      87,     192;
      88,      45;
      89,       5;
      90,      34;
      91,      85;
      92,      72;
      93,     114;
      94,     299;
      95,      74;
      96,     268;
      97,     102;
      98,      23;
      99,      72;
     100,     142;
     101,     201;
     102,     117;
     103,      77;
     104,      84;
     105,     169;
     106,     499;
     107,     103;
     108,      91;
     109,     152;
     110,     212;
     111,     192;
     112,      16;
     113,     263;
     114,     227;
     115,     149;
     116,     209;
     117,     147;
     118,       6;
     119,       7;
     120,     145;
     121,     205;
     122,     156;
     123,     172;
     124,     267;
     125,     140;
     126,     106;
     127,     257;
     128,     164;
     129,     215;
     130,     299;
     131,     208;
     132,     193;
     133,     469;
     134,     229;
     135,     252;
     136,     159;
     137,     319;
     138,     234;
     139,     137;
     140,      83;
     141,     184;
     142,      52;
     143,     131;
     144,      95;
     145,     154;
     146,     278;
     147,       9;
     148,     211;
     149,     201;
     150,     499;
     151,     188;
     152,     163;
     153,     157;
     154,     192;
     155,      63;
     156,     111;
     157,     198;
     158,     204;
     159,     139;
     160,      36;
     161,     303;
     162,     167;
     163,     178;
     164,      75;
     165,     204;
     166,     169;
     167,     196;
     168,     118;
     169,      41;
     170,     326;
     171,     174;
     172,     477;
     173,     320;
     174,     160;
     175,     275;
     176,      60;
     177,     110;
     178,     115;
     179,     230;
     180,      94;
     181,     236;
     182,     477;
     183,      53;
     184,     149;
     185,     117;
     186,     168;
     187,     166;
     188,     112;
     189,     136;
     190,     442;
     191,     187;
     192,     224;
     193,       7;
     194,     193;
     195,     202;
     196,     113;
     197,      46;
     198,     158;
     199,     461;
     200,     277;
     201,     212;
     202,     222;
     203,     248;
     204,     233;
     205,     227;
     206,     279;
     207,     216;
     208,     199;
     209,     228;
     210,     236;
     211,     368;
     212,     205;
     213,     136;
     214,     225;
     215,     238;
     216,     230;
     217,      46;
     218,     281;
     219,     201;
     220,     213;
     221,     215;
     222,     202;
     223,     207;
     224,     235;
     225,     206;
     226,     276;
     227,     391;
     228,     263;
     229,     253;
     230,     214;
     231,     242;
     232,     260;
     233,     243;
     234,     274;
     235,     239;
     236,     264;
     237,     229;
     238,     185;
     239,      46;
     240,     209;
     241,     234;
     242,     144;
     243,     200;
     244,     223;
     245,     360;
     246,     231;
     247,     247;
     248,     239;
     249,     203;
     250,     259;
     251,     459;
     252,     276;
     253,     257;
     254,     244;
     255,     193;
     256,      83;
     257,     340;
     258,     256;
     259,     377;
     260,     445;
     261,     408;
     262,     203;
     263,     265;
     264,      89;
     265,     293;
     266,     246;
     267,     275;
     268,     273;
     269,     324;
     270,     258;
     271,     394;
     272,     280;
     273,     226;
     274,     305;
     275,     324;
     276,     279;
     277,     341;
     278,     298;
     279,     292;
     280,     263;
     281,     234;
     282,     308;
     283,     333;
     284,     306;
     285,     304;
     286,     309;
     287,     307;
     288,     290;
     289,     336;
     290,     144;
     291,     315;
     292,     360;
     293,     285;
     294,      63;
     295,     161;
     296,     206;
     297,     256;
     298,     380;
     299,     215;
     300,     340;
     301,     295;
     302,     280;
     303,     287;
     304,     103;
     305,     350;
     306,     286;
     307,     283;
     308,     413;
     309,     314;
     310,     313;
     311,     118;
     312,     389;
     313,     178;
     314,     325;
     315,     337;
     316,     446;
     317,     288;
     318,     297;
     319,     301;
     320,     419;
     321,      38;
     322,     300;
     323,     297;
     324,     321;
     325,     485;
     326,     354;
     327,     351;
     328,      80;
     329,      85;
     330,      35;
     331,     343;
     332,     340;
     333,     364;
     334,     307;
     335,     215;
     336,     334;
     337,     337;
     338,     234;
     339,     357;
     340,     363;
     341,     361;
     342,     370;
     343,     389;
     344,     391;
     345,     344;
     346,     373;
     347,     348;
     348,     359;
     349,     366;
     350,     367;
     351,      63;
     352,     339;
     353,     341;
     354,     340;
     355,     389;
     356,     364;
     357,     347;
     358,     371;
     359,     338;
     360,     459;
     361,     307;
     362,     353;
     363,     374;
     364,     345;
     365,     380;
     366,     397;
     367,     375;
     368,     369;
     369,     354;
     370,     413;
     371,     399;
     372,     103;
     373,     343;
     374,     411;
     375,     167;
     376,     395;
     377,     360;
     378,     368;
     379,     352;
     380,     390;
     381,      53;
     382,     480;
     383,     342;
     384,     355;
     385,     403;
     386,     401;
     387,     336;
     388,     350;
     389,     406;
     390,     447;
     391,     405;
     392,     411;
     393,     424;
     394,     418;
     395,     425;
     396,     390;
     397,     365;
     398,     389;
     399,     303;
     400,     410;
     401,     423;
     402,     400;
     403,     395;
     404,     412;
     405,     407;
     406,     446;
     407,     403;
     408,     459;
     409,     454;
     410,     345;
     411,     443;
     412,     428;
     413,     419;
     414,     414;
     415,     394;
     416,      45;
     417,     480;
     418,     402;
     419,     476;
     420,     397;
     421,     239;
     422,     393;
     423,      41;
     424,     450;
     425,     426;
     426,     400;
     427,     355;
     428,     429;
     429,     433;
     430,     408;
     431,     387;
     432,     402;
     433,     441;
     434,     443;
     435,     460;
     436,     486;
     437,     411;
     438,     481;
     439,     456;
     440,     426;
     441,     485;
     442,     476;
     443,     480;
     444,     461;
     445,     444;
     446,     246;
     447,     455;
     448,     448;
     449,     465;
     450,      41;
     451,     417;
     452,     474;
     453,     476;
     454,     487;
     455,     453;
     456,     438;
     457,     436;
     458,     114;
     459,     468;
     460,      80;
     461,     464;
     462,     452;
     463,     496;
     464,     446;
     465,     467;
     466,     445;
     467,     437;
     468,      34;
     469,     445;
     470,     477;
     471,     499;
     472,     470;
     473,     487;
     474,     452;
     475,      50;
     476,     491;
     477,     472;
     478,     490;
     479,     482;
     480,     484;
     481,     485;
     482,     478;
     483,     474;
     484,     469;
     485,     489;
     486,     481;
     487,     487;
     488,     471;
     489,     493;
     490,     480;
     491,     479;
     492,      93;
     493,     494;
     494,     475;
     495,     484;
     496,     465;
     497,     425;
     498,     434;
     499,     497]