[      0,     487;
       1,       1;
       2,      47;
       3,     105;
       4,      80;
       5,     251;
       6,     147;
       7,     154;
       8,      36;
       9,      51;
      10,     259;
      11,     317;
      12,     247;
      13,      22;
      14,     165;
      15,       5;
      16,     131;
      17,     276;
      18,     434;
      19,      76;
      20,     443;
      21,      12;
      22,      42;
      23,     402;
      24,      58;
      25,      40;
      26,       4;
      27,      34;
      28,      78;
      29,      56;
      30,      79;
      31,      88;
      32,      16;
      33,      76;
      34,     362;
      35,      50;
      36,      27;
      37,      60;
      38,     480;
      39,      31;
      40,     113;
      41,       6;
      42,     122;
      43,     126;
      44,     122;
      45,      32;
      46,     269;
      47,     487;
      48,     479;
      49,     109;
      50,      84;
      51,     116;
      52,      26;
      53,      25;
      54,      14;
      55,     183;
      56,      71;
      57,      39;
      58,     157;
      59,     153;
      60,     163;
      61,      70;
      62,     177;
      63,     361;
      64,      20;
      65,      10;
      66,       0;
      67,     284;
      68,     376;
      69,     346;
      70,       7;
      71,      19;
      72,     118;
      73,      13;
      74,     155;
      75,      57;
      76,      67;
      77,     105;
      78,     266;
      79,      78;
      80,     329;
      81,     446;
      82,     358;
      83,      45;
      84,      21;
      85,      48;
      86,      13;
      87,       2;
      88,     321;
      89,     415;
      90,      77;
      91,     141;
      92,     487;
      93,     112;
      94,     259;
      95,      24;
      96,     240;
      97,      14;
      98,     108;
      99,      65;
     100,     383;
     101,     107;
     102,      92;
     103,     459;
     104,     434;
     105,      66;
     106,     351;
     107,     428;
     108,     176;
     109,     297;
     110,     453;
     111,     125;
     112,     351;
     113,     331;
     114,     251;
     115,     140;
     116,     223;
     117,      24;
     118,       3;
     119,     121;
     120,     197;
     121,     134;
     122,     222;
     123,     133;
     124,      92;
     125,     110;
     126,     109;
     127,     487;
     128,     203;
     129,     218;
     130,     410;
     131,     129;
     132,      28;
     133,     149;
     134,     120;
     135,     145;
     136,       2;
     137,     158;
     138,     151;
     139,     263;
     140,     463;
     141,     164;
     142,     202;
     143,     132;
     144,     267;
     145,     221;
     146,     117;
     147,     192;
     148,     142;
     149,     138;
     150,     127;
     151,     154;
     152,     126;
     153,     163;
     154,     122;
     155,     411;
     156,     214;
     157,     136;
     158,     421;
     159,     153;
     160,     163;
     161,     155;
     162,     200;
     163,     375;
     164,     386;
     165,      94;
     166,     337;
     167,     235;
     168,     227;
     169,     176;
     170,     137;
     171,     218;
     172,     221;
     173,     160;
     174,     404;
     175,     263;
     176,     144;
     177,     242;
     178,     351;
     179,     150;
     180,      46;
     181,     104;
     182,      56;
     183,      66;
     184,     130;
     185,     264;
     186,     296;
     187,      71;
     188,       4;
     189,     372;
     190,     104;
     191,     218;
     192,     190;
     193,     181;
     194,     345;
     195,      36;
     196,     403;
     197,     230;
     198,     180;
     199,     237;
     200,     292;
     201,     255;
     202,     259;
     203,     233;
     204,      25;
     205,     278;
     206,     192;
     207,     200;
     208,     327;
     209,      25;
     210,     144;
     211,     238;
     212,     215;
     213,     291;
     214,     216;
     215,     286;
     216,     225;
     217,     299;
     218,      93;
     219,     267;
     220,     212;
     221,     163;
     222,     213;
     223,     202;
     224,     126;
     225,     242;
     226,     334;
     227,     243;
     228,     239;
     229,     205;
     230,     220;
     231,     165;
     232,     263;
     233,     384;
     234,     192;
     235,     229;
     236,     218;
     237,     260;
     238,     248;
     239,     219;
     240,     241;
     241,     293;
     242,     120;
     243,     334;
     244,     192;
     245,     246;
     246,     217;
     247,     206;
     248,     199;
     249,     234;
     250,     289;
     251,     227;
     252,     273;
     253,     203;
     254,     224;
     255,     201;
     256,     476;
     257,      49;
     258,     477;
     259,     321;
     260,     326;
     261,     166;
     262,     262;
     263,     110;
     264,      40;
     265,     335;
     266,       0;
     267,     331;
     268,     121;
     269,      24;
     270,     270;
     271,     302;
     272,     459;
     273,       3;
     274,     173;
     275,     337;
     276,     348;
     277,     311;
     278,     435;
     279,     284;
     280,     397;
     281,     425;
     282,     269;
     283,     280;
     284,     380;
     285,      62;
     286,     205;
     287,     288;
     288,     349;
     289,     382;
     290,     275;
     291,     285;
     292,     192;
     293,     353;
     294,     297;
     295,     300;
     296,     263;
     297,     487;
     298,     206;
     299,      32;
     300,     346;
     301,     282;
     302,     342;
     303,      93;
     304,     274;
     305,     241;
     306,     140;
     307,     292;
     308,     276;
     309,     202;
     310,     287;
     311,     281;
     312,     304;
     313,     344;
     314,     356;
     315,     104;
     316,     327;
     317,     219;
     318,     299;
     319,     308;
     320,     224;
     321,     227;
     322,     316;
     323,     301;
     324,     335;
     325,     296;
     326,     153;
     327,     323;
     328,      59;
     329,     310;
     330,     322;
     331,     306;
     332,     484;
     333,     341;
     334,     332;
     335,     325;
     336,     334;
     337,     360;
     338,      57;
     339,     344;
     340,     368;
     341,     358;
     342,     395;
     343,     344;
     344,     348;
     345,     379;
     346,     406;
     347,     370;
     348,     371;
     349,      25;
     350,     451;
     351,     342;
     352,     388;
     353,     338;
     354,     276;
     355,     120;
     356,     323;
     357,      32;
     358,     290;
     359,     140;
     360,     269;
     361,     390;
     362,     343;
     363,     346;
     364,     311;
     365,     383;
     366,     349;
     367,     186;
     368,     353;
     369,     367;
     370,     153;
     371,     154;
     372,     271;
     373,     263;
     374,     388;
     375,     386;
     376,       2;
     377,     405;
     378,     362;
     379,     339;
     380,     373;
     381,     364;
     382,     242;
     383,      53;
     384,     347;
     385,     316;
     386,     381;
     387,     104;
     388,     484;
     389,     406;
     390,     434;
     391,     419;
     392,     395;
     393,     337;
     394,     468;
     395,     314;
     396,     263;
     397,     393;
     398,     411;
     399,     392;
     400,     397;
     401,      52;
     402,      69;
     403,     451;
     404,     453;
     405,     420;
     406,     250;
     407,     407;
     408,     362;
     409,     491;
     410,     401;
     411,     403;
     412,     422;
     413,     225;
     414,     425;
     415,     415;
     416,     439;
     417,     416;
     418,     352;
     419,     414;
     420,     429;
     421,     430;
     422,     409;
     423,     448;
     424,     353;
     425,     408;
     426,     399;
     427,     417;
     428,     347;
     429,     384;
     430,     459;
     431,     446;
     432,     443;
     433,     410;
     434,     455;
     435,      52;
     436,     244;
     437,     456;
     438,     441;
     439,     444;
     440,     448;
     441,     493;
     442,     443;
     443,      38;
     444,     470;
     445,     415;
     446,     436;
     447,     445;
     448,     458;
     449,     438;
     450,     437;
     451,     430;
     452,     440;
     453,     446;
     454,     337;
     455,     467;
     456,     435;
     457,       4;
     458,     459;
     459,     266;
     460,     454;
     461,     417;
     462,     462;
     463,     442;
     464,     451;
     465,     403;
     466,     473;
     467,     230;
     468,     468;
     469,     488;
     470,     477;
     471,     103;
     472,     491;
     473,     490;
     474,     421;
     475,     479;
     476,     472;
     477,     470;
     478,     476;
     479,     469;
     480,     487;
     481,     485;
     482,     478;
     483,     495;
     484,     451;
     485,     480;
     486,     484;
     487,     482;
     488,     106;
     489,     481;
     490,     471;
     491,     433;
     492,     173;
     493,     473;
     494,     387;
     495,     263;
     496,     475;
     497,     298;
     498,     337;
     499,     474]