[ 48, 233,  56, 122,  61, 205,  83, 254, 130,  29, 172,   9,  50, 211,  34,  16, 200, 242, 109,  72,  74,  43, 250,  53, 251, 157,  36, 121,  80,  11,  86, 106;
  98, 187, 225,  88, 249, 225, 133, 239, 155,  21, 104, 168,  32, 253, 204, 180, 217,  26, 211, 144,  18,  10, 234, 241,  63,  20, 157, 255, 215,  76, 214, 254;
 143, 192, 246,  91, 228, 156, 249, 149, 255,  91,  87, 144, 249, 223, 190, 236,  55,  98, 191, 156, 183, 220,  47, 245,  79, 127, 242, 192, 150, 133, 225, 245;
 208, 241, 159, 236,  10,  76,  71,  57, 160, 210, 131,  24, 247, 119,   8, 115,  34,  85, 125, 234, 105,  69, 187,   9, 241, 227, 101,  24,  40, 176, 135,  50;
  57,  23,  26, 189, 209, 118,  68, 119, 116, 207, 254,  52, 239,  51, 130, 213, 120, 174, 142, 168,  61, 186,  97,  14, 242, 231, 182, 193, 170,  68, 238, 155;
 220, 197,  89, 229, 182,  10, 127, 189,  52, 176, 246, 146,  95, 103, 152, 115,  54, 221,  61, 250, 121, 212, 161,  14, 254, 233, 175, 196,  38, 177, 161,  33;
  27,  12, 236, 229, 150,  50, 253,  63, 119, 227,  94, 146,  27,  45, 150,  96, 127, 238,  53, 141, 188, 248, 165, 202, 234, 239, 247, 132, 231, 236, 240, 104;
 118,  47,  96, 138,  95, 249, 218, 200, 139,  76, 152, 139,  40, 204, 119,  16, 184, 185, 223, 209,  30,  35, 250, 255, 179,  84, 139, 251, 247,  15,  87, 214;
 216,  38, 252, 108,  58, 106, 121,  63,  49, 143, 254, 185, 143,  47, 130,  82, 166, 151, 237, 128,  56, 204, 163,  78, 207, 247,  48, 137, 162, 192, 167, 107;
 225, 161, 241,  88, 193, 188, 112,   7, 123,  53,  97,  24,  10, 187,  76, 188, 145,  14,  96,  24, 150, 126, 242,  81,  31, 248,  80, 110, 194,   0, 194, 166;
 224, 198,  31, 122,  64, 236,  97, 174, 248,  31, 104,  24, 178,  35,  32,  81, 193,  18,  66,   8,  42,  46,   2,  63, 229, 163,  82,  73,  80,  16, 231, 170;
 241, 203, 110, 190, 204, 146, 207, 245, 212, 196, 246, 135, 115, 232, 182,  97, 120, 230,  46, 239, 236, 163,  46, 189, 114,  43, 231, 152, 125, 186, 248,  76;
 232, 226, 110,   7, 126, 216, 233, 100, 232, 244,  54, 169, 107, 204, 214, 179,  42, 164, 226, 109, 228, 118, 166,  77,  94,  41,  97, 169, 103, 172,  94, 252;
  95, 111, 226,   5, 226,  58, 174,  55,  49, 238,  94, 230,  73,  46, 215, 254,  55, 237, 245, 239, 228, 208, 165, 202,  62, 111, 239, 128, 167, 246,  43, 221;
 131, 144,  51, 152, 117, 181, 184,  66, 255,  91, 112,  80, 140, 154,  52, 236, 167,  11,  18,  29, 183, 172,  50, 215,  13,  30,  26,  74, 216,   4,  41, 133;
  39,  65, 102,  78,  95,  19, 238, 232,  69, 224, 253, 230,  72, 216, 191, 164, 122, 204, 146, 238, 197, 179,  45, 236,  54,  60, 129, 134,  95, 191, 122, 148;
 213, 244,   7, 160,  48,  75,  67, 136,  34, 248, 138, 108, 215, 210, 201,  16, 177, 205, 108, 247,  79,  87, 153,  26, 184, 132,  45, 116, 168,  51,   2, 112;
 104, 160, 189, 112,   8, 205,  81, 136, 226, 181, 161,  24, 151, 209,  72,  27, 129, 148, 104,  16,  10, 101, 219,  17, 201, 129,  21, 125,  80,   0,  70,  34;
 120, 109,  94, 108,  91,  75,  82,  78, 161, 128, 232,   9,   7, 155,   1, 145, 200, 180, 202, 112,  72,  43, 194,  12, 243, 225,   0,  27, 113,  25, 110, 138;
  49, 181,  26,  33, 180, 175, 194, 115, 127, 105, 251,  92, 150,  56,  16,  32, 157,  27,  86,  49, 159, 184,  81,  31, 137, 159,  24,  86, 200,  74, 154,  23;
 195, 148, 117,  17, 115, 254, 185,  54,  59, 119, 102,  28, 156,  20, 142, 125, 167,  29,  83,  29, 179, 220,  53, 215,  13,  58,  90, 198, 206,   4, 131, 245;
 103, 185, 130,  26, 217, 181, 136, 206, 171, 209, 136,  77, 168, 234, 126, 254, 205, 107, 250, 157, 151,  75, 222, 241,  26,  92, 159, 126, 154,  87, 171, 148;
 210, 246,  75, 188,  50, 130,  95, 127, 181,   6, 218, 247, 117, 207,  40,  80, 254, 189,  29, 165, 104, 151, 128,  79, 240, 230, 174, 136,  36, 176,  37,  91;
  71, 179, 156,  19, 178, 157,  41, 149,  46, 249,  23, 236, 156,  86, 202, 190,  39,  87, 124,  93, 147,  88, 175, 112, 140,  17,  63, 244, 136,   6, 139, 117;
  95, 253, 210,  70, 247, 123,  86, 236, 127, 234,  63, 110,  78, 248, 255, 164, 179, 228, 254, 110, 197,  49, 141, 250,  62,  92,   5, 183,  78, 255, 216,  21;
 151, 124,  33, 126,  59, 245,  27, 216,  55,  77, 140, 165, 106, 222,  31,  68, 214, 251, 221, 215, 143,  11, 123, 255, 179,  93,   0, 186,  94, 151,  38, 127;
  53, 117,  91,  79,  82, 203, 103, 121, 116, 192, 105,  96,  81, 247, 168,  48,  62, 124,   2, 106,  65, 176,  56,  15, 117, 140,  37,   0, 105, 162, 102, 177;
 178, 109,  71, 200,  91,  15, 239, 107,  44, 160, 168, 138,  58,  23,   5, 177,  56, 181,  91, 232, 105, 171,  49,  92, 177, 136, 137,  22,  97,  32,   2, 160;
 158, 123, 106, 103, 242, 130, 127, 245,  51, 164,  94, 231, 121, 239, 243, 132,  54, 124, 151, 254, 192, 152, 188, 248, 110, 201,  37, 128, 111, 182, 239, 217;
 205, 251,  51,   2,  77, 221, 167, 248, 230, 244, 164,  12, 238, 208, 122, 180,  57, 192, 234,  99, 231, 107, 190, 247,  63,  81,  71, 127,  83,  15, 111, 254;
   3, 251, 173, 155, 106, 140, 173, 183, 190,  89,  83, 244, 180, 246, 222, 100,  39,  43, 126,  13, 211,  72, 254, 113,  12,  58, 126, 200,  28, 128, 129, 253;
 101, 125, 223,  65, 245, 127, 246, 128, 105, 232, 186,  72,  82, 120, 213, 178, 184, 244, 126, 122, 149, 179, 245,  44,  63, 188,   5,  86, 201, 123, 202,   7;
 105,  60,  23,  97, 241, 127, 101,  55,  97,  10, 110,  24, 155,  49,   1, 182, 129, 158,  68,  40, 121, 184, 113,  14, 207, 255,  20,  68, 194, 224,  70, 170;
 113,  81,  59, 172,  66,  70,  95, 125,  48, 196, 237,  13, 119, 158,  35,  48, 254, 253, 134, 227,  77, 179, 176,  12, 241, 229,  46,   9, 105,  50,  47, 218;
 138, 169, 242,  89, 225, 249, 176,  71, 123,  77, 116,  49, 172, 152, 246,  60, 174,  43, 130,  17, 150,  56, 166, 211,   6,  93,  18, 235, 211, 132, 239, 207;
  95, 177, 224,  99, 187,  28, 106, 153,  39, 161, 143, 224, 221, 127, 216, 230,  54,  87, 253, 219, 139,   0, 223, 161, 174, 253, 143, 212, 174, 135, 137,  48;
  89,  72,  90, 239,  36, 130, 110,  48, 228, 130, 202,  70, 247, 195, 177, 228, 114, 236,  44, 206,  73, 149, 148,  42, 160, 237, 226,   0,  44, 179,  41,  40;
  59, 217, 108, 111, 103, 213, 255, 252,   7, 108, 116, 167, 121,  93, 159,  32,  62, 176, 151, 207, 207,  52, 127, 189, 103,  79, 225, 161, 119, 159,  84, 251;
 131, 114,  98, 139, 106, 176, 184,  64, 172,  87, 211, 183, 140, 142, 250,  74, 110, 185, 223, 199, 134, 149, 231, 226, 148,  48, 154, 130,  20,   7,  55, 213;
 141, 240, 145, 243, 229,  45, 101, 157, 118, 187,  97,  92, 255, 115,  72, 189,  17,  90,  66,  26, 115, 244, 217,  35, 205, 223, 119,  36, 202,  91, 203, 169;
  38,  97, 233,  66, 220,  73, 194, 205, 107, 237, 185,  73, 114, 200, 221,  16, 184, 139,  70,  94,  78,  35, 238,  81,  63,  24,  37, 188,  81,  26,  70, 204;
 226,  32, 176, 242, 237, 221, 248,   5, 187, 127,  49,  25, 172, 158,  84, 123, 196,  63, 255,  17, 178, 127, 226, 224,  23, 249,  90, 251, 210,  12, 199, 207;
 139, 148,  20, 153,  61, 189, 112,  19, 255,  89,   5,  84, 174,  24,  38, 237, 197,   3, 250,  29, 183, 237,  19, 213, 143, 123,  82,  67, 218,  76, 169,  15;
  28, 251,  59, 246,  54, 203,  50, 240, 236, 136, 122, 104, 183, 221,   1,  48, 182, 253,  76,  67, 204, 185,   8,  44, 241, 229,  34, 129,  96,  51,  47,   3;
  38, 249, 168, 131, 207,  77, 188, 204,  10, 121,  80, 175, 140, 188,  78,  10, 206, 219, 179, 209, 210,  90, 219, 224,  61,  16, 222, 239, 133,  30, 183, 219;
 138, 148,  50, 250, 117, 172, 120,  87, 255,  25, 117,  24, 174, 155,  44,  88, 167,  59, 215,  16, 178, 172,  18, 247, 195, 253,  18,  74, 210,   0, 227, 139;
  41,  91,  86,  85,  61, 159,  80,  20, 239, 168, 246,  76, 170,  24, 151, 180, 204, 228, 254,  72, 141, 185, 113, 253, 134, 217,  64,  18,  74, 158,  88,  13;
 235, 104, 231,  86,  77,  92, 196,  96, 249, 130, 240,  24, 170, 152,  21, 191, 136, 244, 240,  75, 236, 111, 230, 235,  19, 122, 208,  59,  71,  61,  94, 174;
 125,  41, 219,  37, 211,  90,  70, 137, 113, 160, 102,   8,  83, 113,   9, 179,  56, 236,  64, 122,  93, 242, 213,   8, 187, 231,  69,  53, 226, 187, 202, 160;
 121,  22,  17, 191,  57, 255,  18, 115,  22, 111, 223, 252, 239,  54, 162, 244, 215,  62, 140,  32, 189, 143, 105, 159, 210, 247,  50, 187, 154, 204, 173, 117;
  71,  60, 224, 100, 233,  60, 236, 150, 233, 194, 170, 141, 141, 174,  87, 159, 167, 231, 217, 183, 149,  75, 150, 234,  62, 121, 206,  40, 207, 117, 107, 156;
 198,  56, 249, 249, 170, 108,  93, 159,  59, 127,  32,  21, 158, 191,  69, 123, 135,  27, 125,  16, 147,  76, 243,  80, 207, 219, 125, 254, 144, 113, 135, 115;
  88, 120,  19, 101,   3,  78, 117,  20,  57, 226,  98,   8, 190,  23,   1, 116,  34, 188,  76,  74,  65, 148, 177,   8, 241, 252,  16,  18,  98, 112, 135,  58;
  54, 169, 224, 190, 237,  65, 158, 200,  31,  87, 209, 171, 233, 236, 127,   8, 219, 219, 183, 227,  78,  99, 206, 249, 184, 119, 207, 191, 149, 127,  54, 215;
 101, 161, 153,  97, 184, 109,  85,  11, 106, 185, 172,  24, 151,  61,  74,  58, 129,  31,  76,  16,  31, 106, 241,   2, 207, 221,  53, 125, 192,  97, 207,  67;
  92,  42, 191, 112, 170, 105,  81, 211, 163, 191, 173,  57,  23, 245,  67,  26, 163, 214, 109,  16,  26,  99, 170,   0, 219, 199, 117, 125, 224, 225, 134,  99;
 208,  96, 191, 118,  42,  72,  85,  60, 160, 214, 167,  56, 247, 119,   9,  27,  35, 213, 109,  42, 104,  71, 163,   8, 209, 227, 116,  24,  96, 240,  39, 123;
 242,  88, 101, 188,  15,  75, 208,  32, 145, 230, 144, 255,  99,  76,  21,  31, 232, 181, 221, 227, 172, 103,  84, 157, 145,  82, 217, 187, 125,  61,  86,  86;
  93,  29,  44, 173, 168,  38,  79, 187,  52, 234, 198, 197, 211, 102,  19, 123,  93, 197, 125, 239, 169, 194, 127,  44, 237, 175, 239, 148, 184, 241,  57, 112;
 134,  58, 155, 154,  96, 169, 177, 210, 190,  95, 113, 245, 188, 198, 239,  25, 143,  43, 198,  23, 163, 101,  10, 113,   4,  18, 122, 170, 216,  81,  11, 217;
  35, 166,  68, 217, 124, 191, 234, 126, 223,  11, 208,  86, 160, 192, 180, 164,  89,  40,  22, 156, 191, 172,  70, 223,  14,  30, 147, 200, 158, 140, 120, 140;
 220,  88, 142, 183,  32,  14, 238, 144, 184, 250, 179, 213, 209, 227,  89,  27, 161, 101, 125, 238, 105, 213, 153,  42, 192, 235, 235, 132,  72, 243,  11,  16;
 119, 237, 226,  68,  92, 146, 206, 253, 195, 224, 188,  10,  98, 232, 247, 118,  88, 236,  55, 237, 205,  43, 228, 207,  58,  44, 133, 184, 103, 190,  82, 100;
 220, 161, 191, 228,  29,  79,  91, 136, 167, 180, 143,  10, 223, 255,  89,  66, 176, 245, 125, 123,  10,  65, 187, 159, 249, 217,   5, 116, 162,  43,   5,  98;
 230,  17, 228,  95, 169,  61, 156, 156, 139, 127, 181, 157, 238, 109,  95,  31, 135, 215, 253,  87, 150,  97, 251, 241,   7, 123,  93, 190, 223, 255, 199,  87;
  67, 122, 231,   4, 106,   6, 189,  21, 171, 202,  18, 229, 252, 142, 213, 254, 167, 117, 125, 141, 193, 197, 166,  66,  36,  62, 127, 130,  76, 182,  35, 125;
 239, 255, 124,  87, 174,  95, 223, 188,  91, 252,  31, 237, 221, 125, 222, 163, 151,  87, 253, 111, 245,  64, 255, 253, 110,  91, 109, 246, 111, 247, 223, 119;
 160, 239, 252,  93, 232, 233, 165, 255, 134, 191, 180, 184, 176, 231, 198,  63,  77, 126, 110,   8, 114, 111, 226,  49, 108,  42, 247, 185, 209, 240, 199, 233;
 142, 243, 184, 161, 172,  25, 188, 213, 239,  55,  16, 253, 143, 136, 222, 139, 135,  91, 239,  83, 214,  97, 222, 240, 174,  81,  13, 255, 204, 221, 143, 149;
 183, 249,  85,  77, 194,  15,  86, 248, 125, 224, 240,  77,  82,  93,   5,  53, 158, 244,  70, 102, 233, 246,  81,  61,  51, 218,  69,  22, 121, 185, 194, 148;
 219, 250, 130,  31,  11,  20, 172, 188, 188,  90,  70, 212, 236, 226, 152, 238,  37,  69, 248, 143, 197,  77, 191,  99, 130, 103,  94, 136,  10,  52, 171,  28;
  15,  43, 230,  23,  53, 157, 190, 196, 254,  76, 246,  69, 239, 232, 191, 174, 206, 107, 222,  79, 198, 240,  78, 233,  38,  95,  62, 131, 204,  62,  91, 141;
 109, 103, 120, 101, 116,  27,  75,  56,  99, 236, 124, 168, 219,  34, 211, 180,  30, 236,  84, 238, 205,  18, 237,  30, 110, 205, 165, 180, 103, 183,  74,  97;
 125,  53, 191, 104, 125, 126, 250, 216, 235,  89, 253,  76,  94, 248,  62, 184, 184, 204, 126, 127, 159, 227, 186, 193, 219, 249,   3,  94, 203, 107, 122, 215;
 255,  84, 214,  29, 203, 122,  52, 184, 233, 242, 103, 188,  91, 118, 143, 255,  55,  85, 248, 226, 237, 212, 255,   8, 150, 251,  77,   6, 174, 119, 203,  20;
  93,  27,  59, 167,  50,  78, 127,  48,  40, 236, 159, 236, 255, 118, 131, 112,  54, 245,  92, 110, 201, 144,  41,  45, 240, 229,  43, 144,  40, 243,   7, 113;
  34, 128, 230, 157,  92, 131, 136, 105,  22, 161,  82,   2,  96, 232,  48,  73,  88,  44,  51, 161, 160, 254,  67, 221,  12,  38, 219, 196, 149,  44, 112, 136;
 126, 114, 228, 170, 207, 111, 214, 200,   3, 191, 189, 143,  74, 125,  79, 154, 221, 213, 247, 243,  28,  99, 219, 176, 211, 247, 201, 255, 247, 127, 222, 211;
  95, 197, 229, 213, 230,  18, 239, 191, 123, 242, 190, 202, 120, 110, 156, 183,  63, 215, 125, 239, 241, 233, 175, 237,  62,  62, 239, 196, 103, 246, 219, 117;
  30, 127, 243,  71, 179, 123,  39, 248, 103, 172, 186, 226,  78, 119, 137, 182,  63, 213, 238, 226, 193, 177,  45, 234,  53, 212,  37, 150, 231, 247,   6, 101;
  95, 253, 179, 166, 179, 252,  63, 199, 171,  65, 138,   8, 188, 254,  97, 244, 179, 111, 125, 209, 151,   9, 184, 243, 185, 252,  15, 106, 138,  87, 163, 126;
 109, 101,   8, 109, 120,  15,  79, 184,  32, 168, 253,  72, 211,  83,  25,  16, 216, 204,  85, 110,  72, 146, 201,  12, 231, 141, 161, 188,  64, 179,  82, 163;
  73, 224, 173,  93, 137, 124, 205, 143, 250, 127, 172,  24, 152, 252, 222, 190, 145, 215, 248, 137, 210,  96, 247,  83, 199,  63,  94,  61, 194,  84, 135, 108;
  48,  49,  57, 101, 192, 111,  81,  91,  32, 169, 234,   8, 151,  55,   9,  56, 144, 148,  84,  40,  25, 178, 113,  12, 193, 207, 112,  20, 224,  96,  70,  34;
 182,   9, 192, 142, 108,  41, 202, 200, 159, 162, 144,  90, 230, 232, 113,  75, 216, 224,  95,  99,  40, 103, 202, 186, 148,  16, 203, 188, 221, 121,  16, 128;
 202, 153, 189, 255, 170, 134, 189, 183, 190, 219,  95,  48, 253, 255, 194, 106, 199, 119, 125, 141, 240, 200, 235, 227, 239, 255, 126, 192, 130, 240, 165, 123;
 109, 249, 182,  94, 217, 212, 131, 228, 234, 221, 173,  12, 216, 246, 102, 247, 193, 114, 234,  82,  19,  75, 250,  32, 107,  81,   7, 123, 202,  55, 239, 246;
  34, 235,  98, 154, 213, 209, 158, 236,  23,  69,  80, 131,  40, 204,  62,   0, 221, 235, 147, 215,  70, 170,  46, 255,  59,   4, 143, 235,  85,  30, 244, 222;
 108,  96, 144,  64, 233, 125,  64, 136, 227,  50, 165,   8,  10, 211,  73, 190, 145, 196, 232, 122,  11,  99, 250,  16, 147, 217,   5,  63, 194, 243,  74,  34;
 146,  78,  94, 190, 178, 162,  30, 103, 181,   6, 208, 179,  45, 239,  34, 209, 230, 187, 135, 131, 124, 159,   2, 255, 178, 231, 250, 139,  53, 213, 175, 203;
 246, 156, 225, 248, 203, 225, 145, 206,  19, 215, 160, 155,   8, 190, 101,  89, 223, 219, 179, 145,  62, 111, 246, 210, 155,  86, 223, 127, 245, 117, 166, 246;
 229, 241, 189, 111, 108,  13, 235, 152, 234,  89,  49,  88, 242,  89,  92,  58, 152,  81, 119, 127, 211, 100, 219, 113,  77, 152, 101, 108,  89,  43, 211, 163;
 246, 224, 166,  50, 203, 225, 148, 205, 147, 183, 161, 187,   2, 220,  79,  26, 137, 243, 233, 145,  46, 103, 202, 178, 155,  86, 221, 127, 193,  93, 150, 198;
 218, 161,  51, 246, 211, 212, 117, 101, 249,   5, 195,  24,  44, 214,  40, 244, 160, 179, 249, 129,  90,  15, 178, 231, 181, 241,  26,  11,  34,   6, 167,  46;
 247,  65,  98, 202, 204,  25, 238,  80, 205,  64, 181, 158, 138, 140, 191, 164, 120, 128,  94, 239, 205,  35, 108, 224,  50,  24, 130, 248, 127, 159, 250, 196;
 184, 221, 116,  77, 162,  27,  94, 253,  53,  34, 254, 162, 107,  31, 180, 116, 126, 215, 149, 234, 232, 188, 101, 255, 242, 255, 100, 134, 119, 178, 228,  61;
 153,  75,  86,  37,  16,  10,  71, 180, 101, 160, 230,  68, 135,   3, 129, 213,  34, 228, 108, 110,  73, 184,  69,  12, 160, 233,  37,  16, 106, 176,  72,  40;
  55,  34, 168,  23, 162,  63,  88, 216,  31, 191,  95, 221,  79, 236, 223, 156, 149, 207, 181,  29, 156, 242, 235, 130, 138, 223,  85, 230, 230, 255,  26, 213;
  59, 235,  74, 170, 114, 129,  94, 244,  37,  64, 220, 207,  59, 203,  50,  80, 126, 233,  21, 239, 207,  27,  12, 189, 242, 205, 171, 236,  63, 151, 122, 216;
   2, 141,  38, 158, 220, 163, 174, 235, 214, 128, 216,   2, 104, 234,  49,  64, 121, 235,  59, 227, 178, 139,  10, 255,  56,  38, 143, 136,  21, 123, 176, 136;
 161, 205, 111, 223,  92, 131, 207, 253, 213,  82, 213,  82, 113, 105, 184,  97,  89, 226,  51, 235, 225, 239,  47, 191, 114,  43, 227, 148,  55, 249, 248, 232;
 252, 112, 181,  52,  41, 109,  81,   8, 227, 254, 161,  61, 206, 221,  75,  27, 129, 213, 237,  98,   8, 103, 219,  16, 211, 241,  81,  63, 194,  53,  70,  83;
 136, 128, 190, 187,  53, 172, 184,  35, 254,  27,  83,  16, 252, 250,  40,  72, 245,  59,  63,   1,  50, 252,   2, 247, 205, 247, 122,  64, 144,   0, 161, 139;
 162,   4, 230, 157,  12,  35, 168, 106,  86,  51, 211,  18,  64,  40,  60,  73,  89,  12,  51, 161, 176, 253,  69, 221,   4,  42, 218, 196,  21,  73, 240, 128;
  18, 128, 134, 189,  28,   2, 168, 105,  22, 144, 210,   2,  97, 232,  48,  73, 120,  45,  63, 161,   8, 249,   3, 141, 136, 226, 219, 132,  53,  40,  48,   8;
  75,  60, 182, 246, 181, 246, 184, 114, 185, 202,  86,  33, 172, 190,  84,  59, 167, 127, 253,  21, 180, 217, 178, 232, 155, 251,  95, 130, 134, 101,  35,  95;
 156,  22, 234, 165,  54,  34, 186,  80,  56, 230,  91, 231, 205, 106, 155,  11,  54,  69, 101, 231, 164, 209, 141,  74, 212,  39, 107, 132, 173, 247,  51, 193;
  11, 222, 156, 191, 107, 245,  28, 246,  30,  78,  88, 229, 188, 254, 163, 201, 199, 123, 183,   7, 231,  88,  66, 191, 198, 247, 126, 139, 154, 125,  41, 223;
  38, 169, 194, 154, 212, 129, 174, 204,  22,   1,  81,   2,  64, 200, 121,   8,  88, 106,  19, 211,  18, 162,  10, 179,  48,   4, 142, 232, 149,  91, 240, 128;
 207, 208, 234,  91, 108, 156, 249, 156, 255,  91,  86, 144, 249, 207, 254, 108,  55,  72,  63, 222, 231, 116, 190, 243,  79, 123, 247, 204, 150, 149, 241, 241;
  93, 113,  26,  36,  50, 142,  63,  48, 172, 200, 254, 236, 255, 215, 139, 208, 182, 117, 236, 102, 201, 177, 145, 110, 240, 229,  43, 128, 104,  35,  41,  49;
  99, 171, 168, 186, 169, 181, 158, 207, 139,  29, 140,  77, 172, 234, 126,  18, 205, 107, 255,  21, 158,  11, 218, 241, 186,  85, 159, 251, 152,  86, 155,  79;
 153, 234, 174, 188,  61, 157, 248, 208, 255,  28, 242,  69, 175, 200, 179, 131, 206,  97, 239,  69, 238, 237,   6, 169, 130,  89,  43, 155,  76,  44,  89,  79;
  22,  79,  78, 190, 162, 162,  62, 230, 188,   6, 218, 231, 109, 238, 163,  89, 127, 251, 135, 199, 124, 219,  12, 237, 240, 231, 254, 129, 165, 245, 175,  27;
 124,  43, 251, 112, 248, 233,  81, 211, 163, 189, 172,  57,  23, 183,  65,  26,  35, 254, 109,  16,  26, 107, 170,  32, 217, 197,  53, 125, 224, 225, 134,  99;
 200, 248, 189, 115, 137, 125,  53, 158, 123, 191,  36,  24, 158,  55,  74,  59, 129,  87, 112,  24,  50,  92, 187, 113, 207, 219,  85, 119, 192,  80, 135, 107;
  13, 242, 148, 227,  45,  29,  98, 152, 103,  57,  61,  68, 255,  81, 202, 166,  25,  72, 238,  90, 203, 240, 219, 177, 142, 217,  37,  52, 122, 159,  74, 165;
 237, 215,  53,  70, 237,  95,  71, 184, 113, 236, 183, 108,  91, 113, 159, 183, 152, 196, 228, 106, 233, 242, 121,  14, 251, 251, 101,  53, 106, 191,  78, 101;
 166, 173,  32, 154, 221, 209, 150, 238, 159,  85, 220, 139,  32, 204, 126,   1, 217, 107, 131, 213, 118,  42, 110, 191,  63,  20, 141, 127,  87,  12, 246, 222;
  79,  45, 147,  19, 169, 252, 188, 199, 169, 210,  40,   1, 156, 186,  85, 191, 163, 111, 121,  29,  85,  73, 146, 224, 141,  88,  95, 107, 202, 116, 139, 158;
 164, 161,  24, 154, 237, 249, 148, 207, 222,  63, 189,  24, 134, 208, 106,  45, 201,  26, 194,  19,  86, 102,  74, 145,  21,  16,  91, 127,  80,  90, 223, 167;
 139, 213, 107,  67, 182,  19, 175, 253,  84, 122,  23, 246, 241,  93, 190,  33,  62,  24,  23, 239, 225,  53,  45,  95, 114,   9, 239, 228, 117, 154, 177, 249;
 119, 124, 238, 231, 173, 126, 222, 176, 235, 250, 191, 191,  75, 125, 215,  63, 175, 229, 125, 239, 236, 229, 235, 226, 187,  95, 239, 150, 135, 247, 210,  87;
  83, 161, 169,  33, 169, 124,  77,  15, 123, 127, 141,  24, 218,  60,  94,  62, 145, 159, 252, 153, 159, 104, 239,  83, 221, 255, 221, 125, 192,  64, 214, 100;
 100, 119,  89, 103, 124,  79,  71,  56,  33, 172, 253, 108, 211,  83, 137,  20,  88,  76,  68, 106,  73, 178, 233,  28, 100, 157, 161, 180, 106, 187,  82, 161;
  91, 150, 113,  63, 178, 251,  56,  51,  63, 111, 223, 253, 239, 118, 142, 244, 215,  63, 222,   4, 191, 152, 101, 159, 174, 255,  48, 210, 190, 206, 133, 117;
  57,  88,  59, 172,  73, 199,  87, 113, 160, 196, 237,   9,  63, 151,  34, 112, 200, 189,  21, 227,  72, 171,  50,  12, 241, 225, 104,  40, 112,  34,  38, 242;
 216, 204,  85, 245, 166,  10, 108, 183,  49, 178, 146, 210, 159,   7, 145, 115, 103, 213,  61, 234, 105, 220, 145, 142, 254, 234, 231, 196,  46, 240, 160,  33;
 240, 251, 120, 122,  60, 205,  83, 252, 130,  60, 172,   9,  51, 213,  74,  16, 200, 250,  77,  72,  74,  43, 234,  55, 251, 141,  36, 121,  80, 139,  70, 106;
  72, 166, 156, 237, 184,  62, 121,  55,  41,  15, 254, 185, 143,  47,   2,  82, 135, 151, 237, 132,  56, 200, 193, 198, 207, 247,  58, 201, 226, 196, 167,  75;
  62, 251, 228, 173, 111,  67, 158, 232,  11,  84, 208, 171,  47, 253, 115,   0, 222, 217, 183, 193,  74,  74, 206, 185, 159, 241, 207, 255,  55,  47,  22, 219;
 138, 169, 243,  27, 101, 248, 185,  71, 127,  93, 113, 177, 172, 140, 118,  12, 171,  59, 131, 145,  22, 184,  34, 209,  15,  20,  26, 235, 215,   4, 231, 207;
 168, 130,  50, 250, 113, 188, 120,   0, 253,  29, 117,  16, 174, 219,  44,  29, 199,  27,  71,  24,  50,  52,  34, 245, 199, 249,  18,  75, 210, 137, 199, 131;
 119, 181, 236, 228, 173, 125, 222, 152, 171, 255, 191, 141, 207, 125,  95,  59, 183, 213, 253, 247, 158,  97, 251, 208, 187, 123, 237, 182, 199, 247, 215,  87;
  41, 243, 120, 107,  61, 157,  86,  53, 239,  45, 191,  76, 171, 136, 158, 180, 140, 162, 206,  76, 222,  41, 241, 181, 230, 221,  32, 123,  74, 142, 202,  77;
 249,  75, 110, 190, 196,   6, 239, 253, 212, 198, 243,   7, 115, 233,  51,  97, 120, 228,  63, 239, 236, 183,  30, 175, 241, 235, 231,   8,  61, 186, 240, 200;
 176,  71, 127, 101,  34,  75, 111, 120, 116, 164, 246, 226,  83,   7, 129,  49,  62, 148,  76, 234, 233, 180,  37,  12, 240, 171,  97, 128, 101, 178, 100,  41;
 197, 110, 158, 155, 172,  43, 174,  72, 156, 178, 211,  86, 212, 194, 233, 203, 235, 196, 110,  51, 113, 103, 203, 224, 156,   2, 239, 252, 156, 121, 185, 129;
 136,  98, 110,  53, 111, 216, 249, 108, 232, 214, 117, 187,  41, 204, 215, 143,  42,  44, 226, 175, 228, 247, 166, 133,  86, 105, 114, 169, 103, 149,  95, 236;
 143, 233, 148, 177, 169, 157, 188, 199, 191, 243,  16, 221, 158, 158,  85, 143, 167,  11, 251,  87,  87, 101, 154, 208, 172, 209,  29, 118, 202, 116, 139, 148;
 126, 123, 168, 232, 205,  87, 215, 216,   3, 172, 188,  47,  74,  61,  79,  26, 220, 213, 247, 243, 136,  35, 201, 160, 251, 213, 173, 191, 243, 127, 126,  83;
 101, 125, 218,  36, 244, 251, 214, 230, 105, 232, 250,  40,  86, 248, 213,  48, 186, 230, 126, 113, 221, 179, 212,  74, 188, 188,  37,  18, 201, 123,  74,   7;
  72, 113, 147,  71,  19,  76, 117,  21, 105,  72, 238,   8, 190,  23,   9, 254,  34, 246,  76,  74,  65, 144, 241,  41, 231, 249,  16,   2,  74, 210, 135,  59;
 121, 117, 104,  78, 121,  95,  94, 120,  67, 232, 173, 173, 123,  93, 159, 181,  24, 192, 213, 238, 205,   2, 252,  29, 114,  73, 161, 189, 127, 167,  90, 214;
  93,  95,  30,  78,  56, 190, 119,  48, 237, 140, 255,  76,  94, 113,   3,  54,  52, 116, 108, 106, 196, 161, 171, 108, 243, 253,  33,   8, 106, 179, 106,   1;
  41,  31, 113, 119,  96,  46, 109,  51, 113, 106, 115,  76, 243,  35,  16,  17,  29, 174,   4,  14, 185, 184,  81,  31, 197, 255, 112,   0, 106, 224, 194, 169;
 139, 241, 191, 219, 106, 253, 169, 157, 254,  89,  85, 244, 252, 214, 248, 237,  23,  58,  63,  15, 195,  88,  62, 113,  76,  59, 123, 204,  28, 194, 129, 249;
  54, 188,  99,  32, 116,  75, 194, 232,  83, 224, 185, 239,  67, 216,  92, 144, 217, 200,  85, 115, 239,  51, 216,  62,  58, 204, 133, 126, 109,  43,  82, 146;
 163,  88,  85,  93,  74, 207, 229, 230, 189, 226, 226,  72,  30,  28,   5,  59, 170, 245, 114,  78,  97, 255, 112, 124,  53,  26,  69,  18,  73,  56,  67, 252;
 120, 104,  29, 112,   9, 201,  81, 134, 162,  52, 166,   8, 183, 147,  65,  26, 128, 182, 108,  24,  74, 105, 210,  17, 193, 225,  81,  57,  64,  16,   6,  42;
  40,  49, 153, 101, 112,  79,  65,  21,  96, 169,  98,   8,  87,  19,   9,  48, 144,  52,  68,  56,  25, 178,  81,   8, 197, 173,  33,  16, 232,  32,  66, 162;
 134, 189,   4, 147, 203, 165, 190, 192, 172,  22, 203, 151, 204, 202, 123,  74, 237, 203, 251, 215, 118,  21, 223, 242, 181,  16, 142,  75, 157,  87, 185, 210;
  80, 221,  63, 238, 180, 206,  87, 183, 236,  72, 110,  64, 247, 119,  32, 114, 244, 118, 124, 106, 249, 153,  49,  47, 243, 239, 100,   0,  32, 242, 229,  59;
 168, 128, 126, 251, 117, 252, 240,  18, 255,  31, 119,  16, 174, 153,  60, 125, 143,  43,  23,  24, 178, 188,  34, 245,   7, 251,  16,  67, 210, 137, 193, 135;
 163, 227, 196, 155, 172, 153, 204,  77,  79,  52, 157, 207, 163,  72, 222, 140, 216, 168, 238, 221, 222,  98,  79, 145, 166,  88, 207, 253,  31, 158, 216, 132;
 185, 203,  74, 170, 118, 131,  79, 240,  53,  64, 252, 199,  59,  67, 179,  16, 126, 232,  23, 238, 204, 146,  76,  63, 242, 205, 161, 128,  63, 191, 122, 216;
  13,  54, 187, 186, 178, 189, 185,  90, 190,  79,  85, 245, 189, 199, 235, 108,  55,  43, 222,  29, 183, 133,  46, 211, 196,  87,  59, 168, 222, 197,  47, 245;
  59, 235,  96,  14,  31, 149, 222, 236,  71,   4, 252, 143,  43, 200, 183, 132, 248, 233, 198, 199, 206,  43, 110, 189,  50,  93, 140,  59, 119,  31, 122, 206;
  55,  98, 232,  55, 130,  62,  91, 216,  51, 165,  79, 141,  71, 236,  91,  24, 181, 205,  53,  31, 158, 208, 251,   0, 203, 207,  85,  36, 229, 255, 218, 192;
 109,   9, 173, 237, 141,  14,  79, 185,  55, 242, 199,  12, 219,  55,  17, 127,  92, 228, 121, 238, 249,  90, 251,  40, 255, 251, 199,  20, 138, 241,  80,  48;
 237, 245,  25,  97, 252,  15, 230, 188, 106, 184,  48,  72, 214,  89,  93, 179, 149,  85, 124, 122, 225, 117, 217,  94, 109, 152,  37, 116,  73,  59,  67,  35;
   6, 205,   2, 154, 220, 129, 174, 228, 134,   1,  88,   2,  40, 202,  57,  64,  88, 107,  19, 211,  82, 138,  10, 247,  40,   4, 142, 200, 149,  91, 176, 136;
   9, 249, 219, 168, 209, 220, 126, 247,  43,  65, 104,  77,  60, 159,  34, 176, 182, 235, 147,  84, 215, 154, 144, 125, 127, 205,   4, 104, 170,  22, 170, 219;
 162,  64, 134, 143,  12,   3, 168,  72,  22, 177, 211,  18, 224, 138,  48,  72, 104,  44,  59, 129,   0, 252,  75, 221,   4,  34, 218, 128,  21,  15, 112, 128;
 238, 100,  54, 242,  45, 249, 114, 132, 233,  31, 183,  57, 206, 221,  76,  91, 163,  83, 237,  67,  50, 101, 170, 227, 151, 217,  82, 251, 194,  87, 199,  67;
  96, 189,  52,  69, 165, 127,  81,  55, 105, 171,  62,  24, 170,  57,   4,  54, 128,  54, 108,   8,  28, 184, 241,  14, 199, 216,  16,  19, 202,  64,  70,  47;
 186, 205, 119, 109, 178,  19,  94, 247, 117,  34, 254, 210, 107,  47, 180, 117, 127, 183, 149, 174, 248, 191,  37, 223, 242, 255, 228, 144, 119, 240, 224,  25;
  22, 116, 235,   5, 211,  90, 191, 224,  58, 228,  78, 175,  73, 238, 247,   4,  63, 253, 243, 245, 197, 217, 188, 202,  62,   7, 143,  39, 165,  54,  47, 222;
  69, 113,   3,  32, 112,  75,  99, 152,  50, 224,   6, 236,  87, 210, 195,  53,  51, 236, 120, 126,  73, 210, 189,  28, 188, 132,  37,  36,  40, 179,   2, 121;
 220,  96, 191, 244,  42,  72,  85,  59, 160, 182, 131,  56, 215, 183,  65,  91,  39, 213, 109, 130, 105,  71, 227,   3, 209, 227, 117,  28,  32, 241, 166, 114;
  61,  80, 107, 110,  71,  87,  82, 120,  69,  64, 245, 138, 115,  93,  63, 176,  92, 248, 151, 227, 141, 163,  60,  28,  83, 233, 161,   9, 127, 187, 124, 210;
 127,  33, 241,  76, 233,  93, 222,  73,  73,  97, 253,   8,  74, 252, 221, 180, 220, 156, 214, 104, 157,  50, 241, 192,  51, 221,   0,  62, 203, 254, 202, 244;
  93,  45, 149, 101, 185,  11,  70, 162, 234, 168,  42,   8, 214, 179, 193, 150,   0, 102, 108, 106,  73, 249, 193,  46, 172, 230,  37,  52,  66, 113,  74,  40;
 134,  32,  38, 155, 224, 168, 184,   0, 174,  81,  91, 149, 204, 206,  24,  73, 230,  59, 251, 151, 146, 212, 207, 225,   4,  48, 218, 192, 132,  71, 177, 209;
  53,  52, 154, 161, 148, 175,  67,  18, 126, 105, 107,  84, 214,  57,  26,  32, 149,  15,  30,  29, 159, 184,  81,  22, 201, 142,  48,  64, 200,  73,   8,  19;
 110,  97, 232,  64, 235, 217, 248, 204, 235, 245, 173, 169,   9, 204, 223, 190,  43, 209, 219, 213, 150,  99, 254, 208,  95,  89, 133, 255, 231, 183, 206, 246;
 162, 189,  48, 218, 223, 245, 158, 239, 158,  85,  72,  31, 172, 220, 110,   1, 205,  27, 147, 145, 114, 106, 122, 247,  47,  20, 159, 107, 149,  12, 149, 222;
  11, 122, 227,  69, 114, 118, 185,  86,  42, 233,  94, 228,  60, 191, 209, 174, 174, 125, 247, 221, 129, 216, 181,  72,  76,  77, 186, 130, 207, 213,  39, 249;
 163,  41, 228,  29, 252, 155, 232,  39,  79, 229, 246, 139, 171,  44, 150,  54, 234, 174, 255,  29, 220, 250, 229, 221,  30, 120, 148, 177,  71, 140, 222, 220;
 252, 108,  55, 244,  29, 221,  67, 168, 163, 188, 166,   8,  78, 215,  65, 247, 177, 244, 253, 122, 104,  71, 186, 220, 187, 217,   1, 127,  34,  55,  70,  98;
 101, 121,  63, 120, 221, 238, 243, 216, 234,  88, 237,  12, 222, 217,  31,  57, 216, 109, 122, 127, 151,  99, 250,  52, 219, 249,   3,  92, 200,  51,  99, 242;
 209,  36, 173, 117,   9, 110,  65,  30, 112, 255, 166,  24, 179,  51,   3, 123,   1,  38, 104,   8,  41, 220, 241,  10, 197, 163, 112,  16, 224, 112,  70, 106;
 163, 220, 102, 201, 119, 147, 180, 231, 221,   2, 126, 226,  40, 152, 164, 164, 123, 168, 146, 168, 228, 190,  36, 223,  62,  30, 150,  67, 119, 156, 240, 172;
 130, 163,  34, 152, 215, 149, 176, 103, 190,  77,  80,  19,  44, 140,  54,   0, 169,  43, 131,   5, 150, 188,   2, 215,  31,  20,  26, 203,  81,  12, 191, 207;
 116, 113, 185, 102, 141,  77,  71, 136, 226, 188, 173,   8, 215, 213,  73,  50, 136, 212, 108,  90,  74,  35, 251,   0, 243, 217,   5,  61,  64,  59,  70,  98;
   3, 250,  38, 158,  93, 149, 186, 232, 142,  92, 128, 199, 236, 206, 123, 194, 204, 105, 187, 199, 199,   3, 158, 245,   8,  16, 139, 187,  28,   7,  57,  94;
   2, 174, 181, 187, 187, 225, 153, 207, 158,  23, 200, 177, 172, 255,  46,  67, 199,  27, 251, 129,  50,  73, 195, 247, 141,  54, 154, 123, 144,  68, 167, 234;
 181,  76, 111, 223, 204,  35, 237, 251, 212, 114, 246,  82, 113, 105, 185, 107, 105, 230, 123, 170, 233, 231, 111, 189, 118,  42, 247,  16,  53, 248, 240, 160;
 215, 255,  82,  70, 247, 251, 182, 228, 125, 226, 254, 234,  72, 252, 247, 180,  63, 253, 214, 226, 229, 179, 172, 238,  58,  28,   5, 175, 231, 247, 107,   5;
  18, 141,   6, 158, 156, 131, 142, 239, 150, 128, 218,   2, 104, 234,  48,  64, 121, 235,  63, 225, 122, 139,  10, 255, 184,  38, 143, 200,  21, 122, 176, 136;
 216, 188, 188, 116, 185, 236,  85, 183, 251, 251, 166,  24, 159, 191,  66,  59, 129, 215, 253,  16,  58, 111, 243,  34, 251, 251,  84, 121, 226,  80, 199, 123;
  30, 249, 236, 121, 223, 215, 182, 223, 158, 113, 212,  23,  60, 252, 118,  42, 239, 251, 251, 209, 246, 107,  63, 241, 127,  75,  95, 239, 255, 117, 181, 251;
  86, 249, 150,  52,  91, 208,  48, 200, 171, 244,   0, 173, 108, 198,  79, 150, 163,  95, 232,  81,   7,  67, 154, 225, 152,  16,  79,  47, 136,  52,  47,  94;
  38, 237, 130, 154, 220, 129, 142, 236,   6,   0,  88,   2,  32, 232, 121,   0,  88, 106,  19, 211,  82,  42,  10, 185,  56,   4, 143, 232, 213, 123, 240, 136;
 234, 188, 185, 240, 185, 233,  25, 135, 155, 127, 148,  57, 156, 191,  64,  25, 135,  51, 253,  17,  50,  79, 226, 242, 201, 215,  63, 255, 146,  68, 135, 123;
  83,  47, 234,   5, 114,  18, 239, 118, 121, 238,  94, 231, 105,  46, 215, 116,  62, 237, 183, 239, 196, 152, 165, 202,  62, 109, 175, 128, 167, 246,  59, 205;
 120, 125, 159, 231, 145, 238, 118, 214,  52, 225, 234,   8, 247, 183,   1,  80, 209, 254,  89,  90,  41, 219, 217,  42, 255, 231,   6,   1, 234, 115,  74,  58;
 222, 122, 167,  84,  41, 116,  77, 146, 179, 190, 146, 245, 138, 173,  85, 143, 133, 244, 253, 197, 168,  69, 227, 224, 147, 114, 221, 150, 166, 245,  54, 119;
  46, 128, 126,  90, 117, 244, 113, 236, 249,  81, 229,  24,  26, 219,  46,  61, 201, 130, 211,  24,  58, 231,  58, 247,  91, 255,  80,  75, 202,   5, 110, 230;
 164,  64, 119, 122, 229, 253, 120, 192, 255,  21, 113,  16, 142, 203,  61,  25, 233,  25,  66,  88,  18, 228,  26, 241,  71, 217,  82,  75, 210, 153, 102, 130;
 243,  77,  86, 255, 118,  42, 238, 231,  57,  50, 242, 202, 123,  42,  53, 211, 238, 247, 127, 235, 233, 255,  65, 237, 180, 186, 222,  16, 109, 248, 195, 168;
 143, 236, 238, 121,  45, 190, 123, 154, 255,  91,  86,  16, 185, 223, 255, 104, 183, 105,  63, 159, 166, 180, 190, 211,  79, 255, 179, 204, 150, 213, 113, 249;
 126, 127, 250, 228, 248,  31, 223, 246,   3, 236, 188, 173,  26, 189, 199,  18, 206, 253, 213,  87, 200,  59, 225, 168, 250, 221, 173, 179,  79, 254,  30,  91;
   5, 106, 156, 179, 238,  43, 174, 200, 204, 178, 147,  82, 213, 226, 193,  75, 111,  68, 110, 126,   4, 245, 207, 224, 220, 135, 239,  52, 132, 251, 153, 128;
  15,  50, 179, 152, 176, 191,  57,  90,  63, 205,  85, 245, 157, 247, 243, 108,  55,  41, 159,  28, 151, 193,  38, 210, 218,  95,  59, 238, 158, 229,  37, 245;
  48, 254,  56, 122,  60, 205,  83, 252, 163,  60, 164,   8,  55, 215,   9,  17,   8, 210,  77,  66, 106,  47, 122,  61, 243, 201,  49,  57, 112, 155,  70, 107;
 131, 168, 147,  18, 139, 205, 188,  71, 191, 251,   2,  24, 172, 158,  68, 174, 167,  59, 122,  17, 103,  77, 186, 242, 153,  16,  95,  58,  64,  84, 131, 143;
  65,   0, 237, 221, 140,  34, 237,  63, 206, 163, 218,  66, 209, 105, 189, 106,  89, 198, 123, 137, 152, 233, 231, 195, 213,  46, 223,  20, 181, 250, 112, 104;
 208, 157, 123, 236,  50,  78,  87,  55, 240,   2, 238,  34, 119, 247,  32, 115,  54, 246, 124, 106, 105, 137, 177,  15, 243, 233, 100,   8,  32, 240,  36,  59;
  38, 252,  33, 155, 223, 229, 182, 239,  30, 119,  24,  59, 236, 252, 108,   1, 221,  27, 147, 145, 114, 110, 122, 247,  45,  22, 159, 127, 149,  76, 151, 222;
  38, 181,  33,  72, 213, 245, 147, 251,  23, 109, 124,  15,   0, 253, 126,  36, 221, 154, 147, 177, 155,  42, 122, 215, 127,  28, 141, 238, 215,  78, 214, 246;
  89, 125,  27, 172,  50, 214,  27, 112, 164, 200, 255, 228, 255, 215, 163, 244, 182, 181, 221, 238, 201, 129, 161,  14, 242, 229,  42, 136,  42, 167,  41,  91;
  45, 127,  81,  79, 116, 155, 198, 112,  93, 232, 124, 236,  83,   1, 149, 180,  94, 236, 134, 106, 233, 176, 109,  62,  38,  30,  33, 128, 127, 187,  90, 181;
  50, 141,  38, 158,  28, 131, 170, 105, 214,   0, 219,   2,  96, 232,  48,  65, 120, 234,  63, 161, 184, 171,  11, 223, 184,  38, 139, 200,  21,  42,  48, 136;
 184,  72,  55, 238,  41, 194,  83, 112, 165, 140, 247,  40,  95, 215,  32, 244,  88, 244, 221, 234,  72, 135,  96, 140, 211, 241,  64, 147,  34, 167,  38,  99;
  75, 205, 145, 245, 164, 174, 108, 183,  57, 170, 186,  80, 191,  35, 129, 255, 135, 247, 125, 136, 105,  92, 193, 234, 164, 254, 254, 128,  10, 240, 195,  41;
 164, 243, 153, 219, 236, 205, 180, 205, 222,  63,  33, 125, 132, 208, 104,   9, 201,  27,  66,  18, 114, 103,  90,  51, 173, 144,  23, 127, 152,  88, 133, 131;
 242, 142,  69, 154, 217, 209,  89, 143, 191,  85, 165, 153, 104,  70,  14,  87,  69, 147, 237, 148,  62,  79, 107, 247, 187, 114, 156, 219, 146,   4, 166,  94;
 183, 231,  68, 139, 172, 185, 206, 205,  79,  54, 153, 223, 203,  72, 222, 128, 203, 138, 238,  87, 222,  32,  79, 179, 190,  80, 143, 245,  85, 222, 216, 132;
 169, 249,  91, 184, 215, 220, 126, 247, 123,  65, 104,  71,  60, 159,  48, 176, 176, 234,  19,  92,  87, 154,  16, 127, 127,  13, 132,  72,  43,   0, 250, 218;
 120, 167, 104, 104, 180, 221,  91, 253, 103, 109, 253, 141, 155, 141, 158,  48,  92, 142, 196, 124, 222,  58, 236,  31, 251, 221,  32, 253, 119, 142, 222,  80;
 153, 106,  46, 188,  44, 157, 216,  89, 238,  28, 212,  13, 175, 200,  51,  11, 204,  33, 111,  69, 206, 101, 198, 149, 194, 217, 106,  57,  80, 140, 123,  75;
 162, 176,  50, 217,  87, 253, 176,  70, 175,  89, 113,  55, 172, 156, 102, 168, 239,  25, 147, 145, 151, 190, 210, 211,  15,  28,  26, 235, 221,  13, 127, 223;
  33,  33,  89,  69, 112,  15,  97,  25,  96, 168, 107,  72, 215,  83, 136,  48,  16,  60,  68,  56,  17, 176,  81,   8, 101, 168,  33,  16,  72, 162, 194, 160;
 114, 175, 168, 170, 188, 173,  95, 207, 139,  77, 152, 237, 167, 238, 122,  16, 221, 235, 205,  21, 158,  11, 202, 179, 250,  85, 175, 251, 148,  70, 159,  91;
 197, 182, 189,  99, 164, 110, 117, 157, 122, 251,  55, 120, 222, 117, 216,  59, 147,  86, 124,  58, 179,  84, 169,  66,  79, 155, 117, 228, 192, 194, 199,  97;
  53,  29, 107,  69, 114,  14, 111,  48, 113, 192, 126, 224, 115, 103, 145,  52,  54, 236,  21, 238, 233, 146,  53, 110, 102, 172, 161, 128,  39, 179,  98, 225;
 108, 249,  16,  98, 137, 205,  82, 148, 163, 188, 165,   8, 134,  17,  65, 150, 129,  84, 232,  90,  74,  96, 218,  32, 239, 209,   5, 127,  66,  19,  78,   2;
  61, 230, 104,  65, 188,  91,  71, 152,  87, 102, 189,  12, 195,  65, 218,  36,  89, 204, 204, 126,  78,  48, 237,  51, 238, 221, 133, 117, 114, 187, 220, 100;
 109, 111,  24,  96, 244,  15, 239, 188, 120, 172,  62,   8, 223,  65, 211, 145, 155,  76,  68, 122,  97, 112, 137,  30, 252, 223, 101,  52,  66, 187,  90,  33;
  74, 167, 232, 105, 248, 172, 121,  87,  43,  61, 127, 153, 143,  47,  10,  90, 167, 151, 239, 148,  26, 218, 193, 199, 223, 247, 176, 193, 194, 196, 166,  75;
  88, 181, 157, 103, 176,  78,  87, 185, 112, 232, 111,   8, 215, 119,   8, 112, 144, 214, 108, 106, 121, 216, 249,  14, 225, 239, 101,   4,  96, 226, 135,  50;
 106, 241, 104, 236, 126, 201, 218, 253,   3, 228, 188, 171,  57, 221,  82,  16,  94, 157, 255, 241,  74,  43, 223, 157, 127, 197, 173, 253, 119, 142,  22, 218;
 165, 160, 177,  65,  69, 223, 225, 194, 127,  99,  98,  24, 146, 148,  76, 188, 153,  28,  66,  72,  19, 244, 240,  18,   7, 156,  17, 118,  66,  41,  70, 166;
  75, 151, 119,  88, 177, 218,  57,  63, 189,  93, 127, 245, 207, 254, 174, 245, 215,  23, 223,  52, 189, 137,  37, 213, 170, 126, 114, 214, 158, 132, 133, 125;
  23,  39, 226, 131, 246, 179, 190, 203,  30, 135,  89, 183,  76, 232, 127,   8, 127,  75, 147, 151, 150, 146,  12, 226,  44,   4, 159, 231, 133,  95, 189, 199;
 118, 138, 130, 178,  73,   4, 154, 224,  13,  21, 129, 143,  76, 110, 111,  91, 253, 217, 203, 215,   8,  67,  24, 224, 153,  18, 206, 127, 145,  55,  38, 210;
 116,  39, 249, 112, 248, 236,  81, 159, 162, 189, 172, 185,  23, 231,  73,  26,   7, 223, 109,  24,  26,  75, 226,   2, 217, 197,  53, 120, 224, 193, 134,  99;
  73, 177, 145,  79,  33,  94, 118, 184, 105,  73, 239,  72, 254, 115,   8, 182, 144, 212,  88, 106,  65, 144, 249,  65, 167, 249,   0,   6,  74, 114, 194,  50;
 185, 205,  74, 175,  84, 131,  79, 240,  21,  64, 252, 199, 115,  75, 179,  17, 126, 232,  23, 238, 237, 146,  76, 191, 114, 201, 160, 128,  63, 191, 122, 152;
 232, 180, 188, 116, 233, 108,  85,  31, 243, 187, 166,  24, 158, 183,  72,  59, 129, 214, 253,  24,  59, 111, 242,   0, 223, 251, 116, 127, 226,  64, 198,  59;
 109, 253, 113, 103, 253,  95,  87, 184, 113, 228, 127, 172, 219, 124, 159, 181,  30, 204, 228, 110, 205, 242, 253,  44, 110, 219, 101,  55, 111, 191,  94, 117;
  39, 247,  97,  65, 114,  31, 107, 248, 115, 236,  61,  76,  81,  86, 159,  52,  29,  76,  86, 238, 195, 146, 125,  31, 109,  12,  37, 164, 107, 183,  66, 245;
  87,  95, 202, 174, 146,  18,  62, 240, 180, 194, 219, 231, 109, 234, 187, 193, 126, 237,  31, 231, 237, 131,  12, 236, 240, 103, 239, 128, 173, 247, 169,  21;
  44, 243, 121, 234, 126, 133, 219, 248,   3, 104, 125, 235,  83, 221, 221,  48, 222, 153,  23,  99, 202,  34, 106, 189, 107, 201, 161, 252, 117, 171,  86, 243;
  89, 127, 123, 100, 242, 218, 182, 119, 120, 232, 126, 104, 126, 248, 161, 180,  62, 127, 198, 113, 197, 187, 164,  76, 125,  45,  39,   1,  67, 178, 239, 173;
 153, 212, 110, 119,  38,  83, 191, 253,  84, 114,  87, 182,  89,  93, 186,  33,  63, 220, 151, 239, 233, 244,  61, 191, 118,  75, 253, 164, 119, 189, 212, 241;
  86, 249, 253, 230, 172,  14, 254, 152, 171, 248, 187, 109, 222, 255, 221,  50, 183, 213, 125, 119, 140,  97, 137, 192, 187, 252, 239, 182, 204, 183,  83,  87;
  67, 251,  32, 154,  61, 149, 154, 172, 142,  92, 144,  39, 236, 222, 126,  96, 204,  97, 255, 215, 199,   9, 250, 245, 172,  16, 143, 250,  28,  30,  25,  95;
 224,  78, 108, 101,  32,  42, 111,  48,  48,  38, 247, 205, 243,  39, 147,  91,  62, 228, 109, 238, 232, 148,  69,  42, 198, 235,  96, 128, 109, 243,  66,  48;
 117, 109,  57, 102, 220,  79,  71, 184,  96, 160, 172,   8,  83, 117,  65,  48, 152, 212,  76, 106,  73,  35, 248,  46, 241, 205,  37,  60,  96, 123,  70,  34;
 136,   8, 183,  84,  65, 221, 161, 118, 248, 206, 102,   8, 189, 183,  33, 191,  32, 119, 243,  72,  97, 255,  50, 234,  87, 251,  82,   1,  66, 117,   7, 250;
 162, 171, 102, 157, 124, 217, 248,  35, 207, 125, 242, 187, 171, 140, 150,  34, 234, 175, 255,   5, 150, 254, 230, 213,  14, 121, 186, 241,  71, 140,  86, 204;
 202, 143, 172, 191, 187, 161, 159, 175, 158,  23, 204, 145, 172, 231,  42,  73, 199, 115, 235, 193,  50,  73,  75, 247, 237, 183, 222, 219, 144,  69, 173, 106;
  91, 191,  99, 163, 242, 146, 126,  83,  59, 225, 121, 237, 191, 143, 208, 176, 190, 191, 213, 148, 223, 218, 236, 205, 190, 253, 175, 224,  47, 134, 167, 121;
 143, 181, 255, 219, 234, 189, 189, 157, 254,  91,  87, 244, 252, 214, 188, 235,  23, 122, 127, 143, 243, 212, 175, 115,  70,  43, 127, 140,  30, 209, 153, 241;
 116,  43, 171,  37, 204,  12, 127, 208, 162, 244,  72,   9,  81, 237,  83,  18, 184, 108,  97, 223,  12,  82, 186,  32, 207, 237, 165,  45, 225, 243, 118, 194;
 213,  95, 122, 110, 201,  14, 119,  48, 249, 140, 231,  77,  82, 233,  31,  19, 180, 100, 108, 110, 228,  99, 184,  46, 115, 249,  65,   8,  64,  51,  66,  67;
 236, 111,  22,  85,  49, 139,  70,  32, 253, 168,  34,  72, 198, 193, 129, 149,  16, 100, 108, 106, 104, 249, 201,  44, 160, 176,  37,  17,  66, 177,  74,  32;
  41,  17, 149, 101, 224,  14, 101,  55,  96,  73, 107,  68, 215, 115,   8, 242, 132,  46,  34,  12, 145, 184,  81,  13, 101, 255, 112,   0, 202, 162, 194, 177;
 217, 235, 156,  61, 138,  88,   5,  13, 230, 148, 166, 160, 183, 130, 130, 219,  34, 100, 232, 206,  71,  77, 231,   1, 194, 225, 118,  25,  32, 176, 175,  72;
 198,  36,  34, 155, 168,  40, 190, 136, 173,  83, 219, 151, 205, 238, 121,  75, 255,  91, 255, 183, 178,  68, 202, 242, 140, 208, 207, 204, 148, 119, 177,  81;
 130, 177,  34, 152, 117, 233, 184,  71, 158,  93,  80, 179, 172, 156,  54,   8, 168,  59, 147,  17,  22,  56,  18, 213,  13,  16, 154, 235, 148,  12, 181, 222;
  71,  94,  65,   7, 114,  26,  46, 176,  61, 232,  95, 228, 237,   2, 131, 212,  54, 109, 236, 110, 229, 144, 109, 111,  36,  38,  43, 130,  46, 183,  11,  21;
 253, 121,  59, 248,  61, 206,  83, 204, 254, 200, 224,   8, 222, 221,  33,  56, 208, 117, 124, 115,   1,  35, 186,  62, 249, 249,  39,  94, 200,  51,  35,  99;
 222, 236, 214,  86, 139,  56,  54, 172, 251, 146, 163,  56, 110, 242,  77, 223, 163, 215, 232,  98, 100,  71, 139,  99, 187, 242,  69,  31, 227, 119, 175,   7;
 202, 219, 183, 253, 161, 204, 125, 183, 187, 203, 118, 125, 191, 183,  33, 118, 134, 127, 181,   8, 193, 216, 178, 235, 239, 250, 124, 130, 130, 244, 135, 123;
  80, 157,  30, 234, 154, 230,  23, 187, 164,   5, 206,   3, 127, 119,  32,  81, 230, 179, 125, 226, 122, 137,  27, 125, 251, 227,  10,  83,  48,   2, 165,  75;
 179, 204,  86,  93,  86, 163, 164, 231,  92,   2, 234, 146,  96,  40,  52,  64, 123,  43,   2, 129, 100, 190,   7,  95,  36,  14, 158,   2,  85,  88, 113, 140;
 183, 109,  99,  71,  86,  27, 239, 248, 113, 224, 125, 202,  81,  64, 149,  52,  58, 236,  22, 238, 233, 178, 109, 126,  54,  12, 133, 164, 111, 179,  82, 164;
 215,  54, 133, 183, 170,  44,  60, 138, 191, 251, 131, 245, 205, 102, 203, 219, 167,  71, 253, 151, 181,  69, 159, 226, 156, 242, 127, 150, 140, 117,   9,  85;
   2, 133,   2, 138, 148, 160, 168,  98,   4,   1,  90,   2,   8,  10,  56,  64, 120,  42,  19, 145,  18, 152,   0, 213,   0,  36, 138, 192, 149,  10,  49, 128;
 103, 120, 210,   0,  83, 191,  83, 192, 251, 165, 103,  29,  14, 210,  99,  28,  53, 204, 194,  22,  30,  23, 156,  66,  94,  20,   1, 111, 234, 231,  10,  22;
 166, 204, 167, 191, 149, 195, 174, 230, 159, 243,  82, 131, 232, 236,  53, 137, 205, 255, 179, 211, 107, 252,  90, 255,  45,  22, 223,  66, 213, 125, 149, 250;
  87,  91, 194, 174,  82,   6, 110, 240, 165, 192, 210, 199, 125, 234, 187, 209, 118, 229,  95, 239, 205, 131,  12, 236, 248,  38, 239, 136,  47, 183,  56,  85;
  93,  63,  58, 236,  50, 214,  91, 114,  37, 204, 222, 228, 191, 215, 163, 112, 118, 189, 221, 238, 205, 147, 160, 172, 243, 253,  42, 137,  46, 167,  47, 115;
 106, 166, 251, 113, 240, 252, 121,  83,  59,  63, 126, 185,   9, 175, 196, 156, 175, 159, 199, 144,  50, 218, 225, 199,  95, 255, 178, 197, 195, 196, 230, 227;
  48, 251, 120, 106,  40, 141,  87, 252, 163,  44, 172,   8,  55, 215,  11,  16,   8, 210,  77, 106,  74,  35, 122,  61, 243, 205,  33,  57, 112, 155,  70, 107;
 178, 125, 162,  22,  67, 245, 180,  71, 185, 198, 204,  27,  44, 220, 103, 140, 168,  59, 195, 145,  70, 239, 178, 234,  51,  20,  30,  43,  67,  84, 175, 222;
 246,  68,   4, 171, 172,  33, 206, 140, 157,  50, 147,  26, 195, 202, 121,  75,  89, 196, 127, 243, 106,  71, 203, 178, 176, 246, 207,  60, 180, 123, 176,   0;
 203, 201, 147, 214, 229, 140, 108,  55, 185, 139,   2,  80, 188, 179,  32, 245, 165,  39, 122,   8, 113, 217, 146, 235, 181, 254,  94,   2,  10,  80, 161,  41;
 190,  77, 100, 246, 172, 123, 198, 228,  93, 242, 184,  11,  75, 104,  21,  51, 251, 230,  95, 103, 248, 243, 109, 172, 186, 219, 231,  21, 229, 126, 242,  76;
 169, 173,  67, 227, 240, 178, 106, 113,  49,  65, 121, 218,  57, 175, 216, 176, 126, 159, 151, 158, 191, 218, 204, 255, 238, 205, 162, 224, 175, 195, 162, 176;
 141, 205,  69,  79, 246,   3, 239, 252,  84, 226, 126, 230, 113, 101, 189,  37,  62, 228,  22, 238, 225, 176,  45, 127,  36,  46, 165, 132, 127, 251, 224, 241;
  82, 133, 227, 207,  29,  44, 107,   8,  95,  33, 207,  10, 211, 225, 124, 100, 121, 206, 125, 137,  24, 114, 239, 179, 153, 252, 155,  20, 164, 107,  84,  96;
  33, 129, 221,  71, 244,  46, 111,  49,  96,  97, 111,  68, 242,  49, 152,  50,  28,   6, 114,  76, 145, 176, 113,   7,  71, 190,  32,  64, 200, 162, 194, 176;
 231, 176, 189, 178, 173, 125,  81, 216, 139, 127, 165,  29, 158, 222,  78,  27, 141, 145, 223,  23, 191, 103, 250, 208, 143, 217,  91, 126, 216,  77, 207, 114;
  17,  19, 119,  69,  54, 139, 163,  53, 108, 108, 254, 228, 243,  36, 156, 100, 118,  52, 108, 104, 153, 184, 101,  15, 228, 236,  34, 208, 101, 138, 197, 117;
 121, 159, 154,  45,  48,  30, 103,  59, 112,  78, 254,  44, 255,  39, 130,  86,  84, 198, 236,  44, 233, 184, 241,  11, 229, 247, 100, 148,  74,  96, 207, 121;
 203, 125, 147, 212, 241, 140, 124, 119, 187, 139,  98,  88,  60, 183,  37, 255, 167, 127, 181,  12, 227, 221, 146, 235, 171, 250,  94, 130,  10,  84, 131,  57;
  18,   1,  38, 141,  28, 131, 234, 105, 213,  32, 219,   2, 224, 200,  48,  64, 120, 168,  63, 161, 152, 179,  67, 221, 152,  54, 139,  84,  21,  10,  48, 128;
  45,  51,  97, 107, 244, 219, 107, 213, 101, 100, 125, 174,  27,  13, 151, 180,  94, 136, 151, 252, 155, 186, 125, 156, 111, 205, 165, 228, 127, 142, 214, 240;
 164,  64,  30, 250, 197, 141, 240, 192, 238,  17,  97,  17, 159, 219, 109,  27, 169,  25,  98,  82,  66, 101,  26, 112,  71, 217,  66,  77, 208,  25, 103, 130;
  54,  35, 114, 202, 110,  25, 218,  89,  73,  12, 245, 171,  74, 204, 255,  56, 254, 153, 215, 119, 140,  35,  44, 192,  18,  88,   8, 191,  87, 175, 119, 197;
 208,  95, 255, 252,  42,  64,  93,  55, 161, 134, 166, 161,  55,  63,   1,  83, 230, 245, 237, 192, 104, 207, 161,  40, 243, 225, 110,  25,  32, 240,  39, 123;
 107, 147, 122,  46, 112,  88,  90,  61,  41,  77, 254, 237, 191, 189, 142, 240, 222, 159, 253,   5, 143, 187, 225, 143, 242, 253,  48, 131,  78, 134,  78,  95;
 229, 132, 207,  87, 232, 110, 100,  35, 248, 243,  35,  24,  80, 114,  12, 123, 161,  71, 120,  46, 117, 221, 187,  70,  13, 170, 117,  68, 200,  96, 226,  18;
  41,  77,  67,  77,  87, 150, 238, 246, 116,  64, 122, 194, 121,  96, 181, 228, 122, 238,  18, 236, 229, 184,  37, 239,  38,  47, 162, 128, 111, 246, 120, 172;
 205, 246, 189,  97, 168, 109, 117, 190, 122,  63,  52, 120, 222,  53, 200,  59, 181,  87, 124,  58, 243, 116, 169, 115, 207, 219, 117, 246, 192,  81, 199,  97;
 109,  61, 105,  69,  87, 127, 243, 184,  97, 228, 126, 142,  91,  45, 151, 180,  62, 204, 246, 110, 133, 176, 125,  60, 127, 109,  33,   4, 111, 175,  78, 253;
  24, 157,  59, 184,  83, 198,  53, 119, 172,  76, 126,  35,  62, 183,  32, 112, 166,  59,  31,  33,  80, 153,  48,  95, 241, 167,  58, 195,  32,   0, 167, 251;
 122, 127, 122, 228, 124, 143, 219, 118,   9, 236, 188, 173,  63,  29, 135,  18, 206, 253, 215,  69, 200, 187, 225, 174, 250, 221,  44, 178,  77, 170,  22, 219;
 216, 120,  59, 248,  61, 205,  87, 222, 255, 200, 244,  40, 190, 211,  97,  48, 144, 121, 124,  88, 107,  39, 178,  63, 249, 253,  39,  58,  90,  56, 103,  43;
  91, 147, 119,  72,  57, 159, 123, 121, 175,  93, 247, 245, 207, 158, 190, 244, 247,  21, 255,  53, 151, 137,  47, 213, 154, 127,  58, 214, 158, 134, 173, 117;
 168,  12,  20, 185, 153, 235,  17, 174,  22,  22, 230,  17, 175,   1,  35,  77,  65,  34, 138,  16,  46, 204, 115,  63, 201, 211,  87,  81, 178,  92,   4, 106;
  33,  95,  99,  79, 118, 155, 239, 112,  84, 224, 122, 238, 113,  44, 149, 180,  62, 236,  22, 110, 197, 184, 125, 126,  54,  12,  33, 128, 111, 187,  82, 253;
 165, 112,  57,  97,  69,  93, 240,   0, 105, 232,  34,   8, 182,  16,  69,  57, 128,  56,  80,  24,  69, 244, 241,   0,  15, 217,  65, 114,  72,  40,  75, 166;
 130, 170,  62, 185, 100, 141, 184,  99, 254,  29, 114,  85, 172, 136,  54,   0, 174,  43, 119,   5, 214, 252,   2, 213,   5, 120,  58, 195,  72,  12, 219, 143;
 101, 249,  24,  69,  49,  30, 115, 176, 105,  40, 110,  76, 158,  19,   4,  52, 144,  76,  72, 106, 209, 184, 241,  76, 231, 249,   0,  68,  74,  35,  75,  35;
  88, 149,  59, 248, 178, 196,  53, 103, 172,  77,  90,  35, 189, 223,  32,  64, 182,  59,  29, 129, 114, 137, 162,  79, 249, 229,  42, 201,  32,   0, 167, 123;
 215,  56, 143, 179, 168, 108, 109, 155, 190, 251, 147, 253, 221, 166, 211, 123, 167, 199, 125, 149, 183,  84, 175,  64, 156, 226, 255, 204, 136, 241, 163, 117;
 118, 167,  64, 171, 173,  41,  78, 174, 143,  54, 153, 219, 207, 104,  94, 195, 219, 195, 207, 103, 126,  35,  79, 179, 190,  84, 141, 255, 183, 255, 216,   4;
  69, 107, 217, 183, 172,  40, 238, 192, 238, 166, 139, 194, 215, 226, 209,  74, 107, 228, 106,  94,   4, 241, 207,  32, 220, 135, 111,  52, 164, 251, 129, 128;
 119, 123, 250, 230, 116,  12,  94,  48, 235, 168, 179, 233, 255, 251, 213,  18, 190, 253, 125, 199, 200,  50, 200, 232, 250, 253, 175, 168, 109, 179,  90,   1;
 232, 176, 188, 112, 233, 236, 117, 159, 251, 187, 164,  24, 158, 183,  72,  59, 129,  86, 248,  24,  50, 111, 242,  64, 223, 251, 116, 125, 194, 208, 198,  59;
  33, 207, 110, 207,  84, 131, 239, 244,  21,   4, 126, 134, 113,  67, 183,  69, 126, 234,  23, 238, 200, 186, 109, 125, 102,  45, 164, 128, 127, 155, 112, 248;
  58, 191,  41, 168, 252, 141,  95, 255,  14,  76, 152, 239,  47, 205, 122,  16, 182, 171,  23, 117, 222,  11, 152, 191, 249,  69, 175, 253,  28,  14, 151, 219;
 101, 181,  89, 103, 240,  79, 103, 189, 113, 232, 110,  72,  87, 115,   8,  48,  16, 222, 100, 106, 121, 248, 249,  46, 109, 175,  37,   4, 104, 226, 194, 162;
 205,  36, 207,  37, 160,  46, 110,  16,  57, 202, 115,  93, 223, 103,  19,  27, 150, 101, 125,  46, 185, 212, 209,   8, 198, 251,  96, 128, 200, 243,  75,  81;
 124,  39, 249, 116, 248, 108,  65,  31,  50, 191, 172,  24,  23, 167,  73,  26,   7, 222,  77,  24,  26,  74, 226,   2, 217, 229,  53,  60, 160, 208, 134, 107;
 253, 114, 234, 100, 162,  62,  94, 152,  98, 238, 175, 141,  91, 173, 219,  58,  55, 212, 253, 254, 204,  87, 189,  10, 123, 205, 101, 181, 239, 243,  78,  83;
  39, 188, 241,  80, 247, 245, 187, 219, 155, 235,  92, 126,  56, 252, 245,  44, 159,  59,  23,  29, 179, 126, 250, 219,  47,  28,  13, 238, 215,  76,  86, 245;
 166, 181,  37, 155, 223, 233, 183, 239, 158, 115,  88, 187, 108, 252, 108,   0, 191,  91, 211,  17,  51, 122,  90, 247,  61,  22, 159, 127, 213,  76, 151, 254;
  98, 196,  37,  26,  73, 241, 137, 172, 171,  95, 177, 169, 234,  70,  78, 223, 205, 147, 253, 149,  30,  75, 234, 245, 153, 114, 222, 251, 145,   6, 167, 254;
 197, 118,  86,  87,  98,  10,  36,  48, 249, 186,  99, 124,  87,  83, 129, 223,  34, 116, 108, 106,  97, 245, 137,  14, 148, 162,  97,   4, 106, 177,  67,   1;
 195, 249,  32, 170,  60, 129, 218, 172, 143,  76, 144, 175, 172, 206, 122,  64, 214, 105, 157, 199, 206,   9, 206, 245, 168,  85, 143, 250,  20,  14,  17,  93;
 216, 162,  44, 189,  45,  77,  89,  41, 239,  84, 132, 153, 175, 205,  26,   3, 136, 129, 237,  13, 110, 100, 195, 145, 195, 209,  89,  57, 118, 140,  87,  74;
  25, 111, 115,  84, 243, 216, 190, 119, 249, 192, 126, 104,  44, 206, 164, 181,  62, 187, 134, 232, 197, 187, 164, 205,  63, 121,   6,  11,  99, 180, 175, 141;
  53, 230, 121, 233, 124,  15,  91, 248,   6, 168,  61, 234,  83,  93, 153,  48,  30, 216,  87, 254, 202,  54, 109,  31, 102, 205, 161, 188, 117, 187,  82, 161;
 236, 247,  16,  67, 185,  63,  86, 191, 115, 174,  44,  60, 138,  49, 203, 182, 145,  94, 196, 122, 108, 116, 249,  46, 239, 221,  37, 119,  66, 243, 206,  35;
 163, 175,  98,  91, 245, 133, 237, 119, 253,  73, 116,  84,  40, 147,  54,  21, 236,  42,  19,  92, 243, 184,  16, 255,  45,  56, 150, 194,  75,  12, 243, 143;
  15,  48, 183, 216, 185, 183, 121,  88,  47, 221, 215,  21, 159, 158, 246, 236, 183,  25, 223, 157, 147, 137,  57, 220, 155,  94,  27, 222, 150, 135,  37, 117;
 236, 134, 255, 114, 245, 250, 241, 154, 187,  23, 167, 185,  78, 125,  10, 159,  35,  22, 237,  17,  50, 229,  41, 223,  91, 243,  80,  87, 199, 197, 215,  99;
  61, 192, 110, 119,   6,  83, 255, 248,  84, 118, 119, 130,  89, 125,  59,  41, 127, 220, 179, 238, 232, 244,  61, 157,  67, 235, 245,   5, 119, 187, 116, 240;
 117, 125,  57, 102, 112,  79,  71, 188, 113, 232, 172,   8,  87, 117,   1,  48,  16, 220,  68, 106, 105, 178, 248,  46, 241, 205,  37,  52,  96, 243,  70,  42;
 241, 205,  45, 237,  12,   6,  71, 190,  84,  30, 238,   0, 243, 113,  49,  83, 216, 100, 125, 110, 232, 234, 115,  61, 225, 235, 231,  24,  48,  57, 116, 106;
  69,  77, 214, 151, 172,  10, 238, 230, 236, 178, 234, 194, 229,  34, 145, 107, 107, 231, 106, 238, 100, 233, 207, 104, 180, 170, 222,  16,  77, 249, 163, 140;
 252,  32,  45, 161,  13, 111,  65,  56,  37, 116, 165,  25, 223,  13,  26,  19, 200, 128, 205,  47,  40,  39,  89, 157, 215, 209, 193, 125, 114, 175,  86, 114;
 192, 248, 155, 254,  57, 204,  23, 198, 191, 132, 160,   8, 190, 151,  97, 114, 166, 115, 232,  64,  66,  77, 178, 123, 251, 245,  22,  59,  80,  16,   7,  43;
 188, 193, 110, 239,  15,  71, 223, 184, 198, 182, 215,   2,  83,  89,  57,  34, 120, 212, 121, 234,  72, 231, 127, 184, 211, 203, 229,  21, 103, 187, 116, 162;
  34, 174, 250, 113, 240, 233, 249,  71,  63,  55, 116, 177, 145, 175,  68,  24, 205, 159, 199, 144,  18, 250, 192,  85,  79, 215, 146, 101, 193, 192, 239, 178;
 116, 107, 122, 228, 118, 138, 111, 112, 113, 160, 122, 138,  51, 203,  17,  16,  62, 237,  85, 239, 200, 178, 132,  44, 246, 237, 165, 168, 101, 179, 114, 128;
  89,  63, 122, 108, 118, 150,  91, 112,  97, 200, 126, 233,  63, 159, 179, 112,  54, 253,  21, 238, 204, 154, 164, 109, 242, 253, 160, 136,  46, 163,  98, 121;
 109, 121,  56, 101,  85,  15,  99,  48, 104,  96,  98,  76, 150,  17,  21,  48, 144,  68,  64, 110, 193, 176, 241,  12, 231, 249,   1,  20,  72,  35,  67, 128;
 119,  75,  71, 142,  92, 134, 106, 240, 165, 192, 195, 199, 104, 194,  53, 212, 124, 229,  91, 239, 205, 131,  28, 204,  56,  56, 139, 136,  15, 166,  58, 212;
  43, 173,  83, 201, 211, 147, 106, 247,  23,  33, 124, 138,  57, 215, 164, 180, 127, 187, 151, 220,  59, 154,   8, 255,  63, 221, 141, 228, 127, 134, 138, 184;
  41, 245,  93, 103, 240,  79, 103, 189, 112, 232, 111,  72, 115, 113, 136,  48,  16,  92,   0, 106,  97, 176, 249,  15, 103, 143,  37,   0, 104, 178, 194, 160;
 252,  77,  58,  98, 133, 109, 199, 228, 228,   6, 169,   8, 211, 121, 121,  19, 200, 210,  74, 106, 104,  35,  88,  34, 241, 201,  68,  25, 193, 123, 214,  34;
 253, 100, 193, 236, 221, 127, 106, 200,  83,  35, 235,  26,  91, 249,  89, 248, 121, 204,  62, 251,  46,  54, 251, 178, 255, 237, 133, 109, 179, 251, 246, 160;
 105, 240, 107,  68, 116,  95, 235, 124, 103, 232, 254,  12,  90, 221, 159,  52,  60, 236,  87, 238, 205, 179,  53,  78, 119,  45,  33, 132, 111, 190, 122, 252;
  76, 252, 189, 115, 139,  47,  53, 190, 122, 191,  37,  92, 222,  55,  73,  59, 133,  87, 125,  26, 163, 116, 249, 113, 207, 219, 117,  54, 202, 113, 135,  51;
 118, 143, 196, 188, 189,  43,  78, 170, 159, 183, 152, 203, 199, 104,  17, 211, 203, 199, 205, 103,  60,  73,  77, 189, 186, 214, 207, 125, 180, 253,  88,   4;
 205,  60, 143, 101, 164, 110, 111,  18,  57, 202, 118,  84, 159,  55, 145, 187, 144, 100, 124, 110, 185, 212, 241,  10, 199, 251, 100, 128, 202, 241,  66, 113;
  94, 106, 134, 180, 169, 160,  56,  70, 169, 254, 146, 165, 173, 142,  67, 218, 166, 101, 253, 149,   4, 205, 130, 224, 216, 243, 254, 131, 136, 117,  47,  91;
  61,  93, 106, 110,  86,  83, 223, 248,  85, 194, 253,  42, 123, 125, 191,  32, 122, 248, 151, 235, 233, 182,  60, 190, 115, 239, 161, 129, 119, 251, 116, 242;
  85, 107, 218, 163, 180,  10, 111, 128, 238, 164, 131, 128, 215, 227, 209,  66, 114, 108, 108, 222,   8, 240, 205,  40, 172, 141,  39,  68, 164, 187,   1,  32;
   3, 156,  31, 185,  23, 238, 176,  87, 254,  73,  90,  87, 188, 152,  32,  72, 167,  59,  50,   1,  55, 188,  18,  87, 133,  54,  26,  66,  88,   0, 161, 155;
  88, 120,  59, 252,  27, 207,  19,  82, 253, 140, 228,   8,  62, 151,  33, 112, 228, 121, 206,  64,  72,  47, 178, 126, 211, 245,   3,  59,  82,  49,  39,  43;
 219, 237,  96, 170,  54, 137,  90, 232, 159,  96, 153, 139, 239, 204, 122,  96, 246, 169,  29, 103, 238,   5, 140, 255, 176, 209, 139, 254,  52,  15,  17,  93;
 248,  93, 125, 255, 174,  75,  85, 182,  84, 166, 246,  34, 247,  49,   1,  99,  66, 246, 125,  66, 104, 248, 113,  61, 229, 235, 118,  17,  60, 248,  84,  43;
 251, 215, 122, 238, 114, 170,  91, 124,  57,  77, 255, 173, 255, 157, 190, 112, 214, 159, 213, 103, 143, 179, 173, 247, 242, 253,  32, 212, 125, 135,  66,  89;
  80, 219,  59, 174,  18, 198,  31,  55,  52,  12, 218, 231, 253,  23,  32,  64, 118, 191,  45, 193,  74, 153,  17, 109, 241, 165, 186, 128,  32,  18, 165, 123;
  24, 159,  51, 238,  83, 196,  55, 119,  37,  13, 250,  99,  60, 183,  32,  80, 118, 187, 143, 192,  80, 155,   1, 253, 241, 164,  50, 202,  50, 130, 165, 251;
 173, 165,  79, 227, 214, 243, 234, 248,  52, 115, 117, 146,  89,  75,  24, 177, 123, 202,  83, 254,  59, 254,  93, 255, 111, 203, 167,  69, 239, 131, 234, 128;
 153, 217, 126, 101,  34,  14, 255,  53, 172,  72, 118, 231, 255,  31, 162,  81,  54,  52, 127, 108, 225, 189,  17,  77, 230, 233,  98, 192, 111, 160, 201, 123;
 166, 189, 167, 155, 223, 235, 183, 239, 158, 247,  88, 187, 108, 252, 108, 133, 187, 123, 243, 209, 115, 250,  58, 255,  61,  22, 223, 111, 213,  92, 149, 250;
  93, 178, 174, 179, 160, 188, 121, 150,  62, 255,  87, 116, 221, 246, 219, 122, 167, 111, 125, 157, 155,  92, 171,  96, 205, 255, 255, 236, 128, 113, 167, 113;
 214,   1,  14, 140,  28, 131, 202, 105, 165,  32, 211,  18, 211, 202,  56,  64, 248, 165, 127, 227,  24, 131,  81, 221, 145, 243, 138, 208,  20,  11, 241,   0;
 120, 235, 121,  98, 112, 141,  87, 252,  51,  36, 172,   8,  51, 151,  64,  16,  28, 218,  69,  74,  74,  58, 248,  63, 243, 205,  37,  60, 115, 155, 198,  42;
  90, 132, 149, 153, 137, 253,  16,  15, 135, 247, 141,  16, 238,  54, 106, 238, 193,  18, 234,  16,  47,  77, 123, 147, 139, 215,  85,  63, 146,  92, 141, 126;
  52, 105, 121, 101, 118,  11, 239, 120,  84, 160, 117, 202,  83,  73, 145,  49,  62, 252,  23, 238, 201, 176, 108,  28, 102, 137, 165, 164, 101, 187,  82, 160;
  65, 201, 158, 223,  76, 140, 238, 164, 172,   0, 234,   2, 245, 226,  49,  66, 106, 231, 106, 206,  64,  41, 130, 105, 180, 190, 206,   8,   8,  50, 105, 136;
  69,  54, 222,  85, 226,  46, 101,  19, 112, 183, 111,  44,  83,  35, 139, 127,  55, 222, 108,  42, 129, 208, 177,   8,  69, 171, 113,   4, 232, 243, 134, 113;
  37, 125, 105,  73, 246, 223, 235,  92,  70, 233, 124, 238,  17,  29, 149,  52, 124, 250,  22, 252, 147, 186, 125, 126, 127,  13, 165, 160, 239, 219, 210, 245;
  23,  49, 182, 202, 189, 215, 251,  88, 239, 233, 151,   1,  76, 222, 127, 124, 246,  53, 255, 221, 147, 131,  58, 212, 219,  95,  11, 218, 146, 151,  33, 119;
 239, 176, 184, 242, 237,  61,  81, 219, 155, 127, 181,  29, 158, 223,  78, 187, 205, 153, 255,  21, 187, 102, 250, 208, 223, 219,  91, 126, 210,  77, 199, 115;
 121, 151, 186, 103, 112,  62, 117,  51,  97, 111, 127,  45, 255,  55, 130, 118, 182, 254, 253,  44, 157, 184, 241,  15, 255, 255,  48, 128, 106, 230, 198, 123;
 214, 181,   5, 152, 139, 229, 146, 234, 142, 244, 137,  27, 204, 214, 109, 238, 209, 215, 249, 211,  55,  71, 186, 247, 153,  16, 207, 127, 144, 101, 165,  86;
 202, 184, 182,  30, 105, 252, 176, 230, 187,  95, 101,  25, 172, 252,  46, 159, 133,  51, 243,   1,  54,  79, 186, 247,   7, 114,  88, 107, 210,   4, 143, 223;
 195, 149, 147, 222, 199, 140,  36,  39, 251,   3,  98,  80, 188, 243,  40, 247, 161,  50, 106,   8, 115,  77, 146, 227, 181, 190,  86,  10, 136,  64, 161,  44;
  94, 127, 215, 118, 171, 142,  84, 189, 169, 154, 168, 109, 238, 115,  65, 159, 135, 119, 205, 114, 104, 193, 154,  44, 170, 210,  85, 186, 234, 246, 138, 155;
  29, 184, 152, 187, 186, 255,  19, 155,  62, 109,  61, 253, 255, 247, 202, 112, 151,  27, 252,  20, 151, 216, 251,  55, 205, 199,  63, 244, 200, 130, 143, 241;
 130, 143,   2, 154, 146, 129, 190, 239,  22,   5,  89, 183, 108, 230,  42,  64, 127,  43, 131, 135, 114, 138,  10, 255,  40,  38, 158, 203, 148,  70, 173, 217;
 245,  97,   9,  37,  92,  63, 202,   8,  84, 232, 243,  92, 211,   8, 153,  48,  88, 204, 110, 239, 173, 178, 253,  10, 180, 169, 161,  52, 105, 251,  90,  20;
 182, 205,  96, 250, 212,  32, 206, 246,  85,   2, 217, 146,  65, 109,  61,  73,  93, 195,  23, 227, 248,  39,  12, 186,  58, 110, 143, 192, 183, 255, 240, 128;
   3, 143,   2, 156,  83, 150, 174, 226, 158,  72, 216, 199, 108, 234,  55, 192, 254, 235, 179, 197, 199, 155,  22, 255,  60,  38, 143, 138,  29,  55,  57, 157;
  59, 141,  71, 172,  94, 199, 207, 111, 157,  64,  74, 135, 125, 110,  48,  97, 126, 235,  19, 229, 121, 154, 118, 189, 185, 230, 203,  72,  61, 172, 176, 248;
 152,  92, 123, 222,  82, 227, 191, 102,  84,  66, 120, 178,  57, 222, 161,  97, 123, 187,  22, 130,  97, 158,  36, 255,  48,  38, 186, 129,  53, 208,  37, 185;
  32, 168, 120,  90, 124, 205, 209, 127, 223,  29, 124,  24, 178, 209,  44,  48, 201,  58,  66,   8,  82,  42, 114, 119,  71, 159,  48, 121,  80,   8, 214, 171;
 158, 236, 106, 186, 118, 169,  94, 248,  87,  98,  81, 155, 127, 204,  57,  33,  63, 251,  21, 231, 234,  54,  12, 191, 242, 197, 171, 236,  53, 159,  17,  72;
  90, 155,  19, 173,  82, 134, 111, 119,  53,  12, 218, 231,  61,  87,  32,  84, 116, 191,  63, 192,  75, 154,  81, 127, 245, 164, 170, 128,  50, 128, 164, 121;
   3, 143,   2, 156,  89, 150, 174, 230,  30,  64, 200, 199, 172, 234,  51, 192, 252, 107, 179, 197, 199, 154,  22, 255,  36,  54, 142, 138,  29,  20,  57, 156;
  45,  20, 181,  77, 236,  47, 197,  25,  86,  58, 245,  92, 210,  49, 153,  43,  89,  84, 118,  42, 185, 116,  89,  24,  69,  46,  97,  52, 218, 249,  80, 161;
 105,  97,  33, 101,  53,  15,  99,  52, 105, 168, 110,  72, 147,   1,  17,  48, 152,  44,  68, 108, 200, 176, 209,  12, 229, 249,   0,  16,  66, 186,  82, 168;
   0, 169,  42, 241, 177, 205, 249, 103, 190,  29, 110,  17, 180, 175, 102,  24, 201,  59,  67,  20,  18, 152,  18, 117, 207, 215,  30,  65, 192,   0, 239, 202;
 255,  94, 112, 236, 125,  87, 223, 252,  91, 234, 180,  42, 223,  61, 151,  53, 223, 213, 255, 107, 233,  39, 105, 158, 247, 223, 237, 191,  87, 189,  86, 119;
 217,  92,  95, 165,  34, 110, 124,  54,  61,  74, 242, 231,  63,  31, 129, 251,  38, 245, 125, 196, 229, 189,   5,  75, 214, 235, 114, 128, 111, 240,  33, 121;
 173, 180, 213,  71, 245,  15, 103, 187, 113, 234, 107,  92, 218, 113, 136, 180,  17,  78,  66, 110, 241, 252, 121,  46, 109, 222,   5,   4,  74, 226, 194, 164;
 109,  98, 245, 226, 109, 125,  89, 216, 139, 254, 189,   8,  27, 221,  95, 190, 205, 212, 119,  94, 138, 118, 234, 224,  95, 223, 213, 188, 194, 255,  70, 225;
 124,  64,  14, 170,  60, 195, 203, 104, 142,   8, 211,   2, 215, 218,  57,  64, 216, 165, 127, 243,  24, 167,  75, 156, 209, 225, 171, 221,  20,  43, 116,   2;
 199, 143, 132, 180, 172,  15,  77, 163, 191, 182, 138, 141, 135, 168, 115,  91, 129, 231, 110,  39, 124,  73, 198, 252, 188,  50,  79,  60, 144, 108, 145,   4;
  49,  69, 106,  78, 118, 130, 107, 116, 100,  64, 124, 130, 113,  79, 183, 112, 126, 184,  23, 236, 194, 154,  36, 127, 119, 173, 160, 128,  53, 130,  98, 232;
 177,  75,  62, 101,  52, 159, 231, 117, 108, 168, 118,  68, 183,  24, 179,  97, 182, 100,  78, 111, 197, 185,  21,  44, 228, 249,  36,   0,  76, 186,  73,  13;
  60, 113,  45,  96,  44,  79,  83, 216,   5, 232, 188, 104,  83,  85, 129,  48,  92, 244,  93, 106, 201, 167, 121,  28, 243, 201, 161, 180,  98, 187,  86, 115;
  88, 124,  54, 254,  27, 196,  51,  70, 175, 132, 238,   1,  44, 215,  35,  80, 166, 119, 235,   0,   0,  11, 178, 125, 209, 245,  26,  27,   2,   0,  39, 106;
  85,  97,  30, 165,  60,  14, 107,  56, 236, 168, 162,  64, 215, 195, 209,  67,  50, 101, 108, 126,  72, 193, 141,  12, 200, 137,  35,  20,   8, 163,   1,   0;
 244,  45, 201, 217, 221,  99,  69, 207,  83, 186, 244,  26,  18, 179,  87, 121,  89, 206,  86, 152, 120, 107, 226, 186, 127, 139, 245,  61, 211, 249, 222, 170;
  76, 185, 191, 114, 139, 239,  21, 197, 171, 249,  61,  41, 222, 255,  73,  58, 167, 119, 253,  18,  19,  81, 186, 113, 203, 223, 117,  55, 202, 115, 135, 115;
  24, 143,  55, 255, 179, 226, 187, 230, 188,   5,  74, 178, 189, 167,  32, 229, 103, 123, 139, 192,  51, 153,  33, 255, 225, 231,  58,  65,  50, 132, 165, 185;
 205, 126, 191, 113, 164, 126, 117,  18, 121, 222,  54, 124, 158,  55, 193,  59, 167, 116, 124,  24, 177, 252, 177,  98, 207, 251, 117, 196, 130, 241, 199, 115;
 251, 207,  64, 174,  25, 148,  74, 252,  23,   4, 252, 199,  43, 202, 190, 208,  92, 235, 149, 198, 206,  15,  86, 191, 178, 253, 138, 217,  63, 150, 122,  28;
 187, 141, 103, 189, 223, 199, 109, 103, 149,  64, 206,   2, 125, 167,  48, 228, 104, 163,  59, 141, 121, 155, 115, 159, 181, 239, 138,  64,  55,  12, 176, 248;
 122, 125,  48, 236, 249, 157,  94, 253, 171, 140, 188,  12,  46, 223,   5,  20, 220, 241, 221,  96, 120,  43,  90, 255, 251, 221, 133,  59,  82, 187, 198,  11;
  37, 228,  77, 217, 156, 119, 237, 239, 164,  50, 254,  18, 209, 123,  31,  43, 105, 194, 123, 190, 122, 244, 123, 253, 111, 203, 247,  85, 227, 249, 234, 162;
  40, 177, 216, 217, 213, 245, 112, 223,  83,   5, 108,  22,  40, 243, 110, 156, 217, 138, 130, 152,  30,  90, 242, 243,  95, 221, 148, 107, 155,  72, 238, 142;
  53, 237,  13, 190, 156, 199,  71, 232,  86, 210, 201,   0, 243, 252,  25,  33, 217, 202,  25, 239, 127, 226, 123,  63, 233, 142, 141,  28,  56, 123, 240, 104;
  72,  74, 191, 253,  36, 206, 119,  55, 244, 142, 230,  32, 247, 247,  33,  82, 194, 244,  45,  66,  72, 188, 195,  43, 229, 231, 118,  17,  32, 184,  69,  43;
  60,  73, 123, 101,  38,  11, 239, 112, 100, 160, 114, 130,  83,  73, 145,  33,  58, 236,  21, 238, 201, 176,  36,  12, 224, 233, 161,   0, 101, 187,  82, 160;
 237, 176, 156, 178, 201, 125,  81, 154, 135, 255, 165,  29, 222, 119,  74,  31, 133, 146, 238,  28,  63,  71, 251, 145, 223, 211,  81, 127, 218, 109,  12,  83;
 185, 183, 127, 103, 112, 127, 119,  55, 121, 237, 127,  61, 251,  61, 150,  52, 182, 254, 213,  44, 189, 248, 241,  15, 239, 253,  32, 130,  98, 206, 198, 255;
  85, 186, 187, 241, 176, 174, 123, 158,  62, 237, 150, 117, 151, 255, 219, 120, 183,  95, 125, 156, 154, 217, 187,  50, 203, 255, 191, 244, 140, 129,  35, 123;
 167, 105, 106,  78, 116, 223, 239, 113, 120, 196, 253,   8, 112, 220, 182,  52,  88, 168,  19, 111, 193, 178, 252, 111, 119,  28, 165, 136,  71, 186, 118, 228;
 190, 252, 231, 155, 219, 195, 191, 238, 158, 247, 220, 187, 109, 252, 104, 133,  59, 123, 243, 145, 115, 255,  58, 255,  61,  71, 223, 239, 215,  92, 181, 250;
   3, 172, 158, 158,  17, 188, 160, 231, 252, 131, 232,  80, 188, 242,  36, 182, 161,  99,  74,   9,  39, 233, 146, 111, 184, 190,  94,  10, 200,  64,  43, 140;
 219, 218, 119, 229,  34,   2, 125, 118, 253,  74, 210, 226,  61,  30, 144, 243,  38, 245, 125, 193, 233, 157,  37, 205, 180, 235, 250, 128,  45, 176,  35,  57;
  70, 178, 131, 144, 178, 241, 184,  71, 191, 253, 147, 243, 140, 206, 230, 206, 167,  57, 255, 149, 151, 221, 134, 210, 156,  20, 191, 239, 140,  68, 175, 213;
 223, 252, 156, 186, 169, 229,  20, 143, 187, 219, 128,  25, 254, 247, 107, 219, 149,  67, 253,  21,  47,  71, 154,  51, 251, 211,  95, 127, 152,  84, 171,  27;
 104, 248, 184, 114, 169, 205,  81, 222, 234,  61, 164,  24, 190, 191,  72,  58, 129,  82, 253,  24,  18, 107, 250, 113, 219, 221,  85, 127, 194,  16, 199, 171;
  33, 160, 113,  91, 109, 205, 193, 207,  79,  53, 125,  24, 162, 220, 220,  60, 217,  26,  66,  24, 147,  42, 251, 213,  13,  28,  17, 126, 211,  10, 214, 229;
  85,  66, 156,  32, 170,   8,  72, 136, 166, 181, 131,  12, 199, 226,  75,  90,  66, 197, 108, 125,  28,  65, 207,   0, 152, 225, 110,  61, 160,  50,  11,   0;
 193, 132, 150, 218, 203, 148,  36, 111, 251,  19, 225,  16, 172, 242,  44, 253, 227,  27,  42,   8, 115,  79, 154, 215, 153,  62,  86,  74, 152,   0, 169, 140;
 125,  53, 239, 101, 192, 110, 125,  49,  96, 250, 111,  13,  83,  63,  91,  59,  53, 222, 117, 174, 152, 210, 177,   8, 123, 175, 117,  36, 235, 243,  66, 210;
  35, 142, 102, 159,  60, 131, 170, 254,  95,  73, 218, 231, 224, 104, 182, 196,  94,  42,  55, 141, 166, 248,  79, 255,   4,  62, 250, 130,  93, 142, 121, 157;
  37,  17, 213, 101, 172,  43, 197,  29,  94, 227, 118, 124, 211,  49, 137,  47,  27,  84, 102,  56, 145, 240, 113,  16,  76, 190, 101, 116, 254, 248, 192, 177;
  76, 189, 183, 115, 165, 255, 119, 150, 235, 251,  63, 108, 158, 191, 196, 191, 167, 119, 253,  18, 147, 249, 184, 224, 239, 219, 119, 230, 202, 215, 207, 115;
 217,  73,  94, 101,  38, 158, 246, 113, 124, 200, 118,  98, 127,  88, 163, 113, 182, 229, 110, 106, 229, 181,   5,  46, 242, 235,  98,   0, 105, 176, 105,   9;
  13, 190, 148,  87, 245, 190, 224, 188, 127, 235, 127,  76, 202, 112, 159, 189, 177,  78, 106,  62, 149, 240, 253, 108,  46, 127,  85,  66, 202, 215, 203, 149;
 103, 114, 181,  64, 105, 125,  81, 152, 139, 254, 189,  76, 202,  87, 207, 191, 133, 196, 236, 126, 143, 103, 251, 208, 159, 216,  69, 190, 218, 255,  70, 117;
  87,  87, 230,  68, 186,  58,  77, 191, 233, 246, 174, 236,  67,  36, 151, 127,  39, 198, 108, 172, 189, 193, 173,  76,  58,  58,  69, 150, 239, 247, 226, 117;
 167, 116, 242,  22, 237,  63, 246, 220, 251, 234, 253,  79,  74, 232, 223, 190, 253, 238, 118, 127, 165, 119, 222, 234,  54,  30,  69, 190, 207, 255,  90, 135;
  57, 191, 125, 101, 177,  31,  95, 183,  45,  77, 254,  44, 251,  61, 150,  49, 182, 223, 213,  44, 185, 248, 225, 173, 235, 255,  32, 208,  98, 134, 198, 241;
 124,  67,  26, 171,  60, 111,  83,  88,   4, 172, 255,  42, 215, 203,  41,  72, 216, 148, 111, 115,  72, 163,  73, 156, 209, 229, 171, 221,  16, 187, 117,  35;
  65, 165, 158,  30,  29, 168, 225, 103, 238,  23, 138,  24, 174, 224,  38,   7, 161,  35, 106,  13,  38, 105,   2, 109, 152,  54,  90,  27, 192,  68, 171,  14;
  90,  40,  18, 254,  91, 225,  19,  70, 175, 133, 238, 137,  44, 215,  35,  84,  98, 187, 235, 192,   2, 139, 130, 253, 209, 244,  26,  11,  34,   7,  39, 106;
   2, 139,   0, 158,  89, 133, 186, 237, 158,   5, 200, 135, 236, 238,  58,  64, 221,  43, 171, 133, 230,  11,  90, 255, 172,  54, 158, 203,  28,   6, 189, 222;
  88,  76, 187, 252,  17, 204, 113,  51, 189,   6, 110,   0, 191, 231,  32,  82, 164,  63,  41,   0,  72, 173, 178, 171, 227, 245,   2,   9,  18,  32,   5, 106;
 164, 173, 120,  88, 210, 195, 155, 235,  22,  21, 228, 179,  17, 199,  42,  81, 123, 155, 131, 176, 122,  62, 108, 119, 127,   7, 150, 109, 117, 128, 166, 226;
 122, 165, 124, 229, 188,  31, 223, 127,  57, 236, 191,  40, 255,  63, 150,  53, 158, 247, 221, 111, 248, 251, 225, 204, 251, 219, 229, 144,  71, 174, 198, 123;
  77, 188, 187,  96, 112, 142,  91, 154, 118, 233, 126, 108, 215,  23, 209, 112, 183, 221,  29,  60, 139, 156, 169,  31, 253, 175,  37, 196, 168, 130,  66, 121;
 155, 196,  71, 255,  87, 214, 237, 101, 181,  66, 199,  18, 253, 191,  50, 229, 120, 183, 187, 140, 105, 157,  49, 239, 183, 251, 218,   1,  55,  12, 252, 248;
 185, 127,  89, 101,  52,  15,  79, 125,  80, 232, 252,  76, 115,  85, 145,  49,  30, 248,  84, 110, 233, 176, 117,  30, 227, 205,  37, 144, 107, 186,  66, 185;
 184, 129,  39, 187, 159, 197, 235, 105,  86,  65, 199,  19, 121,  93,  56, 229, 120, 139, 155, 189, 123, 171, 123, 151, 253, 235, 154,  73, 119,  14, 244, 226;
 136, 137,  30, 184,  17, 205, 113, 231, 174,  29, 102,  17, 190, 159,  34,  65, 129,  51, 107,  20,  50, 141,  18,  55, 201, 211,  26,  67,  16,   0, 165,  74;
 237, 100, 233,  70, 236,  89, 207, 204,  91, 234, 189,  10,  91, 221, 223, 190,  89, 204, 246, 106, 200, 118, 236, 226, 119, 221, 197,  61,  71, 255,  94, 228;
   0, 206, 127, 221,  78,  98, 189, 238, 212,  87, 126, 178, 112, 118, 165, 109, 111, 115,  34, 160,  32, 238,  39, 127,  68,  46, 114, 129, 245, 216,  37, 233;
 193, 137, 158, 148, 173, 141, 165, 103, 248, 182, 134,  29, 174, 160, 114,  79, 160, 103, 106,  13, 116, 105, 146, 204, 184,  50,  95, 120,   0,  44, 137,  12;
 153,  66,  91, 228,  54,  15,  79, 112,  52, 162, 243,  74,  87,  19, 177,  17,  62, 181,  93, 110, 232, 181,   1,  12, 240, 233,  96,  16, 101, 187,  98,  33;
 187, 149,  39, 255,  93, 215, 101, 109, 149,  69, 231,  18, 104, 247,  42, 229, 248, 178, 187, 168, 121, 143, 123, 159, 183, 251, 154,  83,  51,  14, 244, 254;
  84, 140, 173, 249, 140, 107, 237, 175, 230, 183, 186,   0, 211,  59,  17, 107,  73, 198, 110, 168,  88, 233, 107,  21, 207, 203, 247,  85, 225, 248, 244,  42;
 104, 251, 120, 110, 125, 157,  94, 252, 235,  12, 252,  12, 111, 219,   4,  16, 220, 241, 199, 106, 202,  43, 122, 189, 251, 221,  37, 187,  82, 154, 198, 171;
  32, 175, 220, 221, 236,  75, 245, 159, 222, 191, 180,  56, 179,  49,  65,  91, 201, 254, 110,  16,  56, 250, 225,  56, 207, 195, 247,  49, 208, 248, 214, 170;
 196, 184, 156, 176, 168, 109,  88, 159, 187, 251,   4,  29, 191, 115,  74,  27, 131,  67, 125,  16,  54,  72, 219,  17, 203, 211, 125, 255, 136,  96,  11,  75;
 163,  41, 114,  95,  87, 221, 239,  96,  89,  68, 116,  10,  40, 216, 182,  53, 122, 184,  18,  74, 226, 190, 246, 255, 117,  60,   2,  43,  87, 173, 118, 236;
 130,  88,  79, 173,  82, 198, 111, 117, 165,  68,  70, 197,  53,  71,  32,  85, 102, 185,  31, 238,  97, 156,  16,  77, 245, 162, 170, 128,  60, 160,  36, 250;
  88, 241, 184, 112, 169, 205,  81, 222, 171,  61, 172,   8, 190, 151,  72,  50, 133,  91, 109,  88,  90, 107, 250,  49, 219, 217,  53, 127, 194,   0, 135,  43;
 101, 181, 149, 177, 172, 109, 100, 155,  90, 243,   8,  92, 214, 113,  89, 138, 145,  78, 106,  28,  51, 112, 219,  16, 140, 158,  85, 116, 136, 249, 210, 144;
 104, 182, 250, 245, 237,  43, 113, 119, 127, 191, 118,  58,  38, 177,  72,  27, 235, 190, 238,   0,  48, 122, 193,   8, 223, 211, 116,  51, 226, 200, 198, 139;
  38, 168, 113,  73, 255, 217, 160, 195, 207, 121, 120, 122,  14, 156, 212, 188, 171,  25, 194,  17,  19,  62, 234, 213,  31,  92,  17, 126, 215,  13, 199, 165;
  17, 202,  79, 165,  18, 138, 106, 113,  36, 128,  74, 194, 245,  99,  32,  64, 122, 228,  10, 237,  73, 152,   5,  47, 236, 166, 174,   0,  45, 170,  49, 168;
   5, 160, 185, 107, 188, 141, 137,   9,  78,  49,  25,  80, 151, 217,  88,  32, 157,  25,  91,  29, 146,  40,  91,  17, 205, 156,  59, 124, 208,  10, 131, 160;
 199,  60, 246, 214, 227, 252,  62,   4, 185, 195,  79, 148, 236, 254,  39, 255, 166, 119, 251, 210, 181, 221, 182, 226, 159, 122,  94,   3, 142, 247, 171,  84;
  88,  13,  26, 188,  27, 238,  80, 103, 173, 133, 238,   1,  46, 179,  34,  82, 160, 247, 233,   0,   0, 139, 146, 238, 243, 245,  18,  27,  32,  80, 173,  10;
 245, 105, 232, 100,  76,  95,  94, 152,  99, 224, 166, 136,  83,  12,  87,  58,  30, 196, 124, 238, 205, 102, 253,   8, 119, 217,   5,  61, 101, 187,  66,  84;
  77, 179, 188,   7, 165, 191, 246, 152, 111, 233, 127,  77, 254, 120, 159, 164, 148,  78, 238,  95, 151, 176, 255,  41, 174, 125,  37,  86, 202, 127, 203, 213;
 237, 250, 225,  85, 225,  28, 236, 182, 122, 250, 118,  93,  89, 190, 215, 191, 135,  77, 244,  14, 229, 126, 254,  66,  14, 123, 117, 172, 203, 244,  74, 221;
 191, 149,  53, 250, 157, 215, 211, 105, 151,  89, 197,  18,  90, 221,  42, 229, 249, 146, 251,  98, 127,  39, 123, 183, 219, 251, 195,  95,  19,  15, 252, 118;
  44,  14, 238, 255, 213, 182, 254,  51,  20,  15, 126, 135, 105, 107,  51,  64,  77, 102, 163, 140, 152, 152,  83, 175, 111, 239, 246, 129, 183, 239, 252, 202;
 167, 125, 228,  31, 237,  63, 246, 207, 219, 250, 249,  95, 202, 248,  95, 138, 249, 111, 114,  39, 165, 119, 222, 250,  54,  30,  71,  62, 205, 127, 219, 151;
  33, 172,  89,  97, 116, 175, 107,  26, 118, 161, 126,  72, 179,  19, 145, 112,  55, 156,  22,  60, 163, 156,  97,  31, 109, 143,  49, 196, 164, 129,  66, 168;
  82, 104,  59,  94,  91, 193,  19,  72, 175,   5, 232,  43,  44, 215,  37,  80, 234, 187, 203, 194,   2,   3, 170, 125, 147, 164,  10,  59,  49,  19,  39, 106;
  57, 197, 121,  77,  52,  15,  79,  57, 116, 168, 127,  72, 243,  97, 144,  53,  30, 236,  20, 110, 233, 184, 101,  31, 102, 239,  33, 132, 119, 186, 194, 168;
 173,  44, 233,  87, 229, 123, 239, 172,  89, 226, 189,  26,  91, 124, 223,  59,  91, 206,  87, 170, 237, 246, 252, 170, 119, 219, 229,  53, 231, 251, 214, 230;
 162, 167,  44, 187,  25, 133, 152, 239, 159,  29, 137, 149, 236, 206,  58,  65, 221,  11, 235, 133,  62,  75,  90, 247, 173,  80, 155, 255,  16,  12, 189, 222;
 194,  20, 215,  69,  34,  98,  41,  18,  60, 194,  99, 196, 253,  39, 165, 126,  54,  53, 127, 168,  33, 148,  17,  74,  69, 170, 114, 128, 168, 225,  39, 185;
  90, 156,  30, 190,  27, 229,  16, 103, 190,  15, 138,  17, 172, 155,  34,  64, 225,  51, 171, 129,  30,  15,  18, 247, 211, 247,  26,  91,  16,   0, 173,  10;
  78, 251, 246, 242, 163, 221,  62, 244, 175, 249,  55, 237,  76, 255, 239, 191, 183, 117, 253, 114, 151,  65, 170, 240, 187, 215,  79, 239, 206, 183, 175, 119;
 124,  67,  27, 233,  60,  79,  91,  88,  36, 172, 255,   8, 215,  71,  41,  80, 216, 156, 109, 106,  72, 179,  65,  12, 241, 229, 163,  21,  48, 187, 116,  35;
 216, 241, 184, 112, 185, 205,  81, 222, 235,  61, 164,  28, 190, 215,  72,  18, 133, 159, 109,  88,  74,  75, 250,  17, 251, 217,  21, 126, 202,   0, 199,  59;
  56,  65,  95, 239,  20,  10,  79, 124, 100,   0, 251,  70, 115,  67,  57,  17, 122, 136,   4, 234,  73, 178,  89,  61, 225, 233, 160,   0, 125, 187, 114, 160;
  77,  54, 249, 119, 178, 126,  57,  19,  56, 203,  95, 252, 221, 119, 203, 184,  55, 127, 181, 156, 177, 212, 189,  14, 206, 239, 125, 192, 174, 231,  15, 113;
  89, 183,  57, 103, 179, 127,  23, 183,  51, 239,  63, 236, 223, 119, 202, 180, 151,  31, 212,  60, 157, 152, 185,  30, 234, 223,  53, 246, 234, 198, 143, 115;
  65, 233, 174, 148, 204, 136, 165, 103, 234, 151, 198,   9, 166, 160,  98,  94, 161, 103, 106,  13,  84,  79, 130,  97, 252,  50,  94,  59,   0,  24, 139,  78;
 192, 176, 156, 182, 168, 237,  16,  11, 186, 251, 129,  57, 254,  51,  74,  91, 135,  23, 253,  17,  54,  77, 219,  19, 203, 215, 125, 127, 152,  64, 143,  27;
 128,   8,  79, 173,  66, 226, 105,  54, 164,  66,  66, 199,  53,   7,  33,  80,  98, 165,  59, 236,  33, 148,  48,  76, 197, 162, 250, 128,  36, 161,  39, 249;
  90, 159, 166, 190, 155, 208, 156, 231, 158,  87,  75, 147, 108, 238,  42, 195, 231, 115, 171, 133, 118,  73,  30, 247, 185, 103, 222, 203, 144,  68, 173,  94;
 193, 135,  30, 158, 153, 176, 180,  47, 238,  17, 224,  80, 172, 242,  32, 235, 193,  51, 234, 128,  54,  73, 195, 117, 252,  50,  90,  75, 152,  64, 171, 142;
  37,  16, 221,  69, 226,  11,  97,  31, 110, 225, 118, 124, 215,  49, 136,  58,  55,  84, 118,  56, 145, 248, 117,   0,  76, 170, 117,  84, 232, 232, 194, 177;
 220, 215,  80, 102, 170,  26,  86, 188, 105,  40, 191, 232,  79, 115, 137, 210,  54, 213, 236,  98,  88,  33, 137,  47, 242, 245,  37, 151, 106, 243, 139,   3;
  88,  65, 121, 225,  52,  78, 107,  24,  36,  40, 247,   0, 215,  23,  25, 112, 126, 156,  29, 232,  73, 146, 113,  12, 215, 237, 162, 132,  32, 162, 102,  33;
  32, 233,  56, 110, 124, 143,  95, 252, 235,  44, 252,   9, 247, 221,   2,  16, 220, 249,  71, 110, 202,  42, 106,  61, 231, 221,  37,  56,  80, 154, 198, 219]