[208, 213, 159, 252,  10,  76,  23,  57, 160, 210, 131,  16, 247, 119,   8, 115,  38,  85, 125, 234, 105,  69, 187,  13, 241, 163,  98,  24,  32,  32, 167,  50;
 161, 161,  97,  71, 124, 159, 234,  57, 236, 224, 179,  72, 210, 200, 220, 166,  24,  36, 122, 111, 197, 177, 253,  93,  44,  24, 133, 116,  77, 170,  82, 164;
 236, 171, 236,  23, 109,  89, 253, 160,  83, 244, 116, 171, 203,  44, 215, 159,  10, 236, 230,  79, 228, 126, 238, 160,  78,  91, 245, 169, 103, 172,  94, 204;
 127,  13, 226,  68, 124,  19, 206, 120,  67, 224, 190,  10,  99, 233, 245,  54, 120, 228,  55, 234, 205, 115, 236, 232, 122,  92, 133, 188, 231, 255,  80,  36;
  88, 123,  59, 102,  50, 159,  50, 244, 236, 136, 187, 108, 255, 248,   0, 176, 182, 125, 204,  67, 128, 161, 128,  14, 241, 229,  35,  27,  96,  50,  15,  51;
  31, 253, 194,  70, 241, 191, 110, 246, 123, 170, 126,  76,  74, 233, 215, 148, 183, 238, 212, 126, 237, 178, 152, 254, 190, 223,   5, 166, 234, 255, 202,  29;
 100, 227, 201,   2, 220,  73, 227, 204, 234, 189,  61,  72, 112, 192,  93,  18, 184,  10,  66,  93,   3,  35, 234, 112,  61,  13,  37, 253, 193,  18,  87, 232;
 111,  81, 228, 127, 169,  61, 220, 156, 139, 125, 189, 141, 238, 124,  95,  26, 135, 215, 253,  87, 150,  96, 251, 241, 143, 123,  93, 191, 223, 255, 221,  87;
   6, 201,   2, 155, 150, 131,  46, 101,  20,   1,  83,  18,  76, 202,  48,  73, 126,  41,  19, 211, 114, 152,   8, 254,  44,  38, 158, 192, 148,  11, 161, 128;
  86, 127, 134, 148, 203, 126, 190, 231, 185, 254, 138, 239,  76, 238,  71, 223, 167, 231, 253, 167, 229, 213, 186, 232, 185,  50, 207, 135, 141, 116,  47,  95;
 117, 117,  91,  65, 245, 127, 198, 169,  97, 232, 191,  72,  82, 120, 221, 178, 152, 196, 124, 122, 157, 179, 253,  12,  63, 221,   5, 118, 235, 251, 202,   6;
 199, 171, 151,  81, 233, 124, 188, 131, 169, 250,  44,  93, 140, 174, 212, 159, 167, 111,  97, 222, 209,  90, 210, 224,  14,  24,  95, 238, 202, 116, 171, 149;
  75, 212, 196,  95,  15,  22, 236, 191, 247,  90,  78,  86, 104, 241, 158, 230,  49,  68, 248, 142, 193, 197, 159, 227,  39, 126, 213,   6,  43, 244, 248,  28;
   9,  28, 125, 127,  96, 175, 125,  51, 117,  58, 119,  80, 243,  51, 128, 121,  23, 182,  52,  40, 168, 184, 113,  29, 199, 251, 113,   0, 122, 224,  64,  33;
 108,  45,  21,  97, 225, 126, 101, 183,  97,  50, 110,   8, 155,  51,   1, 181,   1, 142,  64,  40,  89, 184, 241,  14, 231, 251, 100,  68, 194, 240, 194, 160;
  40, 237,  60, 122, 104, 233,  83, 254, 226,  28,  60,  40,  55, 209,   0,  16, 129, 186,  69,  66,  74,  42,  74,  53, 207, 131, 112, 121, 112, 201,  70, 171;
 209,  37,   2, 164,  16,  42,  74, 107,  48, 160, 138,  72, 231, 194,  16, 177, 178, 237, 124, 163, 124, 219, 133,  14, 176, 225, 171,  49,  32,  32,  43,   0;
  82, 141,  82, 128, 214, 162,  62, 231, 189,   1,  90, 146,  12, 174,  32,  65, 119, 251,  31, 225,  48, 153,   0, 254, 184,  20, 142, 206, 180,  65, 161,   1;
 163,   0, 102, 217,  84,  51, 168,  74,  86, 115,  83,  18,  64, 136, 188, 105, 121,  13,  51, 145, 164, 246, 103, 214,   4,  42, 218, 192,  21,  13, 112, 132;
  35,  16, 103, 137,  77, 215, 168,  73,  70, 105, 210,  71,   8, 156,  54, 236, 232,  12,  58, 141, 135, 187, 119, 209,  23,  40, 154, 194,  95,  12, 120, 222;
   1, 250,  57, 217, 100, 237, 181, 222, 126, 123, 116, 116, 156,  23, 192,  57, 135,  26,  23,  26, 179, 124, 113, 113, 197, 159, 114, 232, 216, 209, 131, 249;
 241,  73,  78, 206,  76,  22,  78, 245, 213, 200, 246,  70, 115, 202, 183, 115, 120, 228, 126, 234, 237, 163,  47, 237,  50, 235, 231, 152,  61, 186, 248,  12;
 220, 149, 217, 229, 182,  10, 111, 189,  48, 161, 127, 242, 223, 119, 216, 114, 118, 223,  61, 250,  89, 144, 169,  10, 252, 173, 167, 196,  36, 163, 129,  33;
  80,  13,  27, 254,  18, 132, 122,  98, 172,   0, 235,   0,  63, 179,  32,  80, 166, 183, 105, 194,  80, 137, 144, 111, 241, 228,  10,   8,  64,   3,  35,  34;
 184, 233, 121, 110,  77, 205,  71, 121,  99,  36, 165,   8,  55, 209,   0,  16,  24, 184,  68,  74,  74,  38, 122,  29, 243, 201,   1,  60, 114, 186,  70, 234;
  34, 167, 102, 155, 253, 249, 168, 237,  15,  53, 217, 187, 136, 172,  94, 137, 201, 139, 235, 149,  22, 122, 206, 213,  28,  16, 218, 239, 213,  78, 223, 220;
 159, 141, 103, 119, 150,  34, 111, 185, 113, 243,  95, 210,  89, 111, 157, 239,  63, 214,  53, 255, 249, 208,  45, 238,  62, 234, 231, 196, 167, 247, 240, 113;
  67, 145, 149, 211, 171,  70,  77, 191, 175, 249,   2,  68, 252,  55,  72, 255, 167,  87, 125, 222, 211, 201, 187, 240, 143,  58,  95, 214, 138, 212, 129,  61;
 216, 149, 243, 254, 195,  76, 117, 183,  49,  19, 110,  16, 126, 247,   8, 114,  51, 215, 121,   8, 113,  94, 179,  99, 245, 239,  86,  10,  34,  80, 167,  43;
 218, 193,  54, 214, 203, 212,  61, 101, 173,   1, 199,  16, 172, 214,  44, 244, 160, 179, 251, 129,  82, 141, 178, 225, 181, 240,  94,  11,   2,   6, 167,  46;
 109, 121, 161,  69,  81,  95,  75,  48,  33, 232, 190,  76, 219,  23,  81, 182,  20, 244, 253, 236, 201, 144, 241,  12, 111, 217,  37, 176,  74, 167,  70, 121;
  44,  97,  77, 105, 120,   7,  75, 216,  32,  40, 253,  72,  83,  83, 153,  16,  88, 136,  23, 238,  72, 146,  73,  28, 102, 137, 161, 172, 113, 178,  98, 162;
 122, 178,  96, 250,  95, 245, 152,  72, 139,  92, 149, 171,  42, 220,  95,  24, 184, 153, 215, 209,  14, 103, 250, 241, 155,  81, 137, 187, 119,  15,  22, 215;
   9, 156, 254,  91, 228, 188, 249, 183, 252,  91,  87,  48, 249, 127, 158, 237,  39,  98, 183, 156, 179, 252,  39, 231,  79, 127, 242, 192, 134, 133, 241, 249;
  48, 135,  78, 174,  20, 130,  70, 103, 133,   1, 203,  66, 115,  99,  40,  64, 120, 162,  11, 161,  88, 139,   1,  93, 176, 164, 130,  65,  52,  10, 240,   8;
 136, 240,  62, 125, 110, 133, 181,  93, 254,  24, 116,  34,  60, 223,  33,  33, 238,  57,  55,   8, 194, 167,  50,  93, 119, 169,  35, 136,  81, 152,  97, 171;
  24, 247, 122, 111, 114, 130,  63, 245,  36,  12, 126, 231,  57, 135, 170,  16,  54, 155, 135, 224, 210, 154,  36, 127, 118, 173,  34, 193, 103, 146, 167, 249;
 237, 120, 211,  86, 225,  28, 110, 180, 233, 202, 102,  76, 122, 242, 197, 254,  36, 228, 112,  78, 193, 118, 178, 226,  23,  62,  85,  10,  74, 247, 106,  44;
  88, 103, 254, 124,  42,  96,  92, 127, 171, 142, 252, 169,  47, 239, 162,  82, 182, 177, 237, 160,  74,  75, 130, 223, 242, 247, 125, 155, 178, 228, 167,  75;
  34, 167,  64,  51, 220, 137, 160, 235,  90, 181, 129, 187, 129, 232,  94, 128,  89, 139, 227, 149, 126, 122, 206,  55,  12,   6, 157, 125, 213,  12, 222, 132;
 227,  34, 108,  29, 108,  41, 232,  73, 232, 254, 177, 253, 128, 136, 214, 139, 200,  44, 110,  15, 132, 103, 198,  64,   4,  58, 250, 184,  69, 236,  90, 196;
  66,  17, 109, 153,  42, 192, 185,   3, 174,  85, 214, 179, 140, 158, 214, 106, 102,  27, 251, 145,  22,  24, 231, 209,  71,  48, 186, 195, 148,   0, 165, 247;
  71, 184, 134,  28, 201, 180, 172, 207, 191, 211, 136, 221, 232, 226, 119, 254, 205, 107, 250, 157, 135,  79, 158, 243,  26, 126, 223, 110, 154, 116, 171, 156;
  39, 110, 228,  17, 172,  59, 174, 204,  94, 242, 246, 231, 203, 232, 223, 174,  95,  78, 214, 255, 236, 244,  77, 162,  46,  94, 207, 183, 223, 255, 219, 148;
  41, 133,   7, 201, 189, 167,  99, 127, 149,   9, 218,  64, 178,  17, 176, 229,  88,  42,  30,  56, 187, 169,  81, 191,  45, 158, 160,  80,  26, 200, 240, 169;
 246,  77, 224, 172,  44,  47,  74, 200,  95, 170, 176,  10, 227, 232,  53,   9, 216, 232,  95,  99, 168, 103,  72, 187, 144, 217, 193, 188,  85, 121,  82,   8;
 208,  80, 191, 118,  10,  72,  85,  61, 176, 214, 167,  57, 247, 119,   9,  91,  34, 212, 109,  34, 105,  71, 251,  13, 209, 163, 116,  24,  96, 176, 167, 122;
 166, 108, 242,  94, 109, 176, 229,  67, 249, 142, 253,  24,  40, 249, 245,  63, 169, 248,  83, 152,  32, 231, 162,  66,  23,  62,  86,  43, 195, 113, 102, 167;
 185, 157, 126, 121, 179, 223, 119, 123, 117, 104, 126,  48, 123,  63, 132,  53,  62,  18, 198, 104, 249, 188,  37, 159, 111, 219,  96, 192, 119, 128, 230, 171;
  47,  41, 242,  64, 197, 125, 251, 192, 107, 229,  60,  10,  10, 189,  87,  62, 185, 252, 211, 216, 144, 114, 242, 192,  95,  93, 133,  47, 195, 255,  86, 230;
 244,  68, 236, 100, 132, 122,  87, 248, 113, 246, 173, 157,  83, 109, 223,  59,  89, 196, 204, 110, 252, 231, 125,  10, 243, 207, 229,  21, 231, 255, 222, 210;
  88,  78, 211, 101,  50,  75,  58, 120,  60, 224, 126, 234, 127, 103, 129,  16,  54, 253, 164, 226,  33, 148, 165,  79, 246, 231,  35, 129,  39, 179,  15,  81;
  73,  17,  35, 101,  48,  78, 107,  49,  52,  76,  86,  68, 247,  23, 128, 116, 148,  60, 125, 108, 201, 152, 241,  13, 229, 253, 160, 128,  10, 162,  68, 121;
   3, 148,  18, 153, 116, 189, 248,   2, 127,  75, 112,  84, 174, 152, 182, 236, 167,  43,  22,  29, 183, 188,   4, 215,  14,  30,  26, 194, 220,  12,  73, 133;
  86, 250,  59, 186,  57, 193,  19, 192, 190,  95, 131, 173, 238, 222, 111,  83, 231, 249, 239, 194, 110,  79, 186, 119, 217, 144,  11, 251,  24,   3,  37,  83;
  44,  52, 170,  56,  69, 191, 240,  90, 119, 251, 127,  31,  19, 185, 115,   8, 217, 136, 103,  21, 174, 247, 218,  18,  87,  79,  49, 109, 233,  73, 122, 210;
  37, 189, 219,  95, 240, 141, 167, 113, 126, 200, 105,  68, 112, 240, 165,  52,  58, 106,   2,  74, 211, 186, 184, 127,  45,  44,  39,  40,  73,  35,  99, 165;
 170, 222,  17, 158, 251, 221, 150, 230, 159, 122,  80, 239, 172, 158, 165, 165, 207, 123, 151,  71, 231,  94, 106, 255, 181,  82,  95, 186,  30,  28,  13, 253;
 233,  16, 210,  84,  97,  28, 240,  49, 121, 234, 119, 124, 122, 144, 198, 253, 182,  44, 166,   8, 229, 246, 176, 202,  22, 251, 113, 138,  74, 164,  74, 149;
 226, 184, 185, 113, 160, 237,  81, 159,  59,  93, 118,  60, 159, 157,  68,  56, 133,  31, 253,  16, 187, 124, 243,  17,  79, 251,  48, 246, 194, 128, 198, 123;
 216, 113,  19, 230,   2, 204, 117,  53,  48, 194, 226,   8, 191,  23,   0,  49,  34, 188, 108,  74,  73, 156, 177,  12, 241, 232, 112,  16,  96,  16, 135,  59;
   3, 138, 166, 159,  29, 134, 184, 168, 150,  21,  82, 131, 236, 238,  59,  67, 222, 107, 187, 197, 198, 216,  14, 253,  13,  50, 223, 129,  21,  46,  53,  88;
 131, 226, 114,  25,  95, 159, 184, 103, 127,  37, 242, 183, 172, 136,  54,   0, 238, 139, 195, 149, 214, 189, 199, 215,  60,  22,  26, 203,  69,  12, 171, 205;
  49,  34, 104,  33,  52, 159, 232,  83, 126, 233, 246, 215, 147,   8, 150,  32, 234,  41,  94,  13, 156, 188,  69,  28, 198,  77,  58, 192,  77,   8,  91, 140;
  60,  98, 170, 119, 224,  60, 112, 220,  19, 191,  95, 253, 199, 237, 219, 138, 149,  94, 165,  21, 148, 244, 235,   0, 142, 211, 117, 173, 226, 255,  14, 241;
 162, 250,  80, 115, 106, 137, 176, 214,  59,  63, 112, 253, 143, 139, 198,  25, 238, 153, 231,  83, 198, 126, 194, 241,  22, 208,  50, 227,  77, 156, 207, 159;
  79, 237, 211,   2, 247, 123, 126, 220, 235, 232, 159, 106,  76, 248, 221, 182, 179, 198, 254, 122, 197,  51, 172, 226,  62,  92,   5, 247, 207, 247, 218,   5;
 158,  98, 236,  55,  44,  57,  76, 232,  57, 246,  85, 157, 239, 111, 223, 143,  23,  68, 245,  47, 236,  84, 175, 160, 134, 211, 253, 169, 166, 247,  30, 244;
  96, 200, 215,  79,  92,  76,  99, 150, 239,   1, 110,   8, 242, 243,   4, 118,   1, 102, 104,  72,   3, 184, 251,  33,  71, 190,  21,   0, 194, 179,  68,  40;
 124,  51, 250, 240, 170, 233,  81,  91, 163, 189, 173,  57,  23, 181,  75,  26,  35, 150, 109,  16,  26,  99, 170,   0, 217, 197, 117, 125, 226, 225, 134,  99;
  58,  92,  96, 124,  27, 119, 218, 120, 149,  78, 252, 175, 107, 125,  55,  37,  94, 249, 151, 231, 172, 162, 116, 189,  83, 255, 201, 187, 119, 255,  84, 247;
 104, 180, 133, 119,  13,  78,  68,  53, 161, 250, 174,   8, 202, 117,   0, 151, 129, 244, 233,  40,  73, 233, 243,  12, 131, 243,  85,  19,  66,  38,  86,  58;
 237,  89, 212,  63, 203,  30,  63, 184, 232, 242, 167,  93,  92, 114,  15, 251,  39, 101, 248, 230, 229, 197,  95,  46,  86, 235,  69,  22,  58, 119,  11,  87;
 246, 124, 224, 184, 203,  97, 157, 206,  19, 215, 164, 187,   8, 190, 119,  28, 219, 211, 179, 209,  46, 111, 246, 242,  27,  86, 223,  63, 245, 117,  38,  94;
 108, 160, 145,  80, 201, 109,  64, 203, 251,  25, 165,  24,  14, 209,  72, 189, 145, 154, 232,  24,  27,  99, 218,  81, 155, 221,  81, 126, 194,  65, 202,  34;
 201, 213,  21,  79, 189,  94,  70,  61, 229,  88, 175,  80, 250, 115, 136, 247,  64, 198, 124, 106, 121, 169, 121, 221, 167, 250,  64,  16,  58, 178, 192,  36;
 112, 233, 184, 122, 188, 205,  87, 254, 131,  29, 172,   9,  50, 215,  74,  16, 201, 242, 109,  64,  90,  43, 234,  53, 251, 221,  52, 121,  80,  26, 198, 106;
  90, 188, 149,  91, 187, 249, 176,  39,  63, 123,  43, 116, 172, 182, 132, 253, 167,  63, 236,  16,  51,  73, 187, 247, 137, 246,  90, 226, 202,  68, 135,  63;
  48, 150,  21, 184,  62, 171,  16, 122,  31, 185, 176, 125, 134, 146, 160, 209, 215,  17, 238,  17,  43, 111,  67,  63, 136, 214, 121, 246,  24,   8,  13,  27;
  95,  33,   7, 169,  56, 178, 106,  16, 173, 225, 219, 199, 221, 206, 145, 252, 126, 165, 127, 255, 157, 147, 229, 200, 148, 116, 171, 212, 142, 167,  57,  85;
 221, 128, 251, 117, 160,  58, 105,  17,  52, 193, 119, 144, 223, 103, 154, 122,  55, 220,  61, 156, 153, 244, 229,   2, 206, 239, 115, 196, 231, 224, 194, 113;
 169,  45,  81,  69,  84, 139, 103,  51, 112, 160, 107,   8,  51,  49, 149,  53,  24, 108,  66, 106,  97, 176,  85,  46, 101, 168,   1,  32, 103, 168,  82, 168;
 136, 148,  50, 250, 113, 236, 112,  87, 191,   9, 117,  16, 174, 159,  44,  92, 165,  59, 215,  16, 178, 173,  18, 215, 203, 253,  18,  74, 210,   0, 231, 139;
 252,  97,  21, 102, 137,  78,  71, 184, 224, 146, 167,   8, 219, 115,   9, 243,  16, 212,  76, 106, 105,  67, 248,  12, 241, 233,  69,  60,  98, 179,  66,  34;
  80, 169, 154, 180, 146, 136,  84, 103, 170, 128, 202,  72,  55, 211,  96, 210, 162, 251, 237,  64,  90,  11, 130,   9, 187, 229,   4,  27,  32,  32, 175,  10;
 221,  29, 109, 255, 168,  54, 110, 185,  52, 194, 223, 215, 241, 110, 153, 115, 119, 199, 125, 239, 253, 193, 127, 111, 230, 235, 239, 144,  28, 243,  57,  81;
  99,  87, 111,  69, 244,  30, 111,  53, 117, 200, 222, 228,  83,  44, 150, 245,  94, 230,  92, 239, 221, 186, 101,  76,  38,  62, 228, 128, 111, 246, 250, 125;
  95, 209, 196, 231, 133,  38, 107, 148,  35,  49,  95, 194, 217,  59,  24, 198,  38, 215, 253, 217, 153, 208, 217, 160, 142, 251, 222, 196, 175, 151, 248,  32;
 142, 243, 180,  17, 239, 157, 180, 223, 223, 127,  48, 124, 172, 200, 221, 142, 167,  27, 239,  17, 199, 101, 139, 209, 173,  80,  93, 254, 218,  92, 143, 157;
  75,  56, 211,  68, 227,  92,  76,  51,  57, 202, 111,  72, 126, 247, 197, 246,  55, 244, 252,  42, 193,  87, 179, 202,  19, 254,  85,  42,  10, 246,  34,  61;
 136, 222,  92, 253, 234, 137, 189, 190, 158,  31, 116, 181, 188,   7, 171,  91, 199,  67,   7,  68,  98,  76,  66, 117, 102, 179, 118, 141,  28, 216, 133, 219;
  40, 251, 122,  97, 114, 219, 113, 127,  51, 236, 124, 237,  31, 159, 194,  16,  54, 157, 199,  80,   2, 254, 136,  85, 126, 193,  37, 229, 111, 130,  78, 219;
  15, 182, 239, 133, 242,  50, 169,  91,  62, 231,  94, 246, 221, 230, 211, 102,  55,  77, 127, 189, 183, 216, 165, 202,  92,  15, 191, 228, 175, 228,  49, 241;
  77, 179, 175,  87, 160,  62,  61, 145, 106, 251,  15, 228, 221,  55, 219, 234,  39,  86, 249, 156, 147, 208, 191,  96,  79,  47, 255, 196, 142, 247, 171, 113;
 160, 175, 236, 125, 248, 163, 149, 255, 150, 191, 244, 177, 241, 231, 134,  11,  73, 122, 103, 136, 122, 254, 227,  63, 110, 139, 245, 185, 241, 240, 198, 235;
  38,  37,   2, 138, 212, 161, 174, 193,  22,   1,  89,  18,  96, 200,  57,  64, 120, 106,  19, 211,  50, 178,   8, 254,  40,   4, 138, 192, 213,  27, 240, 128;
  84,  41, 152, 100, 224,  40,  66,   0,  98, 160,  43,   8,  87, 243,  65,  18,  51, 254, 104,  24,   8, 114, 136,   0, 217, 237,  69,  56, 224, 227,  66,  34;
 220,  50, 152, 176, 170,  45,  88,  19, 178, 183,  35, 221, 143, 163,  66,  27, 167, 183, 237,  20,  28,  79, 146,   0, 220, 195, 125,  61, 168, 224, 143,  82;
  93,  65, 149, 101, 176,  14,  79, 152,  36, 168, 162,  64, 215,  51, 129, 123,  18,  84, 124, 122,  41, 193, 217,  12, 232, 234, 103,  20, 168, 179,   1,  32;
  45, 237, 225,  79, 252,  23, 207, 252,  83, 232, 252,  74, 115, 104, 149, 164,  89, 202,  22, 238, 201, 122, 125, 189,  63,  78, 165, 188, 127, 191,  80, 236;
   7, 182, 196, 145, 242,  51, 172, 159,  58, 251,  57, 244, 204,  98, 222, 159,   7,  79, 247, 156, 183, 208, 207, 240,  12,  30, 255, 230, 142, 213, 139, 149;
 168,   4, 197, 231, 180,  70,  77,  61,  22, 234,  67, 240, 241,  39, 128,  97,  89, 212,  53, 168, 105, 220, 105,  14, 237, 166, 245, 132, 172, 232, 144,  56;
  32,  44,  61, 115,  93, 237,  65,  34,  99, 173, 172,   8, 178,  21,   0,  52,  73, 186,  66,  24,  26,  58, 112,  61,  79, 159,  16, 113, 194,  11,  70, 234;
 252, 253, 144, 234, 157,  77,  82, 156, 143,  41, 172,  24, 223, 223,  72,  80, 217, 210, 253,  82, 122,  43, 219, 179, 251, 221, 133, 127,  82,  27, 210,  18;
  94, 122, 168, 188,  58,  12,  88,  88, 163, 205, 148, 237, 159, 111, 131,  27, 134, 245, 253, 133, 140,  67, 192,   8, 218, 231, 105, 185, 172, 167,  42,  83;
  45, 189, 111, 115, 244,  14, 239, 182, 112, 248, 118,  68,  83,  57, 149,  49,  41,  70,  23, 125, 185, 248,  57,  44, 111, 203, 245, 196, 239, 249, 114, 233;
  74,  24, 253, 113, 160, 236, 121,  19, 175, 127, 118, 125, 159,  31,  83, 123, 135,  53, 125,  29, 139, 212, 243, 192, 199, 249, 112, 194, 162, 192,  70, 115;
 118, 179, 255, 225, 240,  78,  93,  17,  49, 251, 151, 253,  94,  63, 200,  62, 159, 149,  85, 176, 185, 210, 225, 194, 202, 212, 109, 198, 134, 224, 134, 115;
 102, 169, 236,  21, 237,  89, 208, 131, 219, 245, 165, 153, 131,  44,  86,  30, 137, 228, 225,  17,  28, 106, 238, 128,  79,  87, 213, 127, 199, 237, 222,  70;
 105, 181, 211,  87, 209, 124, 116, 215, 121,  67, 110,  72,  58, 179,  12, 182, 179,  94,  80,   8,  83, 248, 176, 233,  55, 254,  20,   2, 202,  80, 203, 174;
 103, 255, 219,  70, 246, 242, 190, 228, 233, 224, 126, 234,  72, 248, 245, 180, 191, 255, 210, 243, 197, 179, 172, 238,  62,  28,   7, 235, 207, 247, 235, 141;
  44, 115,  73, 105, 116,  79,  71,  56, 100, 236, 125, 100,  83,  19, 139,  16,  88,  12,   4, 106, 201, 178, 105,  28, 102, 233, 161, 148, 122, 187,  86, 225;
 118,  96, 224,  18, 217, 233, 208, 207, 147, 183, 161, 155,   2, 200,  95,  26, 169, 201, 225,  17,  46, 103, 206,  50,  57,   6,  21, 127, 241,  93, 214, 198;
 105, 103, 120,  69, 116,  30,  75,  56,  96, 172, 126,   8, 251,  33, 215, 180,  30, 236,  84, 236, 200, 178, 229,  14, 110, 253, 165, 164, 102, 178,  74, 169;
  58, 175,  99,  78,  95, 219, 247, 238,  83, 228, 252, 171,  42, 204, 254, 148, 122, 234, 131,  99, 122,  58, 238, 255,  54,   4, 129, 171, 119, 159, 246, 254;
  41,  19, 253, 127, 224,  46, 109,  55, 117,  43, 123,  84, 211, 115, 144, 121,  20,  46,  38,   8, 145, 184, 113,  29,  71, 255, 112,   0, 112, 226, 192, 161;
 187,  88, 108, 109,  38,  23, 223, 220,   6,  72,  84, 166, 121, 125, 187,  32, 126, 241, 183, 238, 201, 180, 111, 191, 119, 239, 233, 128, 119, 191,  84, 249;
 216,  96, 189, 244,  42, 104,  85,  31, 160, 150, 131,  56, 247, 183,  73,  91,  39, 213, 125, 130, 105,  71, 227,   3, 209, 227, 116,  29,  32, 240, 166, 115;
 239, 183, 109,  74, 123,  83, 159, 248, 199, 236, 157, 237,  90, 253, 191, 180, 158,  85, 255,  99, 237,  35, 111, 158, 123,  93,  37, 255,  94, 254,  30, 119;
  72, 148, 211, 222, 195, 108, 117, 183, 179,  19, 111,  32,  94, 247,   8, 246,  51, 159, 240,   8,  83,  91, 186, 195, 247, 254,  80,  78, 194, 192, 166,  43;
 216, 177,  17, 111,  33,  78,  69,  61,  33,  74, 235,  72, 255,  23,   8, 245,  18, 158, 124, 106,  89, 146, 241,  69, 225, 241,  96,   0,  42, 130, 131,  51;
 219, 254,  67, 160,  50, 187,  74, 210,  57,  97, 219, 255, 143,  10, 146, 208, 182, 141, 157, 247, 175, 158, 141, 255, 184, 212, 170, 238,  46, 135,  43,  85;
  71, 105,   7, 169,  60, 158, 107,  80, 237, 200, 218, 196, 157, 134, 177, 228, 230,  37, 126, 255, 149, 153, 165, 192, 148, 124, 170, 212,  12, 167,  49, 117;
  97,  51, 107, 101, 112,  14, 107,  49, 117, 104, 127, 104, 243,  23, 144, 116,  20,  60,  21, 108, 201, 144, 225,  13,  36, 253, 160, 128,   8, 130,  66, 121;
   3, 128, 154,  25, 100, 189, 232,   2, 127,  89, 114,  84, 188, 136, 246, 233, 171,  43,  22,  21, 151, 252,  22, 209,   6,  30,  18,  64, 220,  12,  73, 132;
  66,   2, 166, 156,  13, 132, 168,   8, 142,  20, 194, 131, 236, 206,  58,  66, 220,  41, 187, 197,   6,   1, 194, 221,   5,  48, 139, 137,  20,  46,  53, 192;
 129, 156,  31,  89,  52, 191, 176,  55, 252,  89, 114,  80, 188,  26, 148, 169, 134,  51,  94,  25, 183, 252,  35,  87,   7, 251, 114, 194,  72,   0,  73, 141;
   8,  80, 126, 253,  67, 215,  60,  94, 150,  10, 116,   2,  61, 159,  32,  72, 252,  57, 147, 128,  66, 154, 114, 221,  71, 235, 250, 131, 115,  16, 164, 187;
  67, 174, 172, 154, 169, 180, 156, 199, 170,  31, 156, 133, 172, 234,  86,  74, 197,  99, 255, 149, 150,  79, 222, 241, 154, 119, 222, 251, 152,  84, 187,  78;
 119, 188, 195,  38, 245,  73, 194, 200,  59, 224, 169, 237,  82, 252,  76, 144, 155, 220,  69, 115,  95,  35, 216,  42,  56,  28, 133, 126, 205,  43,  82, 150;
  35, 134,   4, 217,  61, 191, 200,  62, 223,   9, 220,  84, 162, 192, 180, 229, 217,   0,  30,  60, 191, 172,  71, 159, 142, 222, 144, 218, 154, 140,  88,  13;
 207, 216, 235,  91, 228, 156, 251, 148, 254,  91,  86,  52, 249, 223, 254, 236,  55,  42,  55, 221, 199, 188, 174, 243,  78, 127, 190, 200, 150, 149, 249, 249;
  39, 240, 208,  90, 235, 245,  16, 204, 219, 123, 165,  61,  40, 222,  78, 188, 157, 155, 242,  16, 143,  78, 218, 243,  31,  94,  21, 255, 219,   6, 202, 159;
 143, 122, 155, 155, 114, 169, 187, 146, 190,  95,  84, 245, 188, 198, 171, 137, 167,  43, 207,  23, 163, 212, 174, 115, 132,  54,  58, 160, 204, 197,  11, 217;
  96, 219, 211,  69, 120, 220, 103, 182, 235,   9, 110,  72,  50, 177, 196, 246, 128, 100, 104,  72,  17, 185, 160,  97,  47, 188,  20,   2, 194,  18, 194, 173;
 130, 227,  34, 185,  69, 209, 184, 103,  31, 109, 208, 187, 140, 140, 118,   1, 238, 139, 135, 149, 254, 190, 101, 247, 180,  80, 154, 235,  85,  12, 181, 207;
 124,  43, 251, 112, 184, 105,  81, 211, 163, 189, 173,  57,  23, 183,  65,  26,  35, 254, 109,  16,  26,  75, 162,  32, 219, 197,  53, 121, 224, 225, 134,  99;
  88, 173,  20,  97, 161, 254, 117,  39, 105,  61, 110,   8, 174,  51,   0, 182, 128,  62, 204,   8,  88, 184, 177,  76, 203, 249,  80,  19, 194,  64, 206,  42;
 205,  63,  62,  70, 108,  30, 119,  48, 233, 140, 111,  76, 123, 241, 146,  55, 164, 100, 108, 106, 212, 225, 171,  45, 242, 249,  97,   0,  74, 179,  74,  69;
 126, 181, 232, 228, 173,  29,  94, 152, 171, 255, 191,  13, 219, 253,  95,  50, 189, 213, 253, 255, 222,  97, 249, 211, 251, 253, 173, 188, 215, 247, 214,  83;
 223, 133, 231, 197, 134,  18, 239, 191, 115, 242, 254, 194,  89, 111, 156, 247, 127, 215, 125, 237, 249, 217, 173, 207, 122, 106, 239, 196, 167, 244, 240, 117;
 126, 177, 224, 170, 221, 249, 210, 200,   3,  53, 185, 159,  75, 205,  94,  24, 217, 211, 223, 211,  30,  35,  94, 176, 155,  85, 141, 255, 223,  31, 190, 214;
   9, 250, 185, 249, 228, 237, 185, 222, 126, 123, 116, 100, 189,  55, 192,  60, 151,  26,  22,  24, 131, 184, 113, 113,  69, 159, 114, 224, 218, 209, 131, 249;
 125, 125, 242, 100, 245, 191,  86, 214, 113, 224, 126,  76, 115, 120, 151,  52, 152, 238,  84, 126, 157, 186,  84,  42, 250, 222,   5,   0, 235, 255,  66,  14;
 147, 255,  74, 175, 114, 130, 126, 240,  49,  64, 122, 231, 117,  79, 187,  80,  62, 169,  23, 238, 205, 146,   4, 127, 242, 237, 170, 128,  45, 178,  42, 153;
 220, 197, 243, 229, 182,  10, 111, 191,  53, 160, 214, 210, 223,   3, 144, 115, 118, 196,  61, 232, 249, 209, 149, 142, 250, 233,  39, 196,  47, 176, 160,  32;
  89, 158,  29, 191,  50, 251,  17,  50,  30, 111, 243, 252, 191,  38, 162, 217, 199,  63, 174,   0, 185, 222,  97,  63, 148, 231, 122, 210, 156, 137,  13,  81;
 230,  44,  20, 189, 172,  47, 222,  72, 141, 186, 145,  72, 198,  90,   1,  91, 201, 228, 127, 115, 120, 103,  75, 168, 149, 210, 223, 190, 144, 121,  80,   3;
 191, 106, 228,  53,  60,  27, 238, 200, 223, 254, 182, 135, 203, 232, 215, 138, 223, 109, 254,  95, 236, 253,  79, 170, 142,  95, 239, 149, 207, 188,  89, 204;
 125,  96, 208,  64,  77,  93,  71, 216, 225, 190, 173,   8,  74,  81,  95, 190,  25, 196, 196, 106,  77, 103, 250,   0, 243, 221,  69,  61,  99, 255,  74,  38;
  54,  98, 232,  39, 160,  62,  95, 152,  51, 191,  95, 137,  71, 236,  91,  26, 183,  77, 117,  31, 140, 208, 235,   0, 203, 207, 109, 165, 224, 247, 134, 208;
 131, 185, 147,  17, 235,  84, 188, 199, 187, 243,  32,  16, 156, 190,  68, 191, 167, 123, 243, 148, 119,  89, 178, 192,  13,  24,  95, 110, 194, 100, 135, 239;
 233,  98, 126,  84, 108, 152, 249,  48, 233, 220, 118, 189,  43, 200, 215, 159,  38, 172, 230, 110, 164, 118, 166, 205,  86, 121,  96, 137, 103, 133,  78, 205;
  21, 117,  95,  79,  18, 203, 167, 124, 116, 192, 123,  98,  83,  81, 168,  32,  58, 124,   2, 106, 225, 177,  61,  12,  96, 140,  37,   0, 105, 178,  97, 161;
 241, 141, 110, 254, 204, 134,  79, 252, 212,  72, 255,  14, 115, 234,  54, 115,  88, 230,  62, 238, 252, 171,  62,  61, 115, 171, 228,  24,  25, 187, 240,   8;
 253, 213,  21, 103, 177,  95,  71, 184,  97, 168, 191,  72,  83, 115, 137, 183,  24, 196,  68, 106, 105, 178, 121,  46, 235, 251, 101,  20, 234, 243,  74,  33;
 152, 157, 126, 121, 162, 123, 125,  55, 117,  98, 126, 178, 123,  63, 132,  49,  63, 179, 182, 170, 252, 188, 101, 159, 118, 239, 116, 195, 119, 132, 196,  59;
  74,  39, 252, 108, 250, 114,  93, 127, 171, 141, 252, 185,  47, 175, 130,  18, 166, 147, 239, 128,   8,  75, 131, 213, 242, 245,  52, 175, 226, 196, 166,  75;
  40, 255,  90,  99, 242, 187, 126, 119,  51, 236, 124, 231,  61, 143, 194, 144,  62, 191, 215, 212, 199, 218, 132, 124, 110, 205,  53, 225, 111, 146, 174, 219;
  83, 113,  26, 108,  58, 196,  27, 112, 172, 200, 250, 237, 255, 214,   9,  80, 182, 249,  77, 230,   9, 129, 146,  78, 177, 229,  43, 138,  72,  35,  43,  59;
 125, 120,  24,  97,  56,  29,  66,  24, 101,  40, 174,  76, 178,  17, 136, 244, 148,  20, 252, 120, 139,  48, 241,  21, 195, 249,  32,  84,  74, 131,  74,  49;
  41, 102,  65,  69, 114,  27, 106,  48,  97, 224, 127, 236, 121,   0, 149, 180,  30, 172,  22, 238, 197, 176, 101,  76,  38,  56,  33, 128, 111, 166,  74, 149;
  82, 187,  17, 186,  58, 141,  28, 185, 190,  26, 128, 237, 230, 194,  73,  81, 183,  59, 109,   7,  99,  65, 154, 125, 176, 180,  43, 186,  24,  18,   3,  17;
 126, 115,  40, 232, 109, 213, 222, 216, 131, 124, 181, 175,  42, 221, 111,  28, 220, 153, 213, 227, 206,  35, 186, 209, 211, 217, 137, 191,  87,  31, 118, 215;
  48, 136,  16, 219,  29, 225,  18, 206,  87,   1, 232,  51, 162, 209,  44,  72, 217,  58,   2,  16,  26, 170,  90,  55, 139, 148,  16, 123, 144,  73, 116, 134;
 184,  59,  28, 254, 234, 137,  84, 125, 163,  28, 184, 105, 239, 243,  41,  16, 134, 187, 197,  64,  88,   3,  74,  57, 242, 209,  97, 187, 112, 114, 135, 131;
 168, 130,  50, 250, 117, 189, 112,  82, 255,  29, 117,  24, 174, 219,  44, 121, 135,  43,  87,  24, 178, 188,  34, 247, 199, 253,  16,  74, 210, 129, 195, 131;
 112, 237, 121, 122,  60, 205,  83, 252, 131,  28, 172,   8,  51, 215,  64,  16, 201, 218,  69,  90,  74,  43, 234,  55, 251, 205,  32, 121, 112, 139,  70, 106;
   9, 185, 154, 176, 211, 204,  58, 215, 186,  65, 108,   5,  60, 183,  98,  16, 167,  59, 147,  20,  23, 152, 146, 115, 255, 197,  30, 107, 136,  64, 171, 219;
  32, 164,  49,  67, 125, 235,  67, 142, 107,  37, 109,   8, 178,  21,  76,  60, 153,  26,  64,  24,  11, 176, 113,  55,  71, 156,  16, 114, 194,  74, 198, 170;
 211, 189, 181,  91, 179, 252,  47,  55, 127,  75, 107, 240, 174, 182, 196, 252, 167, 127, 252,  16, 179, 216, 171, 247, 173, 246,  94, 194, 202,  68, 167, 125;
 195, 248, 133, 151,  58, 140,  43, 184, 190,  81, 131, 197, 245, 198,  72,  66, 167,  71, 120, 215, 227,  77, 159, 115, 172,  48,  31, 208,   8,   2,   1,  88;
 246,  88, 101, 156,  79, 105, 193,  96, 153, 246, 145, 191, 194,  12,  23, 143,  74, 181, 251, 163, 169, 103, 246, 216, 148,  18, 219,  59, 125, 109,  22, 116;
  87, 233, 109,  69, 134, 150, 173, 163, 106, 242, 136, 202, 145,   8, 213,  39,  39, 229, 121, 207, 193, 120, 183, 104, 237,   8, 207,  52,  77,  96,  19, 244;
  39,  89,  98,  78,  95, 147, 194, 232, 197, 192, 244, 238, 104, 216, 191, 180,  90, 232, 210, 239, 205, 163,  94, 253,  50,  56,   5,  59,  95, 191, 122, 132;
 207, 139,  46,  26, 169, 148,  24, 175, 250,  85,   6, 157, 204, 234, 210, 239, 197, 103, 248,  93, 246,  77, 254, 245, 152, 115, 223, 205,  14,   4, 187,  84;
 114,  18,  34, 168,  73,   6, 152,  72, 173,  76, 209, 143,  12, 142,  50,  80, 252, 145, 159, 229, 204, 131,   0, 204, 145, 112, 138, 155,  21,   6,  39, 212;
  36, 110, 242,  94, 237, 248, 180,  67, 249, 143, 249,  50,  42, 248, 245,  14, 233, 122, 198,   1,  34, 103, 162, 227,  23,  30,  86,  43, 197, 120, 247, 167;
  55,  35,  44,  58, 141,  61, 208,  72, 239,  31, 189,  29, 226, 232,  31,  27, 137, 130, 109,  55, 158,  99, 251, 177, 211,  91, 193,  63, 208,  77,  90,  70;
  71,  33, 170,   7, 144,  60,  43, 128, 170, 213, 143, 128, 221, 162, 219, 118,  38,  79, 120, 221, 145, 208, 253,  96, 221,  13, 143,  68, 132, 243, 187, 100;
   3,  16,  34, 137,  79, 209, 176,  64, 204,  65, 210,  39, 136,  24,  54, 232, 232, 137, 155, 149, 135, 187, 117, 192,  22,  40, 154, 195,  29,  12, 121, 214;
 199, 127,  70, 150,  91, 150, 190,  97, 189, 200, 243, 215, 108, 202, 183, 135, 238, 229, 219, 231, 229, 199, 150, 238,  50, 120, 207, 138,  15,  53, 171, 149;
 206, 216, 190, 254, 170, 132, 187, 182, 190,  27, 214, 117, 253, 255, 106,  98, 231, 115, 253, 211, 242,  77, 187, 243, 235, 255, 254, 218, 128,  17,  37, 123;
  35, 229, 233, 143, 252,  19, 206, 253,  87, 233, 253, 206, 112, 232, 254, 164,  89, 206,  54, 253, 223,  58, 111, 255,  46,  12, 167, 252,  93, 254, 216, 220;
 171, 112, 145, 219,  61, 159, 192,  93,  95,  41, 112,  92, 158, 144, 252, 172, 217,   8,  22,  89, 163, 172,  82, 147, 141, 222,  18, 254, 218, 156, 219, 173;
 147, 220, 114, 209, 182, 147, 190, 182, 255,  99, 126, 178,  40, 158, 180, 100,  39, 123,  63, 220, 230, 189,  45, 247,  46,  62, 158, 198,  23, 148, 225, 173;
  39, 107, 211,  83, 211, 187, 174, 192, 122, 138, 123, 230,  73, 224, 245, 172,  62, 232,   6, 254, 145, 178, 140, 234,  62,  78,  39, 202, 203, 127, 227, 181;
  81,  97,  27, 167, 112,  11, 110,   0,  56, 160,  75,  72, 247,   2,   8,  48, 178, 237,  76, 110,  73, 144, 197,   8, 180, 164,  40,  48,  40, 178,   3,  32;
 115, 109, 226,  70,  92, 146, 234, 124, 203, 224, 252,  14, 104, 232, 247,  54,  88, 236,  23, 237, 140,  51, 236, 239,  62,  44, 133, 184, 103, 190, 114, 236;
 179, 253,  85,  85, 202, 143,  68, 246, 185, 240, 160,  76,  22,  28,   5,  53, 174, 245,  70, 102, 233, 251,  81,  61,  53, 218,  69,  54, 121,  56, 194, 148;
  82, 188, 158, 240, 170, 224,  48, 199, 174, 155, 158,  35,  60, 183,  96,  90, 167, 119, 253, 144,  23,  73, 130, 224, 219, 135, 127, 251, 136,  80, 173,  27;
 230, 236, 174,  54, 189, 217, 211, 196, 203, 245, 165,  25, 134, 204,  86,  27, 137, 110, 233,  87,  62, 111, 234, 163, 219,  81,  85, 119, 192,  15, 222, 198;
 104, 188,  61, 248, 249, 237, 177,   7, 186,  95,  60,  57, 190, 189,   2,  24, 133,  51, 245,  17,  19, 111, 178,  23, 223, 247,  56, 123, 208,   0, 135, 251;
  38, 169, 226, 154, 220, 131, 174, 200,  22,  16,  88,   2,  32, 200,  61,   8, 120, 106,  19, 211, 210, 186,  10, 240,  56,   8, 143, 204, 149,  59, 240, 128;
 120,  44, 146, 100, 211,  40,  98,   6,  99, 160, 174,   8,  39, 179,  65,  18,  49, 222,  96,   8,   8, 122, 128,  32, 217, 164,   5,  41, 224, 113,  74,  42;
  34,   4, 230, 155,  84,  34, 168,  74,  86,  51,  83,  18, 192,  40,  60,  73, 121,  71,  51, 131, 176, 244,  13, 199,   4,  46, 218, 196, 133,  73, 240, 128;
  13, 249, 183,  71, 116, 142, 235, 176, 228, 201,  63,  68, 240,  25, 212,  34,  36, 100, 122,  92, 195, 248,  63, 109,  79,  15,  39, 192,  75, 130, 113, 233;
  39, 254, 228,  65, 235,  43, 167, 251,  75, 246,  60, 205, 136, 104, 223, 190,  15,  74, 194,  63, 194,  96, 255, 210,  44,  30,  85, 126, 207, 255, 211, 245;
 245, 177,  63, 102, 253,  31, 247, 248, 233, 200, 183,  76,  94, 216,  94,  51, 188, 196, 126, 111, 221, 227, 186,  77, 251, 251,  69, 124,  72, 171, 242, 225;
 232,  98, 110,  29, 125, 216, 249,  72, 225,  86, 246, 187, 107,  77, 159, 151,  42, 132, 227, 239, 230, 119, 231, 221,  86, 105, 224,   9, 103, 148, 126, 254;
 183, 237, 250,  94, 214, 146, 254, 236, 123, 202, 245, 163, 104, 248, 191,  48, 255, 235, 150, 199, 230, 255, 142, 239,  58,  15, 183, 139, 109, 178, 122, 141;
  62, 123, 232, 104, 253,  63, 214, 220,   3, 236, 188,  47,  74, 125,  79,  16, 220, 217, 215, 247, 142,  35, 217, 184, 251, 221, 173, 191, 251, 127, 126, 211;
 153, 106, 236,  53,  44,  27, 232,   4, 223, 164, 182, 143, 171,   8, 211, 139, 202, 229, 238,  77, 236, 237, 199, 136, 138,  91, 127,  17,  78, 172,  88,  76;
  43, 245,  71, 163, 242, 146, 124, 119,  49, 192, 127, 231,  57,  15, 154, 176, 126, 191, 151, 188, 223, 218,  69, 221, 102, 207, 174, 192,  47, 150, 162, 217;
  81, 124,  27, 172,  58, 204,  15, 158, 174,  76, 138, 140, 183, 214,  67, 112,   6, 117, 124, 110,  65,  13, 251, 125, 241, 165,  43, 188,   8,  19, 131, 121;
 144,  70, 127, 101,   2,  10, 111,  56,  52, 166, 246, 230,  83,   7, 129, 113,  62, 212,  77, 234, 232, 180, 101,  14, 244, 171,  97, 128, 101, 178, 102, 121;
  45, 119, 113,  77, 124,  91, 199,  56,  68, 236, 125, 236, 211,   5, 131, 180,  94,  44,   6, 110, 193, 176, 109,  28, 102, 141,  33, 164, 127, 187,  86, 241;
  89, 125,  26, 172, 114, 214,  59, 120, 164, 204, 124,  36, 191, 214, 163, 112, 182, 249, 220, 238,  77, 147, 176,  15, 241, 229,  43, 136,  40,  35,  43, 115;
  26,  75, 214, 190, 226, 130,  63, 230, 181, 134,  82, 167, 109, 231, 163,  91, 102, 243, 135, 195, 104, 219,   6, 236, 240, 227, 254, 131,  39, 247, 167, 203;
  43, 194,  68, 187,  60, 159,  72, 156, 223,  61, 144,  92, 203,  72, 190, 236, 218, 128, 238,  93, 142,  36,  79, 181, 174,  94, 210, 253, 158, 159, 216,  13;
   9, 185, 249,  65, 180, 159, 121, 159, 111, 105, 126, 100, 191,  23, 144, 120,   7,  30,  22,  28, 131, 184, 113, 117, 207, 223,  50, 196, 210, 128,  65, 249;
  34, 170,  32, 187, 229, 221, 248, 231,  31,  61, 208, 155, 140, 140, 118,   1, 201, 139, 135, 149, 222, 186,  99, 245, 157,  80, 154, 235,  84,  12, 183, 207;
 187, 214, 108, 111,  38,  19, 255, 252,  87,  42, 118, 178, 121,  93, 185,  32, 126, 209, 151, 238, 232, 180,  45, 159,  98, 205, 161, 132, 119, 190, 112, 233;
 127, 249, 234, 230, 181,  93,  94, 176, 171, 232, 182,  45, 219, 253,  87,  50, 183, 229, 253, 119, 220,  97, 249, 168, 251, 221, 173, 247, 230, 247,  86,  83;
  86, 110, 156, 175, 172,  43, 198, 202, 141, 178, 184, 106, 214, 122,  65,  75, 207, 101, 127, 115,  80,  97, 203, 232, 148, 146, 127,  58, 156, 123, 137,   1;
 236, 248, 188, 122, 137, 253,  23, 136, 219, 119,  37,  24, 254, 245,  75,  59, 129,  83, 249,  18,  34, 100, 250,  51, 203, 219,  85, 127, 210,  83, 135, 106;
 143, 216, 234, 219, 100, 156, 251, 154, 254,  91,  86, 176, 249, 207, 254, 108, 119, 104,  55, 223, 227,  52, 174, 243,  71, 127, 183, 204, 150, 149, 113, 249;
 102,  58, 225,   0,  91, 233,  67,  72, 107, 231,  45, 189,   2, 133, 198, 156,  51, 172, 227,  30, 138,  54, 254,  83,  31,  22,  17, 126, 226, 175,  86, 118;
 211,  83, 111, 164,  34,   2,  45, 113,  44, 200, 210, 228, 149,   6, 145, 123,  38, 165,  93, 239, 193, 135,  37,  76, 208, 169, 234, 128,  44, 176,  35, 113;
  32,  42, 154,  95, 238, 232, 181,  75, 235,  31, 253, 167, 164, 232, 230,  14, 233,  59, 194,  16,  18, 107, 162, 193,  20,  54,  86,  59, 209, 104, 231, 199;
 124,  35, 249,  96, 248, 108,  81, 223, 162, 157, 172,  56,  55, 183,  73,  26,   7, 222, 109,  24,  26,  75, 226,   2, 219, 197,  53, 121, 224, 241, 134,  99;
  31,  22, 198, 181, 182,  50, 248,  80, 181, 194,  83, 247,  73, 234, 183, 239,  55, 229, 189, 189, 181, 213,   5, 202,  26, 111, 239, 134, 175, 229,  57, 149;
 106, 167, 248, 108, 250,  99, 121, 127,  43,  13, 253, 185,   9,  47, 134,  18,  79, 159, 231, 128,  58,  10, 227, 215,  94, 247, 176, 233, 247, 192, 230, 235;
 218, 220,  85, 245, 164, 142, 124, 183,  57, 186,  18, 208, 191,  23, 129, 121,  39, 247,  61, 174, 105, 220, 193, 239, 231, 250, 246, 128,  46, 240, 129,  57;
  87, 105,  75, 160,  52, 158,  74,  80, 237, 200, 218, 206, 151, 142, 241, 112, 254, 173,  94, 255, 205, 139, 164, 236, 176, 252, 170, 216,  44, 131, 114,  93;
 164, 191,  56, 154, 237, 249, 148, 203, 222,  63,  61,  56, 134, 248, 104,  41, 137,  26, 194,  18,  86,  99,  74, 177, 221, 209,  85, 127, 208,  89, 135, 167;
  41,  46, 107,  69, 116, 154, 107,  48, 109,  96, 127, 192, 153,   0, 148,  52,  30,  44,  22, 238, 193, 176, 101,  76,   6,  60, 160, 128,  78, 131,  82, 228;
  15,  54, 171, 187, 178, 189, 187,  90, 190,  79,  87, 245, 253, 199, 187, 108,  55,  43,  95,  29, 183, 133,  46, 223, 204,  95,  59, 200, 142, 197,   1, 245;
 178, 221, 119, 127, 162,  11, 254, 183,  61,  50, 250, 249, 239,  63, 148, 211, 175, 247, 253, 163, 232, 252,  65, 239, 182, 250,  94, 130, 103, 240, 195,  27;
  75, 150,  51, 189, 178, 187,  57,  51, 189,  77, 223, 245, 207, 230, 138, 244, 215,  63, 220,  36, 189, 152, 100, 159, 174, 247,  50, 210, 190, 140, 133, 117;
 140,  64, 126, 122, 229, 189, 120, 192, 239,  29, 117,  16,  14, 219, 125, 121, 229,  25,   7,  90,  50, 101,  42, 241,  71, 217,  82,  75, 210, 153, 103, 135;
  50, 252, 103,  90,  95, 211, 183, 238,  31, 103, 252, 175, 104, 252,  62, 165, 123, 251, 211, 227, 115, 251, 126, 255,  63,   6, 141, 111, 119,  31, 246, 254;
 105, 168, 250,  95, 229, 188, 112,   3, 235,  13, 111,  24, 139, 168,  86, 190, 137,  46, 228,  28, 150, 236, 242, 163,  15, 255,  16,  89, 194, 140, 202, 132;
 237, 247, 112,  70, 253,  95,  87, 184, 113, 236, 181,  44,  91, 117, 159, 183, 156, 196, 228, 106, 237, 242, 253,  44, 110, 251, 101,  54,  74, 255,  94, 117;
  36, 176, 177,  65,  85, 223, 227,   1, 123,  99,  47,  24, 146, 149,  76, 180, 153,  28,  66,   8,  19, 176, 240,  18,   7, 156,   1, 118, 194,  11, 198, 162;
  73, 241,  17,  71,   1,  78, 119,  29, 105, 104, 239,   8, 222,  23,   8, 244, 144, 150,  72, 106,  73, 146, 241,   1, 167, 249,   0,  18,  74, 210, 194,  56;
  70, 172, 130, 147, 217, 164, 190, 231, 189,  23, 136,  23, 172, 110, 107,  67, 233, 195, 219, 151, 122,  11, 219, 226, 189,  22, 222, 123, 144,  84, 189, 218;
  91, 141, 229, 199, 142,  18, 239, 187, 111, 226, 190, 130, 121,  47, 148, 246, 111, 215, 253, 175, 249, 233, 173, 255, 122, 111, 239, 148,  39, 230, 240, 125;
 101, 207,  45, 238, 252,   7,  79, 188, 198,  76, 248,  76, 243, 105,  56, 112, 217, 194,  78, 110, 234,  43, 123,  63, 249, 175, 165,  88,  16, 187, 240, 104;
  46, 179, 120, 234, 108,  85, 223, 248, 131, 232, 189, 169, 123, 223, 223,  48, 222, 217, 215, 234, 202,  35, 250, 185, 115, 217, 161, 189, 119, 187,  70, 243;
   8,  88, 254, 237,  67, 215,  57,  86, 134,   1, 118,   3,  61, 159,  33,  72, 110,  57, 179, 192,   2, 153,  51, 241,  71, 233, 218,   3, 115,  24,  37, 154;
  15, 123, 195,  75, 246, 147, 174, 208, 118, 200, 121, 230, 105, 232, 245, 164, 190, 107, 134, 222, 213, 178,  44, 234,  44,  76, 175, 138, 239, 247, 235, 149;
  81,   5, 233, 204, 156,   2, 207,  31,  94, 193, 223,  66, 243, 232, 181,  96,  90, 238,  61, 169, 185,  59, 237, 202, 248, 172, 175, 152, 165, 234, 240, 104;
  41,  17, 149, 119, 208,  14, 101,  55, 113, 105, 107,  76, 247, 115,   8,  52, 148,  46,   0,  12, 145, 184,  80,  29, 229, 255, 112,   0,  74, 226, 194, 176;
 169,  88, 151,  28, 105, 207, 165, 230, 188, 226,  98,   8, 190, 180,  37, 187, 170, 117, 114,  74,  97, 253,  48, 106,  85,  59,  94,  16,  72, 121,   7, 248;
 231,  60, 233,  85, 242, 127, 189,  35, 250, 234, 170, 188, 240, 252, 197,  58, 183, 119, 124,   5, 181, 223, 252,  74,  29,  15, 125, 182, 201, 112,  67, 255;
 221, 126,  99, 101,  32,  94,  91,  56,  97, 234, 223, 228, 251, 117, 147, 247,  22,  68, 252, 110, 233, 212, 173,  14, 130, 249,  97, 148, 110, 167,  14, 117;
  50, 235, 104,  42,  95, 209, 222, 237,  71,  68, 188, 143,  43, 200,  30,   0, 250, 203, 195, 101, 222,  43, 110, 191, 122,  85, 141, 127, 119,  30, 254, 206;
 184, 254, 121, 122,  56, 205,  83, 252, 211,  60, 164,  40,  55, 213,  72,  49,   9, 154,  69,  74, 106,  47, 122,  63, 243, 201,  33,  57, 113, 155,  70, 107;
  86, 157,  29, 186, 155, 225,  17, 235, 166,  85, 137, 179, 253, 247,  42,  65, 227,  19, 235, 144,  26,  75,  91, 117, 217, 231,  91, 127, 176,   0, 165, 114;
 116,  33, 186, 168, 141,  45, 211, 202, 239,  55, 141,  27,  70, 233, 127,  26, 185, 195, 105,  55,  30,  35, 187,  19, 211,  95,  73, 127, 212, 105, 222,  66;
 112, 254, 208,  85,  18, 138,   1,  63,  51, 161,  38, 124, 103,  35, 128,  20,  23, 126, 108,  16,  58, 248, 193,  47, 168, 166,  21, 114, 224, 128, 194,  41;
 215, 127,  67, 163, 178, 178,  74, 242,  57, 104, 219, 254,  47,  10, 145, 244,  54, 207,  29, 239, 175, 159, 141, 255, 176,  92, 171, 242,  44, 215,  35,  85;
 195, 118,  41,  12,  56,  63, 142,  62, 168, 232,  28, 204, 148,   4, 149, 117,  22,  44,  92, 111, 225,   4, 244,  76, 228,  56, 170, 176,  12, 177,  27, 125;
 126, 185, 232,  64, 223, 120, 222, 207, 227, 245, 188, 171,  11, 172, 215, 190,  43, 215, 221, 209, 158,  99, 252, 192, 123,  93, 143, 255, 231, 247, 254, 118;
 144, 205,  15, 181, 182, 130, 239, 183,  52,   2,  82, 210, 181,  39,  48,  65, 102, 103,  29, 201, 112, 156,   1,  46, 228, 163, 238, 128,  36, 144, 177,  40;
  25, 189,  27, 186, 211, 208,  50, 231,  63,  65,  72,  33,  61, 182,  32, 240, 178,  59, 145, 209,  87, 155,  48, 127, 251, 197,  30,  75,  40,   6, 175, 218;
  74, 175, 160, 186, 185, 181, 159, 207, 171,  77, 152, 141, 172, 238, 118, 146, 205, 107, 253, 149, 158,  11, 202, 241, 248,  84, 158, 251, 154,  86, 155,  95;
 239, 118, 120,  78, 122,  95, 155,  56, 221, 238, 149, 237, 223, 125, 159, 177,  22, 117, 223, 111, 165,  39, 109, 254, 122,  95,  33, 189,  95, 191,  30, 113;
 200, 108,  55,  84,  65, 204,  45, 230, 184, 206, 102,  24, 188, 151,  33, 247, 160, 119, 219, 200,  97, 223, 176, 126, 117,  35, 126,  33,   2,  16,   7, 234;
 197,  95, 122,  78, 225,  30, 119, 176, 233, 140, 239,  76,  82, 233,  23,  51, 180, 100, 104, 110, 228, 227, 184,  46, 115, 249,  65,   8,  64, 179,  70,  65;
 219, 191,  51,  91, 147, 252, 191, 167, 255,  91, 126, 240, 172, 246, 164, 244, 183, 123, 180, 152, 179, 216, 190, 247, 173, 126,  94, 202, 130,  68, 135, 117;
 131, 168, 183,  18, 139, 197, 189, 231, 191, 187, 128,  24, 172, 158,  68, 175, 167, 123,  91, 145, 115,  77, 186, 227,  25,  26,  95, 106,  64,  68, 167, 239;
 117, 125,  82,  68, 242, 203, 247, 103, 121, 200, 122, 104, 122, 120, 149,  52, 186, 238,  84, 121, 237, 186,   4, 110,  60,  60,  37,   2, 239, 242, 202, 141;
  39, 175, 232, 153, 252, 147, 207, 255,  86, 245, 156, 223, 145, 232, 246,  32,  93, 202,  55, 221, 255, 122, 239, 183, 124,  15, 175, 252, 221, 140, 216, 220;
  20,  43, 171,  39, 136,  76, 111, 216, 162, 228,  74,   1, 119, 239,  83,  26, 176, 108, 113, 207,  76, 210, 170,  32, 199, 237, 101,  45, 224, 243,  86, 226;
  64, 155, 155,  62,  32, 220,  23, 180, 185, 204, 110,  45, 254, 247,   3, 112, 132, 127, 236,  66, 204, 203, 178, 105, 243, 183,  68,  11,   0, 243,  38, 123;
 215,  94,   6, 180, 169,  22, 188, 230, 189, 218, 178, 247, 205, 238, 183, 139, 239, 229, 255, 231, 237, 199, 151, 238, 176, 251, 239, 154,  77, 116, 171, 149;
 236, 112, 184, 113,  56,  93, 113, 152, 123, 185, 165,  24, 159, 159,  73,  59, 149,  28, 125,  88, 186, 103, 251,  18, 207, 217,  53, 124, 194, 129,  66, 163;
  66,  35,  34, 140,  77, 132, 152,  72, 142,   4, 193,   3, 236, 202,  50,  66, 208,  33, 251, 225,   2,   3, 194, 221, 145,  48, 139, 187,  20,  14,  53, 194;
 244, 173, 154, 242, 208, 225,  83, 199, 178, 181, 237,  25,  23, 215,  96,  80, 217, 251,   5, 144,  58,  90, 152,  32, 251, 133, 165, 109, 160,  65, 230, 130;
 165,  97, 109,  73, 205, 125, 199, 217, 197,  84, 173,  24,  18, 220,  95,  58, 200, 138, 122,  94, 223,  34, 123, 176, 103, 216, 128, 124,  83, 123, 214, 246;
  24, 249, 115,  72,  83, 211,  51, 236, 127, 192, 228,   2,  24, 151, 100,  52, 122, 248, 210, 216,  83, 159,  48, 254, 123, 140,   6, 106, 115, 130, 167, 170;
 146, 124, 175, 113, 130, 238, 180, 214, 188, 202, 126,  49,  54, 189,   5,  57, 165, 123, 245,  81, 160, 252,  50, 106,  79,  47, 124, 131, 225, 113,   7, 251;
 221, 109,  41,  46,  56, 116,  15, 152,  34, 236, 142,  40, 247, 215, 195, 118,  38, 126, 124, 206, 107,  75, 235,  47, 241, 233,  39, 184,  34, 243,   7, 105;
  92,  41, 186, 160, 143, 105, 183, 202, 238, 183, 188,  43,  15, 184,  99,  10, 171, 199, 235,  81,  22,  35, 138, 210, 251, 197,  15, 127, 245, 127, 175,  66;
 194, 135,  62, 184, 235, 240, 188, 239, 186,  95,  16, 179,  44, 190,  46,  75, 231,  19, 251, 145,  54,  79, 162, 213,  62, 115,  94, 207, 149,  68, 175, 223;
  42, 227, 108, 170, 125, 201, 248, 236, 135, 117, 241, 171, 137, 141,  90,   0, 206, 153, 215, 209,  94,  58,  66, 148,  95, 209, 154, 255, 213, 142, 214, 218;
 205,  14, 205,  37,  32,  46, 110,  16,  49, 234, 119, 205, 223,  35,  19,  27,  22, 229, 125, 110, 169, 212, 209,  10, 198, 251,  96, 128, 232, 243,  74,  80;
  94,  90, 198, 182,  34,   2,  62, 244, 181, 132, 210, 231,  77, 227, 187, 223, 118, 225, 159, 231, 204, 195,  12, 232, 248,  98, 239, 129, 175, 183,  41,  81;
 181, 241, 121, 111, 116,  15, 223, 248,  83, 232, 117, 234, 115,  93, 157,  48,  30, 216,  23, 238, 233,  54, 109,  31, 119, 141, 161, 188, 117, 187,  82, 241;
  80, 157,  59, 254, 178, 192,  55, 103, 172,  12,  94,  33, 191, 223,  32,  96, 166,  59, 125,  65,  82, 153, 162, 111, 249, 225,  42, 193,   0,   2, 167, 123;
 211, 141, 228, 215, 190, 178, 255,  51, 235, 226, 191, 154, 233, 111, 148, 119,  47, 247, 125, 143, 240, 249, 237, 207,  62, 122, 207, 144,  39, 230, 211, 117;
 109, 185,  25,  69,  65,  94, 118, 176, 105,  40, 102,   8, 158,  51,   4, 180, 144,  84,  88, 106,  65, 176, 241,  65, 103, 249,   0,   6,  74,  35,  74,  38;
 251, 167, 112,  66, 243, 189,  90, 123, 169,  45, 189,  60, 106, 114, 206, 180, 183, 139, 212,  60, 254,  11, 172, 207,  58,  93,  36, 251,  99, 198, 202,  77;
 101, 107, 216, 163, 172,   9,  79, 128, 138, 176, 185, 104, 215, 226, 193,  90, 199, 231, 110,  91,  88,  99, 202,  96, 252, 145, 111,  60, 132, 251, 131,   1;
 109, 189, 117, 101, 119,  95,  83, 184,  97, 228, 126, 172,  91,  61, 151, 180,  22, 196, 244, 110, 205, 176, 125,  12, 110, 255, 101,   4, 111, 175,  78, 117;
 182, 127, 120, 108, 124,  95, 223, 242,   3, 236, 188,  47,  19,  61, 199,  18, 206, 253, 215, 118, 232, 187, 225, 174, 250, 217, 165, 183,  77, 184,  86, 251;
 245, 205,  45, 237,  12,   6,  71, 186,  64,  30, 236,   0, 243, 113,  17, 115, 216, 228, 124, 110, 232, 234, 243,  45, 229, 235, 231,  24, 112, 121, 112,  98;
 254, 245, 110,  90,  79,  90, 149, 121, 225,  86, 181, 187,  90,  93,  30,  63, 104, 148, 219, 227, 233, 103, 127, 221, 115, 105, 193, 159, 103,  46, 118, 118;
 164,  64, 126, 122, 229, 205, 240, 192, 237,  17,  97,  17,  31, 203, 109,  27, 168, 144,  66,  82,   2,  37,  26, 113,  71, 217,  66,  77, 208,  25, 230, 130;
  62, 193, 148, 248, 137,  69,  88,  77, 131, 149, 229,   9, 206, 255, 104,  26, 200, 211, 225, 208,  26,  10,  90, 128, 139, 247, 220, 127, 146,  22, 166,  66;
 169, 165,  79, 227, 242, 147, 110, 117,  53,  64, 127, 215, 121,  15, 152, 177, 126, 187,  23, 172, 253, 216,  77, 223, 102, 203, 175, 128, 111, 146, 226, 216;
 232,  32, 234,  50, 229, 249, 209,   6, 115,  93, 117,  25, 163, 205,  90,  24, 153, 142, 229,  24,  30, 126, 250,  35,  79, 253,  48, 121, 195, 205, 222, 218;
  93,  97,  35, 161,  52, 143, 235,  80, 108, 104, 147,  68, 157,   6, 177, 240, 246, 165,  94, 239, 193, 147,  36,  92, 144, 169, 171, 160,  12, 163,  35, 241;
  91, 150,  55, 200, 177, 158,  57, 127, 189,  93,  87, 245, 206,  54, 174, 245, 183,  23, 223,  52, 183, 137,  33, 213, 187, 127,  58, 198, 158, 132, 165, 117;
  23, 107,  98,   3, 242, 187, 170,  64, 127, 164, 122, 235,   9, 136, 247, 148,  62, 169, 134, 215, 148, 186,   4, 252,  62,   4,  47, 227, 231, 183,  43, 197;
 112, 121, 121, 108,  58, 201,  91, 120,  32, 196, 180, 168,  55, 213, 131,  48,  22,  56,  85, 106, 201,   2, 244,  29, 227, 137,  32, 184, 100, 130,   6, 251;
 160, 230, 156, 215,  76, 173, 176,  79, 218, 179, 129,  26, 166,   9,  92,  11, 201,  26,  75,  17,  98, 110,  66, 155,   5,  18, 222,  49, 208,  72, 213, 138;
 236, 113, 188, 113,  44,  79,  81,  24, 251, 176, 165,   8, 215, 215,  73,  59, 128, 220, 125, 122, 107, 103, 250,   0, 207, 249,  85, 124,  64, 177,  70,  34;
 113, 141, 225, 239, 148,  46, 203,  11,  95, 161, 207,  10, 243, 169,  20, 100, 120, 206,  61, 169, 250, 250, 253, 175, 249, 236, 143,  84,  37, 234, 212, 104;
 204, 246, 189,  99, 164, 109, 117, 156, 123,  63,  53, 120, 222, 117, 216,  59, 149,  86, 117, 122, 178, 116, 169, 115, 207, 219, 117, 246, 194,  81, 199,  99;
 212, 181,  30, 186, 170, 192,  17, 235, 190,  31, 173,  57, 223, 255, 104,  81, 195,  19, 255, 131, 122,  75, 202,  87, 217, 167, 123, 255,  16,   2, 167, 147;
  34, 252, 103,  90,  95, 211, 183, 236, 151, 117, 252, 175, 104, 252,  62, 164, 121, 249, 211, 227,  99, 247, 126, 255,  63,   6, 143, 127, 119,  30, 118, 254;
  75, 205,  19, 244, 165, 140, 108,  55, 185, 138,  10,  80, 188, 179,  32, 245, 165,  55, 124, 136,  97, 201, 144, 239, 181, 254, 222,   0,  10,  80, 129,  41;
  37,  95, 105,  69, 118, 223, 239, 112, 100, 232, 126, 238, 241, 100, 149,  52,  62, 232,  22, 110, 193, 176, 109,  62, 102,  13,  33, 160, 127, 171,  66, 245;
 106, 166, 233, 105, 120,  99, 121,  75,  51,  55, 252, 187,   9,  47, 196,  24, 111, 159, 231, 144,  58,  94, 231, 214,  95, 247, 178, 237, 215, 193, 230, 240;
  89,  63,  58, 108, 115, 214, 123, 114, 161, 204,  94,  36, 191, 215, 163, 112, 246, 253, 221, 234, 205, 155, 176, 175, 243, 237,  42, 137,  42, 167,  47, 123;
  67, 205, 222, 254, 168,  10, 254, 230, 169,  18, 186, 225, 252, 122,  37, 219, 175, 247, 127, 231, 224, 137,   3, 237, 180, 190, 222, 146,  77, 112, 171,   8;
 140, 212, 149, 187, 155, 237, 133, 207, 158,  55, 160,  21, 166, 210, 105, 203, 193,  27, 234,  48,  35, 101,  91,  23, 173, 131,  85, 118, 216,  88, 133, 154;
  16,  88, 223, 237,  74, 199, 113,  94, 166,  25, 114,  34,  53, 159,  32,  80, 238, 185,  51, 192,   2, 153,  19,  53,  71, 169, 114,   0,  49,  10,  36, 155;
 231, 195, 100, 186, 172, 155,  78, 140, 223,  61, 177, 221, 203, 200, 191, 217, 208, 194, 111,  87, 238,  39,  79, 177, 162, 120, 148, 191,  22, 159, 216,  77;
 100, 176, 189, 119, 176, 111, 113, 158, 123, 171, 182,  88, 215, 119,   8,  56, 149,  94, 125,  24, 155, 252, 249,  32, 207, 255, 117,  80, 192, 225, 198,  59;
 124, 249, 250, 230,  52,  94,  90, 176, 105, 232, 191, 105, 223, 223, 209,  48, 182, 253, 125, 115, 204, 163, 136, 172, 251, 253, 165, 250, 110, 179,  86,  83;
 189,  84, 106, 127,  38,  19, 255, 252,  85,  38, 119, 178,  83,  93, 187, 105, 127, 220,  23, 238, 232, 244,  61, 159, 115, 235, 245, 132, 119, 187, 240,  96;
  15,  48, 179, 152, 176, 183,  57,  89,  63, 205,  87, 245, 221, 215, 178, 108, 183,  41, 159, 157, 183, 129,  47, 214, 202,  95,  59, 206, 158, 133, 161, 245;
  82, 131, 172, 189, 152, 194,  29, 175, 166,  29, 134, 177, 229, 247,  42,  83, 197, 151, 237, 129, 126,  73, 227,  21, 235, 243, 255, 221,  16,   0, 173, 122;
 125, 252,  33,  97, 141, 111, 207, 182,  68, 250, 190,  72, 147,  53,  85,  34, 141, 212, 124, 106, 201, 120, 241,  16, 237, 223, 229,  52,  65, 248,  84, 120;
 131, 189,  90,  90, 211, 197,  55, 247,  60,  65, 108,  23,  60, 215,  34,  16,  51,  59,  19, 152, 115, 152,  16, 127, 111,  14,  22,  66,  57,   0, 171, 218;
  10, 126,  63, 116,  67, 252,  53, 246, 181, 198, 102,   0,  44, 151,  33, 191,  35, 122, 227,   8,  97, 221, 178, 239,  87, 247,  82,  11,  34, 116,  39, 250;
  38, 189,  97,  72, 221, 227, 211, 255,  23, 109, 124, 191,  16, 253, 118,   4,  89, 154, 147, 177,  59,  58,  58, 159, 127,  20, 133, 239, 215,  76, 214, 243;
 220, 112, 247,  83, 131, 250,  81, 136, 127,  87, 103,  48,  91,  93,  13, 253,  51, 156, 181,  26,  42, 244,  47,  16, 195, 251, 112,   7, 231, 213, 118, 115;
 213, 125, 115, 126, 137,  14, 119, 176, 248, 134, 227,  77, 118, 251,  25,  19, 180, 101, 104, 110, 224, 227, 152,  46, 241, 168,  69,   8,  73,  51,  99, 242;
   6, 151, 164, 147, 172,  32, 188, 143, 142, 127,  27, 183, 204, 110,  90,  75, 199,  71, 187, 149, 150,  88,  75, 224,  12,  18, 223, 199, 156, 124, 149,  81;
 200, 180, 188, 113, 233, 236, 117, 159, 250,  63, 166,  24, 158, 183,  72,  59, 133,  86, 251,  24,  50, 105, 243,  81,  79, 187, 116, 125, 194,  80, 199, 171;
  33, 145, 157,  69, 116,  15, 103,  49,  98, 105, 111,  84, 211,  49, 152,  50, 152, 100, 114,  76, 145, 184, 113,   7,  39, 189,  32,  64, 200, 170, 194, 176;
  33, 189,  49,  90, 221, 245, 210, 221, 251,  89, 237,  72,  58, 210, 108, 180, 221, 154,  82,  24, 151, 107, 250, 245,  59, 220,   7, 110, 219,   2, 235, 173;
   8,  12, 183,  85,  67, 248, 177,  67, 173, 134, 110,   2, 173, 183,  33, 174,  35,  63, 227,   8,   0, 221, 178, 232,  87, 231,  90,   3, 226, 101,  39, 234;
  33, 237,  45, 187, 188, 143, 207, 183,  86, 248, 216, 207, 243, 236, 210,  33,  89, 110,  23,  95, 255, 248, 124, 191, 237,  30, 175, 244,  29, 154, 208, 216;
 114, 191, 168, 168,  63, 149, 155, 111,  11,  77, 152, 175, 174, 234, 114,  80, 246,  43, 223,  21, 150,  11, 146, 247, 248,  85, 142, 251, 156,  70, 159,  95;
 195, 110, 135, 181,  40, 114, 172, 166, 172, 218, 146, 245, 205,  62, 213, 239, 239, 101, 127, 135, 237, 197, 199, 224, 132, 122, 255, 134, 140, 117,  33,  93;
  16, 238,  28, 186,  26, 237,  87, 234, 176,  54, 168,   9, 167,  67,  43,  17, 161, 131,  73, 226, 106,   7,  24,  63, 241, 195,  11,  61,  48,  19,  39,  10;
  18, 232, 188,  83,  43, 225, 181, 199, 174,  63, 156,  56, 172, 246,  76,  46, 175, 123, 251, 129,  82,  73, 171, 113, 157,  22,  95, 251,  65,  80, 175, 175;
 252,  39, 249, 116, 248, 108,  89,  31, 178, 157, 172,  24,  55, 167,  65,  26,  39, 222, 109, 152,  58,  75, 226,   2, 249, 229,  53,  56, 160, 224, 134, 107;
  55, 123, 195,  15, 182,  18, 174, 252, 118, 192, 248, 230, 113, 236, 189, 164, 126, 106,  18, 255, 199, 162, 126, 238,  44,  44, 143, 160, 127, 255, 243, 221;
  68, 178, 157, 177, 170,  44,  16, 159, 190, 123, 131, 245, 199, 234,  72, 219, 135,  87, 237,  21, 191,  77, 219,  81, 140, 243, 127, 254, 136,  64, 139,  17;
  18, 235, 190, 190,  27, 193, 188, 231, 191,   5, 206, 163,  44, 238,  34,  64, 230, 243, 235, 193,  70, 139,   2, 253, 243, 119,  30, 139,  53,  20, 173,  94;
 248,  32,  40, 164,  13,  79,  81,  56,   1, 116, 133,  29, 195,  13,  90,  19, 216, 132, 205,  39, 104, 103, 217, 149, 211, 209, 129, 125,  99, 175,  86, 114;
 204, 254, 189, 113, 137, 111,  21, 190, 122, 191,  36,  92, 222,  55,  65,  59, 133,  87, 125,  58, 163, 100, 251,  51, 207, 219, 117, 126, 192, 113, 135,  51;
  25,  63, 122, 108, 114, 214,  91, 114,  97, 200, 124, 100,  63, 223, 179, 112, 182, 249,  21, 106, 136, 154,  32, 173, 243, 237,  32, 137,  38, 163, 102, 251;
   2, 133,   2, 138, 148, 162, 170, 104,   4,   1,  91,   2,  72,  74,  56,  64, 120,   3,  19, 177,  18, 136,   9, 213,   8,  36, 138, 196, 148,  10,  49,   0;
  38, 253, 103,  90, 221, 215, 182, 239, 159, 198, 253, 159, 104, 252, 126,  36, 253, 251, 211, 131, 239, 239, 122, 255,  63,  22, 143,  59,  87,  94, 246, 254;
 195, 141, 147, 214, 229, 156, 108, 103, 185,  11,  98,  80, 172, 243,  32, 247, 161,  39, 106,   8, 113, 205, 146, 235, 181, 254,  86,  10,  10,  84, 169,  12;
 121,  56,  59, 252,  61, 239,  83, 114, 253, 232, 244,   8, 190, 145,  33,  48, 128, 125,  92,  74,  41, 171, 240,  46, 211, 255,  33,  58,  74,  41,   3,  43;
  60, 192, 110, 103,   6,   7, 222, 248,  85, 178, 247, 130,  83, 105,  57,  41, 122, 212,  49, 238, 104, 244,  93,  60, 195, 235, 197,  21, 101, 187, 112,  32;
 181,  73, 105, 101, 116,  11, 239, 248,  84, 224, 119, 202,  83,  89, 153,  49,  94, 252,  23, 238, 201, 178, 125,  29, 100, 201, 165, 164, 117, 187,  82, 160;
 216, 167, 158, 250, 187, 192,  29, 233, 190,  23, 141, 177, 207, 247, 104,  82, 215,  23, 237, 162, 122,  67, 203, 151, 219, 247, 123, 127,  18,  66, 167,  99;
 188, 165, 229, 239, 221, 115,  75, 200,  83, 165, 237,  26,  91, 233,  56, 240,  89, 206,  34, 187,  58, 250, 249, 191, 191, 239, 129, 101, 179, 203, 246, 160;
  87,  90, 199, 134,  66,   2,  42, 248, 177, 192, 211, 231,  73, 226, 179, 223, 118, 229,  63, 239, 133, 195,  28, 232,  24,  34, 207, 140, 175, 183,  40, 213;
  72, 176, 189, 115, 169, 237, 113, 159, 250,  63, 166,  24, 158, 183,  72,  59, 129,  86, 104,  24,  50, 105, 251,  49, 207, 251, 116, 125, 194, 208, 199, 171;
  34, 189, 123, 216, 246, 227, 179, 223,  31, 233, 124, 250,  16, 253, 228,  36, 159,  58,  19,  17, 179,  58, 120, 222,  47,  30, 157, 238, 213,  72, 214, 255;
 146, 254, 238, 159, 187, 178, 190, 198, 158, 151, 208, 183, 172, 238, 183, 203, 239, 107, 155, 199, 182, 205,  14, 239, 174, 119, 222, 131, 157, 117, 185, 223;
  90, 202, 172, 189,  11, 146,  28,  39, 174,  61, 130, 167, 175,  46,   2,  82, 225, 167, 237, 133,  76,  77, 195, 181, 211, 227, 254, 147,  48,   4, 173,  75;
 199,  26, 175, 151, 172,  62, 173,  19, 254, 255, 151, 244, 221, 118, 151, 107, 199, 103, 127, 159, 177, 205, 239,  96, 204,  59, 255, 128, 132, 241, 181, 101;
 153, 211, 126,  69,  50, 143, 251,  53, 108,  44, 118, 228, 255,   7, 148, 113,  54,  52, 125, 110, 240, 189,  53,  15, 230, 233,  34, 208, 110, 138, 197, 121;
  84,   1, 156, 174, 138,  11,  30,   9, 172,   6, 139,   9, 215, 226,   9,  90, 146, 225, 109, 226,  92,   3,  75,   0, 208, 227, 111,  25, 184, 115, 137,   2;
 154, 207, 107, 254,  82, 194,  31, 231,  53,   4,  92, 162, 105, 230, 160, 113, 126, 187, 151, 227, 104, 155,  36,  63, 176, 229, 170, 137,  53, 146, 164, 233;
  31,  17, 182, 200, 189, 183, 121,  89, 255, 201, 215,  21, 220, 222, 190, 108, 246,  61, 223, 189, 151, 137,  49, 212, 219, 127,  27, 222, 150, 133, 161, 119;
  87, 242, 141, 179, 168,  62,  45, 150, 174, 255, 147, 244, 223, 246, 219, 107, 167, 103, 124, 157, 151,  69, 235,  96, 140, 243, 127, 212, 140, 113, 129, 117;
  97, 121,  26,  69, 113,  30,  99,  48, 105, 160, 110,  76, 158,  16,   5,  48, 128, 108,  64, 104, 197, 184, 113,  76, 103, 249,   0,  64,  72,  35,  67,  14;
   7, 145, 164, 147, 172,   8, 188, 173, 142, 125,  27, 167, 204, 126,  90,  74, 135,  67, 187,  85, 150,  72,  79, 225,  44,  22, 223, 198, 148, 127, 145,  87;
 240,  93, 127, 253, 174,  74,  85, 182, 116, 182, 246,  34, 247,  51,  33, 115,  98, 246, 124,  98, 104, 248, 115,  60, 229, 235, 118,  17,  36, 248,  84, 107;
   0,  16,  63, 249,  34, 200,  57,  18, 174,  89,  86,  48, 156, 151, 160, 104,  38,  49,  63,  24,  19, 156,  51,  81, 197, 184, 122, 192,   0, 128,  37, 123;
  34,  46, 232, 121, 240, 233, 249,  71,  59,  55, 124, 145, 129, 175,  82,  24,  79, 191, 135, 144,  58, 218, 192,  86, 207, 247, 154, 229, 197, 192, 206, 248;
  58, 255,  99, 168, 113, 199,  91, 254,  47,  69,  72, 143,  63, 207,  32,  20, 254, 187,  23, 117, 139,  26,  48, 255, 249, 212, 138, 232,  54, 134,  55, 251;
  33,  77, 107,  69, 118, 219, 239, 112,  68, 224, 126, 206, 113, 100, 149,  36, 126, 104,  18, 238, 193, 184, 117, 127, 102,  12, 161, 128, 109, 187,  82, 252;
 136, 228, 148, 181,  13, 237, 161,  79, 158,  55, 161,  25, 174,  33,  72, 139, 201,   2, 234,  17,  58, 109,  91, 147, 197, 210,  87,  53, 208,  72, 149, 130;
   8, 140, 148, 187, 137, 255,  69,  47, 135, 183, 174,  17, 238,  35,  35,  79, 193,  34, 234,  28,  28, 204,  83, 189, 205, 215,  84,  81, 146,  76, 140,  78;
 162, 188, 178,  30,  73, 244, 176, 227, 187,  95, 108,  25,  44, 252,  46, 159, 141,  59, 211,   1,  54, 111, 178, 231,  19,  54,  90,  75,  82,  68, 175, 222;
 109, 201, 241, 104, 252, 109,  71, 154,  67, 233, 184,  72, 147, 241, 209, 176,  89, 204,  52, 110, 203,  34, 249,  17, 253, 221,  37, 124, 250, 251, 210,  96;
 164,  77,  62,  98, 204,  13, 247, 196, 228,  18, 169,   8, 147, 217, 125,  27, 200, 208,  74, 114,  74,  35,  26,  32, 117, 153,  68,  29, 209, 123, 242, 130;
  65, 201, 158, 156, 170,  12, 174, 230, 172, 128, 202,   0, 253, 226,  33,  66, 166, 231, 106, 206,  64,   9, 131, 105, 180, 174,  78,   8, 128, 114,  33,   8;
 220,  55, 124, 101, 168, 142,  93,  25, 225, 174, 183, 108, 211, 211, 193, 115, 148, 245, 125, 170, 232,  69, 209,  10, 243, 233,  37, 157,  32, 176,   6,  35;
 116, 105, 122, 228, 116, 142,  95, 112, 121, 136, 126,  41, 119, 219, 145,  48, 190, 253,  21, 106, 200, 186, 136,  45, 250, 205,  37, 128, 101, 163,  82,  35;
 205,  76, 207, 101,  32, 110, 111,  18,  56, 202, 118,  69, 243,  35, 147,  91,  18, 228, 125, 110, 169, 212, 209, 106, 198, 251, 224, 128, 232, 241,  74,  89;
 121, 253, 106,  69,  87,  31, 251, 248,  99, 232, 126, 143, 123,  61, 151, 180,  62, 204, 247, 111, 133, 176, 253, 190, 127, 109,  33, 164, 111, 175,  90, 253;
  68, 184, 189,  99, 184, 238, 115, 158, 174, 185, 170,  72, 215, 119,   8, 114, 133,  87, 125,  24,  19, 225, 251,  45, 205, 191,  53,  84, 192,  67,  71,  51;
 252,  97,  61,  96,  12,  77,  85,  24, 224, 176, 165,   8, 147, 215,  73,  59, 128, 212, 104, 122,  72,  99, 251,   0, 195, 217,  69,  61,  96, 187,  70,  34;
 108,  52, 232, 113, 237, 237, 209, 154, 115, 115, 124,  57, 147, 221,  88,  57, 153, 222, 245,  17, 154, 118, 242,  48, 207, 217,  81, 127, 227, 221, 214, 242;
  69, 107, 154, 167, 188,   8,  62, 160, 168, 160, 187, 104, 215, 227, 193,  66, 182, 109, 110, 127,  64,  49, 138, 104, 252, 133,  47,  60,   4, 187,   3,   1;
 246, 199,  68, 170, 173,  43,  78, 169, 223,  54, 187, 221, 207, 104,  95, 211, 219, 194, 237, 103, 238,  97,  79, 177, 178, 208,  69, 189,  54, 255, 216,   4;
 203, 124, 147, 254,  83, 156,  60, 247, 185, 139,  98,  88,  60, 183,  37, 244, 167, 127, 217,  24,  99, 207, 144, 239, 187, 254,  94,   2, 138,  84, 171, 190;
   4, 188, 183, 123, 205, 228, 180, 199, 206, 147, 232,   0, 252, 249, 117,  10, 201, 115, 123,  17,  19, 233,  90, 113,  77,  22,  95,  75, 209, 106, 161, 130;
 129, 207,  65, 203, 180, 139, 239, 181, 124,   5, 123, 112, 243,  65, 184, 196,  90,  42,   6, 110, 114, 184,  77,  63, 172, 172,  38,  64,  84, 138, 193, 168;
  66, 189, 179, 216, 219, 245, 176,  71, 191,  81,  72,  16, 172, 190, 100, 236, 161,  59, 187, 145,  19,  75, 178, 243, 153,  20,  30, 107, 144,  68, 165,  62;
 203, 162, 204, 159,  76,  57, 169, 188,  22, 183,  69, 247, 225,  96, 218, 203,  93,  78, 234, 207, 182,  92, 207,  51,  76,  35, 251, 188,  52, 237,  24, 136;
  26,  60, 243,  92,  35, 242,  57,  67, 189, 198, 126, 179,  40, 175,  39,  92, 162, 187, 165, 128,  48, 217,  34, 234,  83, 246,  82, 131, 167, 228,  39, 251;
 126,  60, 108,  94,  79, 119, 151, 248, 129,  94, 221,  42,  88,  93,  31, 175,  77, 244, 255, 227, 201, 103, 122, 253,  87, 107, 233, 159, 119, 127, 118, 243;
 204, 238,  94,  23, 194, 154, 102, 165, 185, 214,  38, 205, 227,  66, 130, 151,   3, 236, 200,  78, 101, 196, 206, 109,  38, 163,  69,   1, 106, 182, 202, 140;
  60, 183,  40, 122, 185, 221,  87, 253,  59,  92, 252,  13, 218, 253, 206,  53, 221, 154, 213, 110, 222, 106, 250,  53, 235, 217,  37, 255,  90, 198, 198, 123;
 184,  15, 122, 254,  82, 210,  63, 115,  53,   6, 126, 178, 121, 103, 162, 113, 126, 251, 135, 226, 104, 159,  36,  47, 114, 231, 170, 129,  53, 224,  44, 169;
 203,  10, 134, 188,  45, 188, 184,  38, 189, 203,  66, 117, 172, 234,  54, 207, 228, 103, 249,   5, 164, 205, 130, 235, 132, 114, 218, 147, 138,  37,  25,  13;
  81, 201, 154, 175,  24, 140, 111, 164, 238, 132, 202,   0, 245, 226,  17,  66, 226, 103, 106, 204,  64,   9, 147, 105, 252, 164,  14,   8,   8,  50,  33,   8;
 211, 133, 146, 222, 223, 156,  52,  47, 251,  19, 227,  80, 172, 242,  44, 245, 227,   3, 106,   8, 119,  79, 146, 199, 185, 254,  86,  74,  24,  64, 169,  14;
 217, 220, 127, 101,  34,  78, 124,  54,  45,  74, 118, 231,  63,  31, 162,  83,  38, 245, 127, 108, 229, 189,  17,  77, 246, 235,  98, 128, 111, 176, 105,  91;
  72, 185, 188, 112, 169, 205, 117, 159, 254,  61, 166,  24, 190, 183,  72,  58, 129,  86, 237,  24,  18, 105, 219,  49, 219, 223, 117, 127, 194,   0, 207,  43;
  23,  23, 231,  23, 146,  54, 174, 113, 117, 226,  91, 214,  81, 106, 190, 109,  63, 237,  54, 239, 181, 212,  61, 206,  44,  46, 239, 196, 173, 247, 185, 212;
 152,  91,  19, 236,  82, 198,  63, 117,  53,  12, 210, 231,  60, 151,  32,  84, 118, 187,  15, 194,  65, 155,   1, 111, 241, 164,  42, 130,  34, 146, 165, 123;
 222, 166, 150, 186, 171,  65,  93, 185, 191,  55, 143, 185, 207, 231, 106,  82, 215, 151, 237, 162, 122,  67, 203, 151, 219, 247,  75, 255, 178, 198, 165, 115;
 153, 217, 119, 165,  34,  66, 124, 119, 181,  72, 242, 226,  61,  30, 144, 243, 166, 181, 125, 229, 229, 157,  37, 205, 178, 235, 106, 128,  37, 160,  35, 249;
  37, 198, 101,  79,  44,  43, 199, 184,  94,  58, 177, 104, 210, 112, 221,  45,  25,  64, 126, 111, 171, 102, 111,  29,   4,  26,  97, 188,  85, 251,  80, 165;
  85,  82, 190, 245, 172,  62, 189, 150, 254, 223, 150, 180, 215, 255, 219, 106, 119, 118, 125,  25, 147, 197, 255,  96, 206, 239, 127, 208, 140, 241, 145, 113;
   8, 165, 151, 233, 159, 224, 180,  79, 142, 129, 234,   2, 236, 249,  96, 130, 201,  51, 235,  17,  18, 169,  83, 145, 173, 213,  15,  75, 209,  74, 165, 170;
  85, 107,  27, 165,  62,  14, 111, 176, 236, 164, 139,  72, 215, 195,  65,  66,  54, 109, 108, 126,  64, 161, 136,   8, 248, 137,  39,  60,  32, 178,   1,  32;
 232,  54, 127, 118, 168, 108,  84,  53, 177, 186, 183, 125, 223,  63,  72,  91,   7, 151, 253,  32, 233,  69, 217,   0, 215, 251, 116, 145, 106, 194, 198,  27;
 231, 143,   4, 180, 172,  47,  76, 171, 191, 182, 162, 221, 207, 104,  85,  27, 129, 199, 111, 103, 252, 105, 202, 248, 188, 210,  69,  60, 216, 253, 217,   4;
  33, 105,  59, 101,  21,  15,  99,  48, 104, 160, 106,  76, 147,   1,  21,  48, 144,  44,  64, 108, 192, 184, 113,  12, 231, 249,   0,   0,  72,  42,  66, 168;
  43, 169,  66, 218, 241, 147, 234, 113,  23,   1, 117, 138,  57, 199, 180, 180, 125, 186, 147, 156,  83, 154,   8, 223,  47, 221, 133,  97, 115, 142, 234, 168;
 204, 252, 189, 115, 139, 239,  53, 150, 251, 243,  37,  28, 222, 255,  65,  27, 135, 119, 249,  18,  49,  84, 186, 114, 207, 219,  85,  54, 202, 113, 135,  51;
  34, 137, 171, 154, 221, 197, 203, 197, 150,  69, 200,   3,  48, 206,  54,  64, 216, 235,  19, 213,  94, 139,  58, 255, 121,  44, 142,  72, 145,  10, 180, 218;
  33,  89, 123,  79, 118, 131, 123, 116, 100,  64, 124, 162, 113,  87, 179, 112, 126, 184,  23, 236, 195, 186,  36, 127, 102, 173,  34, 128, 117, 130, 102, 233;
  85, 188, 185, 170,  48, 205,  91, 154,  62, 109, 255,  61, 183, 215, 202, 112, 151, 223, 124,  28, 159,  28, 249,  55, 219, 229,  53, 244, 136, 130,   7, 115;
 205,  62, 175, 245, 164, 126, 109,  18, 121, 202, 118, 116, 159,  55, 209, 187, 135, 100, 125, 124, 169, 220, 161,  10, 199, 251, 100, 128, 130, 241,  70, 113;
 252, 109,  57, 100,  13,  77,  71, 184, 225, 160, 172,   8, 219,  17,  65,  55,   8, 212,  76, 106,  72,  35, 249,  44, 243, 217,   5,  60,  66, 187,  70,  34;
 173, 228, 108, 219, 221, 247, 239, 238,  86, 115, 255,  18,  81, 125,  30, 107, 121, 202, 123, 186, 122, 247, 127, 127, 127,  11, 199,  69, 247, 217, 248, 162;
 192, 185, 157, 227, 184, 238, 115, 154,  46, 169, 106,  88, 246, 247,   1, 114, 164,  87, 124,  88,  19, 216, 217,  63, 237, 173,  37,  68, 200,  67,   7,  59;
  88,  60,  55, 244,  27, 239,  51,  98, 175, 132, 170,   8,  62, 215,  33,  80, 162, 113, 234,  64,   0, 169, 178, 126, 209, 244,   3,  27,  64,  33,  39, 106;
 220, 197,  39, 238, 157,  71, 207, 232,  68, 132, 142,  10, 115,  85,  57,  97,  88, 196, 121, 235, 104,  39,  45,  63, 241, 171, 175,  28,  49,  59, 116,  96;
 106, 160, 149, 176, 137, 125,  16,  11, 151,  55, 135,  25, 142, 183,  74, 143, 193,  18, 232,  16,  30, 111, 251, 145, 139, 215,  85, 127, 146,  76, 140, 102;
 200,  75, 126, 255,  36, 200, 117,  55, 244,   4, 246, 160, 183,  55,   0,  83,  70, 246, 109,  66, 104, 184, 227,  45, 229, 227, 118,  17,  32, 184, 133,  43;
 182, 205, 228, 250, 220,  35, 206, 255, 213, 146, 152, 146,  97, 109,  61,  67,  89, 226,  23, 227, 248,  39,  12, 191,  58,  78, 205, 148, 183, 255, 240,   0;
 104, 124, 249, 113, 232, 237, 117, 151, 115, 187, 124,   9, 147, 189,  65,  58, 137, 254, 119,  24,  26, 122, 210,  48,  79, 223, 116, 125, 203, 216, 198, 187;
 214, 189,  21, 184, 139,  97,  20, 202, 139, 242, 136,  25,  78, 214,  97, 159, 193, 215, 233, 243,  63,  71, 218, 246, 185,  80, 207, 127, 152, 117, 175,  86;
   0, 143,  14, 249, 176, 173, 248, 119, 190,  21, 110,  21, 173, 175,  34,  16, 197,  43,  75,  28,  18, 152,  16, 117, 239, 215, 154,  65, 208,   0, 207, 202;
  23,  26, 199, 132,  66,  22, 170,  88, 168, 192, 195, 199,  72, 194, 245, 222, 126, 229, 123, 255, 133, 195, 158, 200,  24,  40, 203, 140,  13, 167,  43, 212;
 124, 120,  41, 232,  56,  79,  83,  88,   3, 172, 180,  12,  83,  85,   1,  17, 156, 244,  93, 122,  73,  35, 249,  28, 211, 217, 161, 188, 114, 187,  86, 115;
  34, 189, 249, 219, 246, 175, 186,  87,  94, 137, 120, 250, 180, 252, 244,  32, 159,  59,  19,  17, 179, 250,  82, 254,  45,  30,  61, 234, 221,  72, 147, 187;
  40, 239, 113,  64, 208, 203, 103, 255, 115, 161, 108,  72,  51,  49, 196, 180,  24, 154,  68,  72,  90,  58, 232,  63,  63, 140,   5, 108,  99, 210, 198, 168;
 236, 100, 221, 216, 221, 107,  71, 218,  87, 187, 252,  26,  82, 241,  73,  57,  89, 222, 106,  88,  42, 103, 235,  51, 127, 143, 165, 125, 211, 121, 222, 162;
  38, 237,  36, 154, 221, 133, 142, 236, 150,  27, 217,   2, 232, 232, 125,  64, 217, 235,  19, 211, 242,  98,  90, 255,  45,  30, 159, 108, 149,  91, 240, 136;
 161,  91,  94, 101,  52, 159, 230,  53, 236, 168, 118,  68, 247,  56, 183,  97, 182, 108,  94, 106, 229, 185,  20,  44, 228, 249,  36,   0,  72, 186,  75, 141;
 166, 205,  68, 154, 204,  33, 206, 236, 133,  18, 217,  10,  64, 232,  57,  67,  88, 194,  19, 227, 114,  35,  10, 253,  48,   0, 206, 188,  21, 123, 240, 128;
 105, 253, 242,  92, 253, 221, 247, 226, 251, 234, 252,   8,  42, 185,  55,  52, 201, 238, 246,  74, 237, 251, 242, 254,  63, 255,  21,  59,  67, 125, 214, 238;
  76, 180, 156, 113, 168,  44,  93, 187,  42, 191,  44,  29, 223, 103,  74,  27, 135,  71, 109,  28,  50,  76, 219,   1, 207, 219, 117, 252, 162, 224, 135,  99;
  35, 125, 242,  94, 253, 253, 244, 230, 219, 234, 252,   8,  42, 252, 119,  52, 201, 234, 243,  65, 230, 107, 242, 255,  63,  94,  20,  59, 211,  92,  86, 206;
 222, 124, 190, 118, 139, 251,  53, 207, 187, 255,  62,  57,  94, 255, 107,  31, 183, 247, 253, 146,  48,  69, 170, 250, 251, 215, 125, 183, 226, 117, 135, 115;
 164, 175, 252,  89, 252, 107, 213, 207, 222, 191, 180,  56, 146, 177,  69,  11,  73, 222, 106,  48,  58, 111,  99,  26, 127, 131, 245, 127, 209, 120, 214, 170;
 221, 128, 148, 186, 143, 184,  16, 139, 255,  19, 161,  16, 206, 242, 108, 223, 227,  11, 168,  16,  54, 111, 138, 215, 154, 242,  82, 111, 146,   4, 169,   6;
 209,  33,  31, 165,  42,  15, 105,  16, 228, 184, 162,  64, 151, 147, 193,  83,  38,  37, 108, 110,  73, 197, 129,   8, 208, 137,  99,  20,  40, 163,   1,  33;
 105, 178, 221, 119, 232, 108, 125,  21,  41, 127, 127, 125, 255, 191,  74,  27, 151, 159, 245,   0, 147,  82, 251,  64, 207, 247, 116, 168, 200, 194, 134, 123;
  91, 161, 131, 170, 177, 245,  90,  77,  47,  65, 201, 201, 175, 206, 122, 228, 246, 171, 191, 213, 159,  25, 188, 209, 184, 212, 138, 238, 150,   6, 163,  76;
 211,  90, 254, 189,  34, 234,  61,  22, 189,  74, 118, 226, 189, 190, 131, 123, 166, 247, 127, 193, 161, 221, 165, 107, 197, 235, 122, 130,  44, 241,  37, 121;
 222, 167, 214, 234, 187,  81,  94, 249, 191,  63, 175, 185, 207, 231,  74,  87, 247, 151, 237, 162, 122,  67, 235, 215, 251, 247,  73, 255,  50, 231, 166,  83;
  88,  44,  50, 126,  27, 236,  51,  98, 175, 132, 238,   8,  46, 215,  33,  84, 162, 115, 232,  64,   2,  75, 178, 127, 209, 244,   2,  11,  66,   1,  39, 106;
 109,  48, 148, 192, 233, 125,  81,  24, 139, 255, 165,  28, 206,  55,  75,  31, 133, 212, 238,  26,  11,  99, 251, 208, 223, 216,  85, 127, 218, 237,  14, 119;
 154, 141, 102, 189,  87, 210, 237, 103, 157,  68,  70,  18, 191, 183,  50, 229, 104, 167, 179, 141, 120, 190, 112, 223, 245, 255, 154,  65,  55,  12, 180, 234;
  56, 251, 114, 110, 121, 159,  90, 252, 171,  12, 244,  12, 106, 223,   6,  20, 220, 241, 215,  98, 202, 171,  90, 253, 251, 221,   5,  59,  90, 154,  74,  11;
  83, 156, 147, 156,  23, 180, 162,  67, 255, 193, 202,  70, 236, 242,  52, 228, 178, 111, 184,   5, 149, 137, 146, 231, 153, 118,  26,  74, 138, 100, 185,  86;
 200, 200, 154, 252,  33, 140, 121,  51, 189,   6, 110,   5, 191, 231,  34,  82, 164, 125,  41,   0,  64, 141, 146, 171, 195, 245,  18,   9,  16,  32,  37, 106;
   8, 170, 154, 240, 113, 172, 120, 210, 187,  13, 124,   5,  12, 131,  98,  24, 167,  59, 135,  20,  18, 155, 130, 112,  95, 149,  50, 233, 192, 128,  47, 139;
 209, 192, 191, 245,  44,  12, 121, 158, 126, 217, 150,  16, 215, 255, 209, 106, 183,  93, 125,  92, 138,  77, 243,   0, 203, 251, 127, 148, 132, 176,  33, 105;
 104, 224, 144, 184, 205, 221,  80,  15, 131,  63,  12,  24, 142, 153,  72, 158, 137, 154, 234,  17,  26, 106, 210, 145, 223, 213,  20, 127, 210,  12, 222,  10;
  33, 190, 113,  89, 112, 175, 235,  90, 126, 105, 121, 244, 113,  69, 132,  52,  31,  56,  22,  28, 163, 180, 109,  31,   4, 158,  33, 196,  93, 138,  66, 177;
 204, 124, 254, 113, 160, 234, 119, 150, 249, 223,  62, 116, 158, 191, 193, 123, 167, 119, 125,  18, 177, 220, 176,  98, 207, 223, 118, 198, 142, 113, 167, 115;
 237,  69,  49, 102,  85,  95,  71, 188, 113, 234, 237,   8,  83,  49,  25, 181,  88, 212,  84, 106, 105, 178, 121,  14, 119, 223,   5,  52, 106, 187, 210,  40;
  56, 142, 127,  95,  82, 226, 191, 127,  84,   6, 126, 162, 113, 103, 162, 113, 127, 251, 166, 162, 240, 154,  38, 127,  98,  39, 242, 129,  55, 224,  36, 233;
 217,  88,  94, 101,  38,  26, 246, 112, 124, 200, 114, 100, 127,  24, 167, 241, 182, 101, 110, 106, 229, 181,   5, 110, 242, 235,  34,   0, 105, 178, 105,  13;
 217, 253,  46,  63, 138, 144,  61, 182, 180,  86,  70, 180, 245, 230, 131, 123,  38, 102, 248, 206, 229,  77, 191,  47, 224,  99, 122, 128,  44, 117, 171, 125;
  32, 157,  63, 249, 148, 207, 182, 247,  28, 105, 218,  65, 244, 125,  52,  33, 220,  59,  19,  97, 241, 169,  17,  61, 105, 134,  63,  80,  88,   8, 177, 187;
 196, 180,  29, 247, 240, 207,  97, 190,  62, 186,  99,  88, 214,  87,  72,  49, 145,  94, 120, 122, 113, 252, 249, 111, 237, 162, 117,  68,  72,   1, 131,  51;
 243, 203,  66, 174,  25, 148,  78, 252, 161, 132, 216, 199, 105, 202,  55, 212, 222, 225, 205, 231, 206,   7, 142, 239, 176, 116, 142, 154,  61, 182,  42,  28;
 185, 123, 121, 108,  56,  15,  79, 124,   1, 168, 188,  76, 115,  87, 145,  48,  28, 244,  84, 110, 201, 167, 113,  30, 227, 201,  37, 180, 122, 187,  66,  57;
 166, 237, 164, 155, 221, 173, 174, 239,  94,  59,  24,  24, 164, 232, 121,   8, 217,  74,  51,  81, 242, 110,  91, 247,  45,  22, 223, 126, 208,  89, 208, 138;
  72, 249, 184, 114, 169, 205,  81, 222, 255,  61, 166,  24, 190, 151,  74,  26, 129,  90, 236,  80,  90, 109, 218,  49, 219, 217,  21, 127, 202,  16, 207,  59;
  52, 204, 108, 217, 140, 107, 197, 239, 198, 190, 190,   2, 147,  49,  21, 107,  73, 214, 127, 184, 122, 235, 107,  53, 239, 139, 247,  93, 209, 120, 244, 234;
  45,  18, 213,  69, 172,  47, 197,  25,  70, 186,  55, 108, 211,  49, 137,  43,  29,  84, 110,  40, 145, 240, 121,  24,  68, 138, 101,  52, 254, 250, 192, 161;
 104, 163, 252, 245, 236, 107, 117, 119, 127, 183, 246,  56, 166, 177,  64,  27, 171, 190, 238,  16,  48, 122, 193,   8,  95, 147,  84,  49, 210, 216, 206, 171;
 101, 203, 134, 180, 237,  15, 109, 103, 171, 182,  34,  13, 142, 160, 118,  95, 161, 101, 106,  13,  84, 111, 146, 208, 156,  18,  87,  62,   8, 124, 203,   0;
 146, 223,  71, 237,  82, 134, 111, 113,  37,  12, 246, 230,  61,  23,  32,  85, 102, 185,  31, 234, 105, 158,  49, 109, 245, 160, 170, 128,  58, 130,  36, 249;
  91, 184, 146, 184,  83, 180,  50,  71,  63,  65,  74,   7,  44, 218,  34, 208, 246, 171, 179, 149,  23, 155, 146, 231, 152, 101,  26,  75, 168,   4,  43,  30;
 209,  86, 215,  69,   2,  38,  41,  16,  61, 138, 114, 230, 251,  54, 165, 116, 118, 181, 108, 234, 161, 148,  53,  74, 149, 234,  98, 130, 105, 241,  33,  61;
 185,  69, 121,  77,  52,  15,  79,  61,  84, 168, 126, 104, 115, 113, 144,  53,  30, 252,  20, 110, 233, 176, 101,  31, 102, 203,  37, 144, 119, 186, 194, 168;
  40, 142, 236,  93, 122, 226, 191, 191,  86,   6, 252, 162,  97, 103, 166, 100,  95, 242, 167, 136, 144, 138, 111, 127, 102,  39, 242, 129, 119, 226, 100, 233;
   1, 145,  28, 235, 188, 143, 136,  63, 158,   9, 200,  64, 247,  81,  56,  32, 156,  19,  91,  25, 147, 168,  83,  63, 233, 158,  26,  80, 216,   8, 129, 184;
  72, 240, 184, 112, 185, 205,  81, 159, 171, 125, 166,  29, 190, 215,  74,  26, 133,  95, 109,  80,  90, 111, 250,  49, 219, 217,  21, 127, 202,  16, 203,  91;
  37, 176, 185, 105, 252, 141, 152,  73,  74,  57,  57,  89, 151, 220,  92,  40, 157,  25,  83,  21, 151,  42, 218,  17,  77, 157,  63, 124, 216,  10, 195, 177;
 174, 167, 232, 203, 253,  53, 218, 217,  27,  61, 189,  88, 137, 201,  94,  24, 221, 155, 151, 158, 158,  98, 202, 210,  79, 221, 133, 253, 211, 207, 218, 133;
  88,  13, 158, 188,  27, 230,  16,  71, 173, 133, 238,   3,  62, 179,  34,  82, 162, 247, 249,   0,   4, 137, 146, 204, 243, 225,  26,  27,  32,  80, 173,  10;
 130, 206, 126, 223,  54, 240, 255, 102, 189,   6,  94, 179, 173, 255, 178, 101, 226, 123, 191, 203,  96, 157,  38, 239, 242, 119, 250, 131,  20, 217,  61, 239;
 239,  74, 236,  84, 232,  28, 236, 188, 240, 250, 118, 253,  89,  44, 215, 187,   7,  68, 245, 238, 245, 118, 238,  64,  94, 107, 245, 140, 207, 245, 202, 213;
 162, 253, 180, 155, 253, 173, 180, 238, 222, 186, 152,  26, 236, 248, 117,   0, 201, 107, 123,  81, 114, 108,  91, 247,  45,  95, 223, 126, 208,  88, 209, 138;
 216, 136, 190, 188,   1, 204,  81,  39, 191,  15, 206,  17, 174, 179,  34,  80, 129,  35, 105,   0, 106, 141, 146,  55, 193, 247,  82,  91,  18,   0,   5, 106;
 101, 114, 249,  68, 104,  31,  94, 152, 107, 234, 180, 236,  75,  12, 199, 190, 159, 212, 228, 126, 141, 102, 249, 144,  23, 221,  37,  62, 226, 187,  78, 117;
  57, 165,  75, 170, 208, 245, 122,  93,  39,  72, 217,  75,  61, 223,  58, 240, 248, 171, 151, 245,  31, 154,  76, 159, 255, 197, 171, 233,  52, 198, 250, 195;
  82, 104,  50, 222,  91, 192,  19,  72, 175,   5, 236,  41,  44, 215,  37,  84, 226, 187, 235, 192,   2,  11, 138, 125, 147, 228,  18,  27,  50,   3,  39, 106;
  77, 180,  21, 211, 225, 111, 101, 189,  60, 186,  99,  72, 222, 119,   8, 125, 145,  94, 122,  42,  81, 240, 251, 117, 205, 186,  85,  68, 202,  82, 131, 179;
 173, 125, 117,  79, 221,  63, 231,  59,  95, 234, 111,  28,  90, 112, 151, 181, 217, 110,  82,  46, 241, 244, 121, 190,  39, 126,  69,  54,  91, 253, 218, 228;
  65, 173, 158, 158, 143, 184, 176, 103, 236, 149, 172,  24, 174, 242,   6,  95, 162, 163, 106,   1,  54, 107, 130, 109, 152,  50,  94,  27, 192,  64, 171,  14;
 162, 245, 246,  94, 253, 249, 180, 239, 219, 123, 185,  58, 238, 248, 108,  34, 187, 219, 247,   1, 118, 111, 250, 247,  63,  30,  23,  59, 215,  94, 215, 207;
 254, 247, 244, 202, 251,  63,  94, 255, 187, 191, 173, 189,  76, 239,  78,  94, 247, 223, 239, 178,  58,  75, 234, 246, 187, 247, 143, 255, 178, 247, 166,  87;
  37,  40, 121,  89, 112, 175, 107,  90, 126,  99, 117, 224,  49, 151, 209,  56,  63,  56,  22,  28, 131, 180, 125,  95,  68, 142,  49, 160, 212, 129,  66, 177;
 206,  28, 190, 247, 162, 238,  63,  19, 188, 199,  95, 180, 253, 239, 179, 106, 167, 127,  63, 146, 181, 221, 178, 234, 207, 255, 126, 192, 140, 243, 175, 209;
  37, 144, 221, 101, 160,  75,  85, 183,  95, 251, 118, 248, 215,  53, 129,  59,  23,  86, 100,  56,  57, 248,  81,   8, 204, 158, 117,  84, 232, 248, 194,  57;
 206, 190, 179, 242, 227, 237,  55, 215, 187, 251,  63, 124, 222, 255, 237,  61, 183, 127, 255,  18, 179, 116, 168, 242, 255, 218, 119, 230, 202, 117, 135, 243;
  40, 235, 120, 110, 124, 159,  90, 252, 207,  12, 252,   8, 123, 221,  54,  16, 220, 185, 199, 110, 206,  43, 122, 189, 243, 221,  37, 219,  82, 154,  70, 139;
  73, 182,  57,  99, 178, 255,  59, 187,  50, 239, 127, 252, 223,  55, 202, 176, 151,  31, 244,  44, 145, 216, 185,  31, 234, 223,  49, 244, 234, 194, 139, 115;
 192, 176, 156, 183, 168, 109,  80,  27, 187, 187,  37,  25, 190,  51,  66,  27, 131,  87, 253,  16,  62,  73, 219,  19, 203, 211, 125,  63, 136,  96, 143,  11;
 220, 130,  20, 184, 139, 185,  16, 138, 247,  55, 161,  57, 143, 154, 107, 219, 193, 133, 236,  16,  62, 111, 203, 147, 154, 211,  83, 127, 210,   5,  45,   6;
  16, 159, 126,  79, 210, 143, 175, 117, 236,  44, 254, 206, 115,  69, 180,   0,  62, 178,  70, 106, 208, 185,  53, 127, 117, 140,  32,  64, 113, 154, 197, 249;
 177, 207,  67,  79,  84, 135, 239, 249,  84,   8, 251,  66, 113,  81, 188,  96, 120, 184,  18, 234, 225, 178,  45, 127, 117, 172, 162,   0, 125, 187, 240, 160]