[ 95, 209, 228,  37, 169,  31,  95, 185, 175, 253, 190, 141, 223, 125,  95,  50, 151, 199, 253, 111, 141,  97, 127, 157, 235, 223,  77, 182, 255, 246, 207,  87;
  84, 115, 252, 101, 162,  10, 255, 184, 106, 180,  62, 160, 211, 111, 223,  26,  54,  84, 109, 250, 192, 208, 237,  72, 126, 139, 239, 229, 229, 179,  71,  97;
 112, 233, 249, 122, 184, 205,  87, 254, 131,  61, 172,  24,  51, 247,  72,  16, 201, 210, 101,  72,  90,  43, 234,  49, 251, 221,  52, 121, 240, 152, 198, 106;
 102,  42, 224,  24, 201, 180, 154, 202, 139, 135, 168, 159, 136, 238,  87,  90, 205, 227, 227, 149, 158,  11, 230, 242,  31,  54, 158, 251, 215,  85, 118, 198;
 249,  77,  71, 238,  12,   6,  79, 253, 165, 128, 214,  66, 115,  99, 177, 231, 120, 228, 124, 234, 233, 131,  57, 236, 179, 235, 230,  16,  55, 187, 240,  40;
 184, 205,  15, 233, 157, 199,  71, 253, 133,  40, 198,  66, 114,  17,  48, 101, 104, 166,  91, 104, 121, 169, 113,  61, 249, 170, 132,  80,  48, 136, 240,  42;
 184,  55, 107, 232, 116, 211,  67, 120,  17, 204, 221, 236,  51, 197, 130,  48,  92, 188, 132, 122, 233, 146, 236,  30, 250, 229, 165, 249,  38, 138, 118, 121;
  67, 111, 154,   4,  50, 152, 175,  55, 172,   4, 206, 228, 172, 162, 147, 228,  38,  51, 250, 140, 192,   9, 164, 109, 182,  52,  10, 136,   6, 150,  43,  45;
 211, 203,  10, 158, 168, 148,  28, 253, 184,  30, 197, 212, 236, 226, 154, 255, 165,  71, 236, 207, 252,  79, 174, 117, 152,  51,  94, 239,   8,  36, 171,  69;
 166,  49,  98, 136, 111, 241, 154,  72, 141,  68, 157, 171,  12, 204,  55,  16, 206, 185, 215, 231,  12,  39,  54, 220,  19,  80, 137, 187,  87,  15, 118, 214;
  90, 191, 166, 245,  35, 210,  92, 178, 177, 158, 198, 161, 111, 255,   2, 211, 231, 247, 253, 162, 124, 201, 129, 236, 243, 247, 223, 147,  34, 244,  47,  75;
  92,  57, 185, 102, 170, 104,  87,  24,  98, 238, 143,  40, 215, 183, 193, 114,   2,  86, 125,  74,  25,  97, 249,  32, 219, 237, 101,  60, 160,  99,   7, 115;
 140, 235, 180,  17, 236, 153, 172, 205, 239, 115,  16, 220, 142, 136, 220, 142, 167,  11, 234,  95, 199, 116, 158, 209, 140,  80,  93, 125, 206, 220, 139, 149;
 250, 241, 122,  96, 121, 209,  83, 248, 227, 236, 180,  46,  59, 221, 255, 176, 188, 221, 213, 226, 207,  39, 184, 159, 115, 221, 161, 191, 103, 151, 110, 243;
 170, 251,  17, 144, 249, 217, 150, 231,  31, 125, 176, 253, 172, 156, 230, 133, 207,  27, 151,  85, 247, 123, 104, 245, 170,  80,  63, 254,  94,  28, 151, 223;
  56, 242,  88, 106,  50, 137,  82, 252,  35,  44, 125, 237, 175, 203,  74, 144, 158, 185, 197, 208,  78,  58, 202,  53, 250, 197,  53, 251, 122, 130,  14, 155;
  50, 135,  14, 174,  20, 131,  78, 103, 133,   1, 203,  66,  99, 107,  48,  64, 216, 178,  15, 161,  88, 171,   1, 221, 177, 180, 130,  17,  48, 138, 240,   8;
  88, 112, 187, 166,  67,  72,  55,  87,  35, 198,  79, 169,  62, 151,  99,  88, 183, 125,  57,   3,  64,  21, 176,  98, 209, 231,  30,  11,  34, 118, 167, 123;
 252, 100,  49, 113,  49, 253,  71, 150, 113,  42, 166,  24, 159,  81,   9, 189,  16, 220, 204, 106, 107, 244, 241,  47, 227, 219,  16,  50,  98, 209, 194,  32;
  79, 243, 243,  67, 255,  91, 103, 216, 107, 248,  27, 106,  76, 116, 221, 182,  50, 212, 118, 251, 131, 115, 173, 224,  61,  28, 133, 230, 167, 183, 150, 101;
  88,  65, 217, 231, 178,  10, 111,  61,  44, 129,  95, 130, 223,  55, 136, 114, 118, 215, 125, 250,  89, 144, 233,  64, 252, 237,  46, 128, 164, 242, 129,  33;
 248, 161, 156, 248, 189, 201,  80,  11, 223, 185, 176,  57, 239, 219,  72, 144, 153, 152, 237,  16,  90,  99, 202, 145, 219, 209, 101, 127, 240,  40, 222,   3;
 125,  53,  91,  66, 177, 127,  70, 248,  97, 232, 191,  72,  83, 113, 197, 180,  24, 212,  76, 122,  29, 179, 249,  14, 187, 253,  37,  86, 235, 243, 202,  37;
   9, 120,  31,  17,  27, 222,  58,  84, 172, 232, 166, 196,  60, 215,   7, 176,  38, 117, 250, 220,  69, 129, 178, 108, 223,  47,  58,   0,  10,   7,  43, 249;
 131,   4, 230, 155, 230, 184, 184,   7,  60,  83,  83, 147, 172,  14, 182, 105, 231,  59, 179, 149, 182, 220, 103, 226,   6,  58, 218, 192, 149,  69, 161, 221;
 252,  96,  53, 108, 169,  77,  71, 152, 224, 154, 165,   8, 223, 215,  73, 123, 145, 208,  76, 106, 105,  71, 186,  16, 241, 201, 101,  60, 114, 243,  70,  34;
  88,  25, 211, 100, 139, 104,  85,  55, 161, 166, 174,  40,  30,  55,  65,  94,  35, 247, 109,   0,  88,   9, 179,  64, 217, 166, 116,  20, 162, 224, 134, 107;
  74, 188, 145,  91, 187, 248,  48,   3, 255,  27, 107, 112, 174, 182, 196, 252, 163,  59, 236,  16,  51,  88, 178, 247, 141, 246,  26, 106, 202,  68, 135,  63;
  50, 165,  98, 136, 223, 241, 144, 111, 143,  53, 216, 171,  40, 204, 126, 129, 249, 155, 195, 177,  62,  43, 198, 221,  59,  84, 139, 123,  85,  12, 190, 214;
 180, 207, 126, 124, 154, 163,  87, 255,  22, 142, 252, 187, 115, 101, 163,  17,  31, 242,  69, 162, 104, 238,  75,  63, 250, 135, 101, 157, 113, 240, 230,  75;
 220, 124, 151, 118, 160,  78,  71,  49, 177, 162, 171,  72, 255, 115,   1,  55, 147, 244, 124,  42, 105, 213, 153,  10, 225, 250, 101,  16, 106, 242,   7,  43;
  37, 225, 137,  34, 220, 205, 171, 204, 170, 189,  60,  72, 181, 225,  91,  18,  27,  74,  83,  93,   2, 114, 202,  48, 125,  13,  45, 108, 192,  19,  83, 232;
  72, 176, 151, 120, 201, 237,  81, 143, 239,  19, 168,  24, 190, 247,  72, 190, 161, 147, 232,  16,  26, 111, 146,  81, 221, 246,  80, 127, 194,   0, 135,  34;
 125, 115, 248,  44, 251,  63,  87, 216,  19, 236, 188, 173,  74, 237, 223, 148, 158, 244, 236, 119, 140,  99, 249, 152, 122,  95,   5, 191, 239, 255,  94,  87;
 248, 173, 112,  10, 219, 185, 146, 238, 123,  53, 172,  45, 106,  40,  14, 148,  59, 130, 234,  65,  54,  43, 223, 127,  58,  70,  21, 127, 251,  70, 238,  78;
 253,  95,  52,  63, 203,  30,  63, 184, 232, 254, 103,  93,  77,  98, 143, 223, 167, 101,  96, 110, 228, 212, 125,  45,  84, 107, 101, 148, 123, 247,  11, 213;
 199, 185, 145,  81, 233,  60, 188, 147, 171, 250,  36,  92, 140, 170, 197, 159, 135,  79,  96,  94, 209, 122, 242,  96,  14, 152,  79, 238, 202, 240, 139, 213;
 127, 245, 193,   6, 211,  95,  70, 248,  43, 232, 191,  77,  90, 117, 223, 148,  63, 204, 222, 126, 201,  51, 157, 218,  62,  92,   5, 246, 239, 247,  74,  21;
 123, 245,   3, 166,  51,  22,  94, 245,  57, 104, 217, 239,  79, 254, 186, 180, 254, 239, 149, 231, 237, 147, 172, 239, 176, 252, 174, 170,  47, 246, 170,  93;
 104, 172,  57, 113, 125, 239,  65,   6,  99, 173, 172,   8, 178,  23,  64,  48, 201, 190,  76,  24,  10, 250, 240,  60, 207, 157,  16, 113,  66,   8,  70, 234;
 117, 245,  57,  96, 240,  79,  71, 253,  33, 105, 165,   8,  23,  23,  74,  49,  24, 156,  68, 122,  91, 114, 248,   5, 253, 137,  37, 116,  96, 130, 198, 242;
 171, 187, 100,   1, 235,  27, 252, 229,  97, 116, 180, 175,  43,   8, 215, 183,  46, 132, 198, 228, 220, 250, 229, 252,  62,  89, 101, 247, 111, 140,  90, 221;
 235, 252, 134,  28, 201, 181, 172, 207, 171, 211, 224, 221,  40, 230, 103, 223, 237, 231, 234, 148, 231,  79, 158, 241,  30,  50, 223,  46, 138, 116, 171, 156;
 217, 221,  23, 239,  49,  78,  79, 189,  53,  74, 138,  84, 255, 119,   8, 244,  20,  86, 125, 106, 105, 141, 185,  47, 225, 238,  38,  16,  42, 178, 161,  57;
 237,  88, 209,  84,  77,  62,  68, 150, 113, 226, 102,  72, 154,  49, 149, 254,  73, 228, 114, 106, 137,  54, 241, 202,   7, 254, 197,   4, 202, 249,  82,  36;
  38, 184, 232, 147, 197, 201, 180, 199,  30,  87,  88, 183, 164, 252,  95,   8, 255,  91, 147, 145,  22,  88,  94, 240,  77,  22, 223, 239, 149,  93, 151, 210;
 162, 128,  98, 219,  68, 137, 232,  81,  93,  17, 119,  18,  40,   9, 188,  73, 106, 136,  23, 153, 154, 190,  69, 215,  22,  40, 144, 192, 103, 136, 112, 136;
 199, 238, 132,  30, 201, 180, 172, 151, 187, 219, 128, 213, 168, 234,  87, 223, 197,  99, 250, 157, 183,  79, 222, 241,  62, 122, 222, 250, 154,  85, 171, 156;
 127,  13, 228,  68, 222,  50, 207, 249,  67, 224, 188, 206,  73, 104, 215, 246, 126, 236, 182, 254, 141, 114, 237, 200,  62, 120, 199, 188, 239, 255, 122, 116;
   3,   7,   6, 159, 204, 182, 172,  97, 172, 203, 219, 215, 200, 234, 190, 196, 246,  45, 187, 165, 213, 151,   7, 206,  36,  54, 202, 192,  13, 102, 185, 212;
  88,  53,  27, 108,  17, 238, 115,  25,  36,  72, 235,  72, 255,  23,   8, 112, 178, 149,  92,  40,   1, 129, 177,  29, 241, 225,  32,  12,  72,   2, 163,  51;
  94, 255, 210, 252, 235, 232,  62, 234, 187, 150, 252, 169, 110, 239, 107,  19, 182, 243, 239,  98,  66,  67, 138, 233, 243, 247,  71, 139,  50, 245,  39,  67;
  82, 183,  23, 190, 155, 236,  48,  39, 185,  25, 203,  93, 174, 246,   8, 215, 167,  55, 232,   1, 119,  73, 146,  87, 153, 182,  26,  74,   8,   4, 175,  31;
  33, 173, 113,  90, 221, 239, 195, 239,  83, 109, 237,   8, 114, 113,  28,  52,  89, 138,  66,  24,  26,  42, 122, 191,  63,  30,  17, 126, 211, 138, 214, 238;
 171, 165,  99,  27, 245, 249, 232,  39, 125,  73, 115, 220, 170,  44, 158, 181, 136,  42, 198,  13, 183, 184, 103, 231,  38, 126,  18,  67,  79, 140, 223, 220;
  38,   5,   2, 131, 148, 163, 170,  97,   4,   1,  91,   2,  64, 202,  56,  64, 120,  42,  19, 177,  16, 176,   8, 220,  44,   4, 138, 192, 149,  11, 177, 128;
  98, 234, 109,  26, 108, 217, 241, 228, 238,  93, 176, 169,  34, 140, 126,  27, 200, 131,  79,  69, 142, 107, 110,  53,  86,   0, 112, 251,  85,  24,  86, 222;
   9, 181,  21, 229,  53, 207,  97,  55, 100,  42, 106,  64, 159,  49,   0, 165, 128,  62,  72,  40,  89, 184,  81,  31, 237, 255,  16,  80,  74,   8,  66, 168;
 226, 110, 250,  94, 109,  88, 229,  67, 249, 158, 116,  24,  42, 248, 245,  63, 169, 120, 115,  10, 224, 103, 162,  98,  23,  58,  84,  11,  65, 113, 118, 174;
 249, 143, 100, 101, 172,  18,  78,  39, 113, 174, 190, 169,  99,  40, 150,  83,  93, 230, 236, 166, 252, 218, 237, 142, 238, 251, 229, 145, 103, 246, 222,  76;
 248,  50, 248, 232, 254,  91,  80,  79, 107, 173, 180,  57, 143, 157,  74,  26, 138, 149, 237,  49,  24, 111, 225, 146, 223, 217,  48, 255, 242,   8, 206,  99;
 222,  79,  30, 182, 162, 130,  30,  96, 189, 142, 210, 183, 237, 239,  35,  91, 230, 241, 141, 227, 108, 207,   2, 238, 242, 243, 111, 139,  36, 245,  45,  75;
  44, 169, 188, 119, 173, 237, 117, 255, 239,  63, 189,  24, 242, 251,  80,  58, 201, 242, 111,  10,  24, 107, 234,  17, 215, 159, 245,  61, 208, 248, 198, 162;
 133,  34, 157, 161, 172,  11, 234, 200,  94, 178,  99,  80, 215,  65, 209,  75,  91,  76, 106, 127,  97, 244, 203,  16, 140, 138, 103,  52,  92, 169,  81, 128;
 146,   0, 134, 157,   6, 162, 168,  74, 188, 130, 210, 147,  12, 142,  49,  73, 103,  45,  59, 133,  32, 213, 131, 206, 132,  34, 218, 128,   4,  68,  49,  72;
 238, 239, 111,  53, 104,  26, 239, 168, 169, 118,   4, 157, 201, 109, 155, 159,  34,  68, 245, 239, 224,  85, 174, 189, 102, 123, 207, 133,  39, 245,  95, 244;
   3,  42, 244, 117, 116, 174, 248,  23, 127, 169,  90, 240, 189,  43, 212, 104,  39,  63, 127, 157, 146, 216, 197, 192,  78, 255, 178, 192, 166, 192,  83, 137;
 225,  16,  57, 101, 100,  13,  97,  16, 105,   8, 247,  88, 179,  25, 144,  48, 140, 148,  78,  40, 129, 180, 241,   1,  71, 249,  32,  16,  74, 136,  66, 169;
  90,  94, 110, 247,  18, 178, 189, 182, 164, 158, 150, 167, 109,  47, 163,  75,  39, 245, 239, 163, 164, 197,  37, 237, 246, 227, 250, 129,  39, 245,  45,  91;
  43, 189, 192,  69, 245,  62, 202,  59, 123, 233, 124,  76,  11,  56, 214, 180,  89, 206, 148,  60, 191, 186, 244, 159,  46,  93, 129, 116, 235, 204, 218, 132;
 140,  66, 236,  55, 104, 121,  44, 185, 146, 246,  87, 185, 239, 237, 219, 139,  31, 124, 231,   3, 228, 116, 175,  34, 134, 243, 117, 169, 230, 255,  14, 241;
  89,  39, 211, 229,  50,  90, 127,  56,  41, 228, 122, 237,  95,  38, 129, 176,  54, 221,  92, 230, 197, 145, 173,  78, 182, 237,  39, 132,  36, 226,   7, 113;
 167,  49, 113,  65, 228,  14, 237,  49, 121,  40, 243, 250,  17,  31, 156,  53,  62, 156,  85, 250, 249, 254, 229,  76,  39, 184, 162, 196, 101, 129, 210, 177;
  92,  42, 220,  52,  42,  40,  89,  18, 162, 183, 166, 189,  55, 167,  67,  27,  39, 245, 109, 144,   8,  75, 131,   0, 218, 167, 125, 185, 224, 225,  15,   3;
 162, 201, 102, 220,  92, 131, 140, 101, 212,  64,  80,   2,  32, 136,  52,  65,  72,  42,  19, 193, 226, 170,   6, 189,  34,   8, 154, 128,  85,  12, 240, 136;
  65, 128, 159, 151, 134, 118, 169, 134, 238, 211,  75,  22, 253, 184,  90, 234,  35, 103, 122, 157, 149, 248, 191,  96,  77,  47,  94,  64, 173, 113, 185, 140;
 208, 112, 191, 246,  10,  72,  85,  61, 176, 210, 135,  56, 247, 247,  73, 123,  34, 244, 125, 234, 105,  69, 179,   8, 241, 163, 116,  24,  32, 176, 166, 122;
 249,  21,  92, 125,  40, 175,  85,  59, 117,  42, 118,  24, 243,  51, 128, 113, 150, 182,  52,  40, 252,  56, 113,  29, 199, 251, 112,   4, 120, 224,  64,   3;
 162, 128, 102, 205,  84, 131, 232,  73,  87,  33, 112,  18,   0, 136, 180,  65, 120, 140,  19, 161, 162, 254,   5, 223,  22,  10, 146, 192,  85,   8, 112, 136;
 230,  44, 128, 188, 189,  45, 206, 202, 159, 186, 176,  24, 163, 232, 113,  73, 216, 226,  95,  99,  42,  39,  75, 187, 177, 212, 139, 188, 144, 121,  80,   0;
  90, 129, 183, 247, 195, 212,  61,  39, 173,  25, 195,  16, 172, 182,   4, 246, 224, 179, 251, 129,  80, 205, 178, 229, 149, 242,  94,  11,   2,   4, 167,  46;
  70, 161, 132, 186, 169, 245,  56, 143, 175, 121, 139,   1, 140, 238,  78, 206, 199,  19, 253, 149,  22,  73, 203, 241, 159,  86, 223, 255, 144,  70, 141,  79;
 168,  52,  31, 253,  45, 239,  69,  89, 183, 122, 241,  88, 214, 247,   9,  25, 217, 184,  95,  34,  41, 227, 210,  28, 197, 243,  97,  60,  88, 104,  70, 179;
 122, 181,  32, 170,  29, 205, 208, 236, 143,  45, 184,  13, 238, 253, 106,   0, 216, 155, 207,  33,  30,  43, 218, 159, 251, 245, 139, 127,  83,  46,  86,  90;
  71, 249, 133, 151, 170, 204, 175, 172, 170, 241,   0, 141, 252, 230, 207, 174, 135,  67, 121, 213, 151,  73, 255, 113,  44,  22,  95, 254, 156, 116, 131, 124;
  39, 247,  87,  91, 245, 191, 170, 216,  95,  91, 121, 212, 200, 204, 189, 173, 255,  74, 130, 126, 183, 240,  46, 247,  46,  30,   7, 198, 223, 223, 225, 181;
 133,  93, 213, 221, 202,  38, 111, 184,  22, 178,  66,  70, 213, 115, 137, 111,  87,  84,  50, 250, 241, 212,  89,  10,  44, 174, 239,   4, 184, 241,  32,  49;
 223, 230, 235,  36, 210,  22, 126, 165, 113, 195, 139, 223,  73, 236, 222, 243, 183, 205, 221, 181, 245, 215, 172,  66,  58, 109, 175, 197, 173, 244, 250, 215;
 127,  77, 230, 196, 236,  63,  78, 248, 193, 170, 190,  10,  75, 105, 245,  63,  88, 228, 119, 234, 236, 115, 239, 168, 119, 218, 197, 188, 231, 251,  80,  36;
 135,  38, 194, 145, 244,  59, 170, 200,  94, 243,  83, 223, 200, 168, 223, 173,  63,  76,  50,  61, 181, 116, 205, 194,  28,  30, 143, 228, 141, 109,  89, 148;
 131, 167,  26, 191, 242, 133,  60, 247,  22,   9,  76, 213, 244, 227, 106, 149, 223, 107,  19, 141, 247, 218,  90, 245, 172,  82,  94, 200,  10, 214, 171, 137;
 163,  82, 164, 188,  40,  47, 149, 156, 159, 122, 144, 253, 230, 220, 187, 175, 151, 113, 255, 101, 167,  69,  70, 153, 128,  18, 121, 190, 220, 125,  27, 117;
  40,  58, 232,  91, 236, 235, 253,  95, 255, 238, 124, 173, 185, 173, 215,  24,  79,  58, 247,  12, 192, 184, 103,  82, 102,  31,  53, 169, 215, 216, 214, 249;
   8, 152,  26, 185,  21, 133, 177,  87,  30,   9,  84,  18, 188, 159,  32,  64, 204,  59,  19,   1,  18, 184,  82, 191, 197, 181, 186, 104,  16,   8,  33, 171;
 163, 201, 102, 156,  12, 147, 172, 101, 196,  64, 210, 135,  32,  12, 182,  97,  76,  33,  19, 197, 228, 141,  38, 253,  32,  40, 202, 128,  21,  28, 240, 220;
  34, 128, 228, 221,  76, 131, 168, 107,  94, 177, 112,   2, 168, 138,  52,  72, 120,  45,  51, 129, 146, 250,  67, 221,  28,  58, 219, 128,  21,   8, 112, 136;
  56, 185, 120, 106,  93, 197,  91, 120,  67,  96, 237,  10,  51, 221,  27,  48, 216, 152,  17, 106, 139,  34, 122,  61, 115, 205, 129,  61, 113, 139,  86, 250;
   6,  12,  18, 139, 150, 162, 170,  69,  20,   1,  91,  18,  76, 138,  48,  64, 127,  59,  19, 145,  50, 152,   9, 222,  44,  38, 138, 192, 149,   3, 161, 128;
 126, 104, 232, 100,  15, 115,  86, 200,   3, 230, 164, 139,  75,  29,  83,  58, 217, 213, 253, 243,  12, 103, 255, 138, 211, 199, 197,  61, 231, 125, 126,  82;
  88,  20, 183, 100,  33, 110, 119,  53,  33, 170,  43,   8, 223, 119,   1, 114,  49, 244, 124,  42,   9, 241, 185,   8, 241, 238, 101,  16,  98, 242,   7,  59;
 161, 152,  61,  89, 237, 157, 161, 167, 222,  89,  96,  92, 178, 184,   4, 125, 193,  42, 114,  25, 247, 108, 114,  53,  13,  58,  84,  74, 216,   8, 195, 191;
 195, 104, 104, 225,  52, 138, 251, 150,  44, 233, 214, 128, 177,  15, 215,  98, 103, 255, 125, 221, 173, 156, 229, 110, 206, 237, 186, 192, 164, 129, 115, 121;
  34,   0,   2, 136,  68, 128, 232,  64,   9,   1,  80,   2,   8, 138,  56,  64, 120, 137,  19, 129,  18, 154, 128, 193,  20,  32, 154, 232,  21,   8,  48, 128;
  38, 182, 204,  26, 217, 133, 178, 221, 159,  89, 249,  95, 112, 223, 110,  80, 221, 219, 131, 148, 159,  46,  90, 119, 127,  22, 159, 110, 217,   7, 250, 147;
 206, 184, 188, 114, 187, 248, 186, 133, 187, 191,   5, 185, 174, 253,  78, 154, 135, 119, 253,  17,  54,  76, 170, 227, 207,  87,  29, 251, 198,  71, 143, 127;
 204,  89, 151, 118, 201,  76,  69, 180, 177, 242, 162,  24, 126, 119,  65, 127,   0, 244, 120, 106, 105,  71, 251, 104, 209, 186,  85,  16,  34, 241,  70,  40;
  87, 179, 142, 166, 146,   6,  62, 189, 163, 225, 139, 197, 221, 231,  74,  82, 182, 199, 253, 246, 149, 209, 153,  64, 248, 229,  15, 196, 168, 182, 171,  82;
  23,  20, 110, 255, 186,  50, 255,  57, 188, 202, 223, 231, 253, 102, 187,  99, 119, 231, 127, 175, 233, 193, 111, 111, 226, 235, 239, 128,  60, 242,  57, 249;
   2,   0, 134, 157,  30, 130, 168,  73, 174, 144, 210,   2, 172, 202,  48,  66, 102,  45, 123, 209,   2, 219, 131, 205,  28,  32, 203, 192,   5,   4,  33, 136;
  95, 185, 170, 228,  61,  95,  95, 184, 175, 236, 158,  13,  95, 253,  82,  48, 180, 229, 253, 237, 140,  41, 185, 219, 251, 221, 133, 182, 103, 166,  86, 114;
 195, 161, 147,  80, 235,  92, 188, 103, 187, 246,  32,  88, 188, 254,  68, 191, 167, 127, 114, 156,  85,  73, 178,  64,  13,  24,  95, 110, 194, 100, 131, 207;
  38, 248, 172, 145, 206,  77, 185, 204,  10, 121,  80, 163, 148, 252,  78,  10, 207,  89,  51, 209, 146,  88, 218, 224,  77,  16, 255, 238, 133,  40, 151, 243;
 146, 186,  80, 177,  34, 169, 176, 150,  63,  61, 242, 253, 175,  11, 196, 157, 167,  27, 239,  17,   2, 252, 195, 245, 140, 208, 122, 243,  76,   8,   7,  27;
  65, 188, 186,  48,  60, 173, 113, 150, 238, 239, 254,  13, 183, 153,  82,  80, 133, 175, 125,  29, 134,  47, 243,   3, 223, 255,  52, 120, 200,   8,  75,  91;
 233, 217,  21, 206,  77, 199,  69,  53, 197,  58, 230,  66, 114,  17,  32, 119,  72, 166, 122, 106, 121, 171, 115, 221,  53, 186, 212,  16,  26, 138, 240,  42;
 234, 104, 250,  84,  77, 252, 211,  70, 235, 133, 236,   8,  42, 189,  87,  54, 136, 252, 241,   8,   8, 111, 178, 234, 119, 125,   4,  43, 195, 244, 118, 238;
 124,  41, 251, 112, 184, 233,  81,  83, 162, 189, 172,  40,  23, 183,  65,  58,  39, 246, 109,  24,  26,  75, 162,  32, 219, 197,  53, 121, 226, 225, 134,  99;
  66, 239, 250, 124, 107, 208, 125, 239, 187,  30, 124, 169,  47, 239,  39,  20,  63, 219, 231, 160,  66,  75, 162, 217, 127, 243,  69, 175, 115, 240,  39, 235;
  39, 236, 196,  91, 236,  59, 238, 206, 255, 218,  56, 192, 200, 232, 221, 175, 223,  74,  82,  62, 231, 112,  79, 242,  46,  30,  79, 174, 223, 255, 219, 148;
 210, 181,  31, 156, 154, 208,  53, 111, 190,  85, 204, 176, 172, 246, 170, 213,  39,  19, 232, 129, 115,  75, 183,  87, 144,  38,  90, 219,  24,   0, 167, 127;
  57, 119, 122, 108, 118,  83,  95, 248,  81, 236, 188, 172,  91,  93, 151,  49,  94, 185, 213, 234, 233, 163, 108, 157, 115, 217, 161, 189, 103, 183, 118, 251;
 221, 193, 217, 229, 182,  10, 111, 188,  36, 161, 254, 194,  95,  39, 152, 114, 118, 213,  61, 250,  89, 145, 161, 138, 254, 237, 175, 196,  38, 179, 161,  33;
  72, 153, 179, 196, 195, 236, 117,  55, 169, 133,  46,  41,  60, 183,  64,  86,  38, 183, 107,   0,  16,  27, 178,  96, 223, 180,  80,  10, 162, 192, 166, 122;
  30, 106, 238,  55, 232, 121, 111, 232, 178, 246,  87, 137, 195, 239, 211,  27,  55, 237, 245, 207,  76,  84, 175,  32, 199, 227, 109, 141, 228, 247,  30, 208;
  86,  26, 158, 182, 138,  38,  60,  81, 168, 178, 131, 231,  77, 174,  67,  91, 167, 213, 237, 167,   4,  67, 155, 200, 144, 231, 223, 151, 172, 115,  43,  19;
 118, 184, 195,  36,  81,  73, 194, 232,  59, 161, 185,  77,  66, 252,  92, 144, 217, 204,  69, 243, 127,  51, 216,  34,  57, 132, 133, 126,  73,  35,  82, 146;
 201,  99, 158,  70, 101,  30, 119,  49, 105, 168,  39,  76,  91,  81,  30,  54, 176, 100, 108, 106, 196, 240, 187,   8, 231, 249,  69,   4,  74, 178, 202,   5;
  89, 121,  58, 114,  19, 221,  59,  80,  54, 232, 238,   5, 253, 214,  67,  48, 182,  45, 252, 222, 197, 153, 176, 110, 243, 237,  42,   9,  74,   7,  43, 251;
 134, 132,  96, 211, 198,  41, 236, 210,  93,  19, 119,  18,   8,   9, 252, 109, 107, 138,  23, 155, 178, 244,  15, 243,   6,  24, 210, 196, 247, 217, 240, 132;
 248, 186,  20, 249,  46, 171,  16,   6,  31,  57, 176, 125, 175,  27, 192, 217, 199,  23, 239,   1,  14, 127,  67, 181, 148, 210, 112, 243,  16,   8,  15,  11;
  61, 237,  67, 172, 114,  23,  78, 248,  49,  72, 248, 199,  91, 127, 186, 176, 254, 237,  23, 239, 237, 154,   4, 175, 178, 239, 173, 132,  47, 166, 122, 209;
 206, 186, 190, 114, 233, 249, 186, 200, 187,  31,  21, 185, 236, 223,  79, 159, 151, 123, 253,  19,  54,  69, 186, 227, 203,  87,  93, 251, 198,  69, 143,  83;
 195, 190, 142, 158, 137, 180, 156, 199, 186, 155, 128,  93, 172, 234, 118, 219, 197,  99, 251, 149, 182,  79, 218, 243, 154, 123, 223, 251, 152,  84, 187, 140;
 102,  76,   4, 186, 173,  47, 206, 235, 141, 186, 153,   8, 206, 122, 113,  91, 201, 229, 127,  51,  88,  67, 219, 160, 185, 219, 207, 126, 144, 123, 208,   2;
  61, 125, 242, 101, 245, 191,  71, 214, 115, 226, 110,  12, 123, 112, 147, 180,  25, 238,  20, 126, 173, 178, 244,  42, 102, 255,   5,  32, 235, 251,  74, 140;
 207, 139,  14, 186, 232, 148,  93, 175, 185,  86, 196, 157, 205, 230,  82,  91, 133, 163, 235, 213, 246,  79, 206, 117, 252,  51, 222, 239,  16, 132, 175,  92;
  52, 137,  90, 219, 149, 225,  82, 202,  87,   5, 205,  18, 162, 209,  40,  68,  89, 186,   3, 216,  58, 170,  74, 183, 203, 148, 146,  75, 176,   9, 244, 162;
 190, 166, 178,  56, 219, 253,  16, 203, 255, 159, 164,  57,  14, 220, 110, 156, 181, 153, 237,  49,  54, 103, 170,  83, 219,  87,  21, 127, 210,  68, 175,  87;
 103, 127,  67,   6, 246, 211, 118, 240, 235, 224, 190, 106,  72, 248, 255, 180,  62, 236, 214, 242, 197,  51, 172, 238,  62,  28, 133, 239, 207, 247, 122, 133;
  92, 185, 251,  96, 242,  74,  87, 177,  97, 172, 126, 168,  23,  87, 194,  50,  54, 252, 221, 114,  88,  90, 224,  12, 255, 173,  37, 253,  38, 163, 134,  99;
 109,  96, 208,  66,  77, 125,  66, 200, 227, 178, 165,   8,  74, 217,  79, 190, 153, 192, 104, 122,  14, 103, 250,  16, 147, 217,  69,  63, 226, 243,  74,  38;
  62,  20,  96, 234,  79, 245, 218,  88, 141,  78, 157, 175, 107, 220,  55,  49, 222, 185, 215, 227, 172,  35, 122, 254, 211, 221, 136, 187, 119, 127,  86, 215;
 200, 113,  17, 103,   1,  78,  69,  61,  33, 104, 163,  88, 222,  23,   8,  49, 144,  20, 124, 106,  89, 128, 241,   5, 225, 248,  16,  18,  74,   2, 135,  59;
 131, 248, 149,  81, 233, 221, 180, 207, 223, 251,  48,  93, 156, 156,  68, 143, 135,  27,  74,  21, 231, 125, 186, 211,  13,  24,  85,  62,  82,  92, 131, 223;
 162,  94,  53, 153,  59, 221, 183, 246, 159, 110,  84, 239, 172, 212, 167, 165, 207, 123, 159,  71, 227,  13,  50, 255, 180,  82, 127, 186,  30,  28,  21, 255;
 208,  96, 189, 244,  42, 104,  85,  31, 176, 151, 135,  56, 247, 247,  73,  91,  39, 212, 125, 130, 104,  71, 235,   3, 211, 167, 116,  29,  32, 240, 166, 115;
  67, 130, 134, 136,  89, 150, 168,  97, 172,  73, 211, 215, 204, 234,  62, 192, 252, 173, 187, 165, 149, 147, 149, 196, 156,  54, 154, 204, 140,   6, 185, 148;
 158, 122,  34,  26,  91, 145, 176,  64, 191,   4, 196, 189,  44, 206, 102, 157, 174,  57, 203, 213, 102,  71, 138, 255,  18,  82,  91, 123,  83,   5,  47, 215;
  56, 233, 121, 122, 120, 205,  83, 252, 195,  29, 188,   8,  51, 213,  72,  48, 201, 218,  69,  64,  74,  47, 234,  55, 251, 205,  52, 121, 113, 154,  70, 235;
 113, 135,  76, 206, 188,  55,  79, 191, 197,   8, 189,  76, 115,  97, 190, 112,  89, 194,  92, 110, 255,  43, 111,  63, 178, 174, 165,  88,  56, 250, 248,  44;
  99,  13, 230,  68, 124,  19, 206, 116, 193, 224, 254,  10,  98, 233, 183,  54, 120, 230,  55, 232, 205, 115, 230, 232,  54,  60, 197, 152, 103, 254, 112,  44;
 162, 132, 102, 219,  68, 171, 168,  70,  92,  51, 115,  18,   8,   8,  52,  73, 105,  15,  51, 145, 162, 252,  65, 215,   6,  42, 218, 192, 213,  72, 112, 136;
  38,  98, 226, 138, 205,  17, 142, 204,  83, 135,  81, 135,  64, 200, 127,   8, 125, 201, 131, 215, 134, 118, 174, 243,  50,  14, 159,  45, 213, 127, 124, 196;
 138, 148,  50, 250, 113, 188, 120,  83, 189,  25, 117,  16, 174, 223,  44, 125, 165,  59, 151,  16, 178,  45,  50, 215, 203, 253,  18,  74, 210,   0, 227, 151;
  96, 228,  57,  67, 125, 237,  65,   6,  99,  37, 236,   8, 178,  21,  76,  52, 152, 158,  66,  24,  10, 186, 241,  53,  79, 156,  16, 114, 194,  74,  70, 234;
 105,  45,  20, 101, 161, 127, 101,  55,  97,  42,  46,   8, 155,  49,   3, 182,   9, 134, 204,  40,  89, 184, 113,  14, 231, 255,  69,  21, 226, 228, 202, 172;
 188, 133, 230, 254, 181,  22,  78, 184,  85,  10, 247,  18,  91, 107, 184,  97, 220, 228,  21, 234, 248, 211, 105, 172, 235, 251, 228, 196, 178, 235, 240,  35;
 111,  46, 224,   4, 229,  63, 222, 218,  91, 238, 188, 205,  10, 232, 215, 156, 159, 236, 198,  13, 156, 118, 204, 218,  62,  92,   5, 191, 207, 254,  90, 197;
  54,  12,  98, 220,  68, 177, 202, 210,  85,   2, 249,  10,  98, 201, 181,  88,  88, 232,  23, 226, 168, 166,  40, 254,  18,  46, 128, 136, 119, 251, 112, 128;
  76, 117, 151, 100, 161, 110,  71,  49, 169, 226, 175,   8, 222, 119,  65, 183,  18, 246, 236, 106,  73, 193, 251,   8, 163, 251,  69,  18, 202, 243,   6,  50;
  97,  22,  61, 119,  96, 175,  97,  51, 117, 110, 115,  92, 247,  51,   0, 121, 157, 174,  36,  40, 185, 248, 121,  29, 199, 255, 113,  64, 104, 224, 194,  33;
  97, 135,  76,  77,  92,  31,  76,  55,  69, 168, 238,  76,  51,  40, 150, 247, 200, 134, 106,  44, 204,  58, 245,  13,  54,  57, 192,  16,  91, 168,  88,  12;
 204,  60,  61, 247,  36, 172, 123, 176, 172, 200,  30,  33, 255,  31, 145,  98, 166, 117, 125,  79, 152, 220, 235,  53, 197, 249, 171, 192,   4, 163,   1, 115;
  32, 110, 246,  94, 239, 120, 181, 202, 251, 159, 124,  58,  42, 232, 197,  15, 171, 122, 226,   2,  98, 103, 162, 227,  22, 178,  86,  43, 199, 121, 119, 175;
 107, 179, 232,  78, 123,  29,  91,  56,  67, 236, 125, 237, 107, 237, 223,  52,  22, 252, 245, 110, 193,  50, 254,  27, 102, 125,  33, 185, 126, 166,  78, 125;
  86, 161, 136, 162, 153, 241,  90, 143, 175,  53, 137,  25, 143, 186,  74,  90, 225, 151, 253, 145,  30,  11, 139, 208, 155, 213, 159, 127, 144,  70, 175,   6;
 169, 217, 191,  85, 225, 221,  53, 247, 188,  94, 102, 189,  32,  54, 135,  63, 164, 114, 234,   0, 229, 221,  50, 105, 103,  51, 116,   3,  74, 116, 198, 255;
 230, 110, 169, 152, 217, 229, 158, 198,  27, 135, 200, 155,  32, 172, 119,  24, 205, 251, 147, 149,  46,  79, 194, 242, 127,  21, 158, 123, 213,  93, 182, 206;
  43, 181,  37,  49, 181, 249, 208,  11, 125, 113, 218, 221, 139,  60,  30, 172, 201, 159, 222,  21, 191, 248,  85, 151, 143, 127, 154,  83, 207,  76, 219,  86;
 243, 127,  65, 175, 122, 155,  74,  56,  59,  96,  73, 237, 239,  70, 129, 212,  86, 173, 221, 231, 237,  22, 205, 159, 180, 244, 171, 190,  60, 167,   2,  85;
 112,  45,  80, 229,   4, 139,  72,  35, 121, 160, 234,  24, 131,  41,  20,  17, 232, 166, 104,   8,  88, 187, 193,  78, 181, 186,  80,  17,  97,  72, 194,  10;
 137, 112,  17, 233,  96, 172,  96,   6, 104,   1,  98,  80, 190, 147,  64, 121, 162,  57, 114,   8,   3, 188, 210,  65,  69, 184,  50,  72,  72,   1,  67, 170;
 250, 177,  50, 172,  59, 207, 144, 105, 143, 236, 184,  43, 110, 252, 110,  16, 248, 191, 239,  33,  62,  43, 210, 223, 187, 117,  11, 255,  82,  14,  31, 215;
  66, 191, 147,  90, 179, 252,  35, 147, 191,  75, 107, 240, 174, 246, 196, 252, 183,  59, 172,  16,  51, 216, 186, 247, 137, 182,  26, 202, 130,  69, 135, 117;
  70, 233, 152, 155, 201,  12,  62, 140, 175,  17, 177,   0, 236, 238,  73,  90, 230, 219, 251, 210,  18,  75, 219, 241, 189, 144,  78, 106, 144,  51, 163, 128;
 188, 227,  88,  99, 114, 137, 122, 248,  55,  44, 125, 239,  75,  67, 202,  16,  62, 152, 135, 250, 202, 146,   8,  23, 118, 197,  33, 229, 111, 147,  78, 145;
 235, 185, 244,  92, 237, 125, 208,   3, 203, 251, 188,  60,  14, 184, 214, 190, 137, 166, 244,   9, 191, 107, 242, 211,  31,  89,  81, 191, 218, 108, 218,  95;
 216,  20,  23,  92,   9,  78,  77,  59, 161, 210, 167,  24, 254, 119,   0, 247,  36, 180, 121,  40, 105,  69, 179, 207, 179, 250,  80,  18,  42, 224,  38,  56;
  97, 117, 175, 103, 109,  31, 239, 125, 233, 234, 190,  76, 251, 152,  84, 179, 220, 236, 126, 111, 237, 251, 249, 172, 183, 219, 197,  48,  74, 186, 210, 253;
 173, 225,  97,  67, 245, 207, 239, 253,  91, 248, 117,   8, 216, 213, 220,  52,  25, 136,  18, 254, 227,  54, 124, 215,  45,  28, 133, 108,  91, 154, 210, 252;
 180, 255,  85, 105, 249,  15,  86, 250,  59,  48, 176, 205,  11,   9,   5, 149, 158, 217, 196,  98, 253, 250,  81, 157, 178, 216,   5,  54, 123, 184, 194, 151;
   6,  73, 130, 154, 212, 131, 174, 197,  22,   1,  83,  18, 104, 202,  57,  72, 126, 107,  19, 211,  50, 146,   8, 254,  56,   4, 142, 192, 148,  27, 177, 128;
 200,  88,  23, 254,   3, 200, 117,  37, 173,   6,  99,  16, 254, 183,  40,  95, 162,  51, 234,   2,  96, 157,  50, 111, 245, 182,  84,   3,  34,  18, 133,  42;
 168, 223, 236, 125, 250, 131,  93, 191,  23, 174, 244, 189, 115, 103, 130,  25,  95, 242,  39, 168, 120, 254,  75,  63, 108, 135, 117, 144, 247, 248, 198, 123;
 219, 140, 158, 190, 137, 252, 124, 167, 190,  87, 130, 145, 189, 238,  66,  91, 167, 103, 249, 149,  62,  77, 155, 243, 219, 243,  94,  89, 136,  68, 169,  90;
  33, 160,  17, 201, 124, 137, 233,  93,  78,  57, 209,  90, 149, 129, 248,  36, 202, 136,  22, 153, 131,  42,  98, 213,  12, 152, 186, 252,  28, 136, 209, 169;
 193, 120,  29, 101,  33,  78, 119,  50, 121, 234,  38,  76, 190,  19,   1,  51, 130,  84, 124, 106, 225, 252, 241, 111, 197, 185,  97,   2,  72,  48,  67,  59;
 237, 112, 220,  70, 237,  60,  84, 156, 235, 250,  39,  92,  91, 248,  95, 187, 153, 196, 252, 126, 141, 102, 223,   0,  22, 251,  69,  63, 202, 255,  74,   4;
 223, 241,   2, 164,  17,  14, 110, 184, 163, 224, 130, 205, 223, 199,  66,  19, 180, 197, 125, 238,  73, 195, 153,  76, 249, 249,  15, 188,   8, 166, 171,  82;
 191, 167, 244,  69, 183,  31,  92, 190,  83, 190, 180,  58,  75,  56, 215, 191,  29, 196, 220, 252, 252, 254, 237, 142, 250, 219, 101, 247, 227, 252, 218,  13;
 235, 132,  26, 250, 121, 244,  88, 202, 189,  83, 231,  25, 206, 243,  62, 125, 209, 128, 249,  24,  62, 103, 154, 215, 219, 255,  18,  95, 146,   5, 234,   6;
  38, 105, 162, 154, 212, 161, 174, 200,  86,   0,  89,   2,   0, 200, 121,   8,  88, 106,  19, 211, 146, 178,  74, 179,  48,   4, 139, 172, 213, 123, 240, 128;
   3, 170,  50, 113, 112, 172, 104,  19,  63,  25,  82,  84, 189, 155, 148,  96, 166,  59,  55, 157, 147, 216,   2, 101,  12, 252,  58, 192, 140, 128,   1, 137;
 126, 255,  82,  98, 227, 145,  94, 244,  35,  70,  44, 173,  47, 199, 202, 148,  55, 251, 213, 198,  78,  18, 170, 243, 242, 221,   5, 235,  38, 215, 174,  95;
  60,  60, 180, 190, 189,  47,  84, 158, 223, 186, 184,   8, 175,  57,  21,  11, 201, 230,  95,  99, 168, 103,  89, 168, 179, 219, 221,  58, 210, 121,  80,  11;
  96,  58, 152, 188,  44, 169,  80,  59,  30,  57, 240, 105, 166, 187,   1, 217, 201, 175, 108,   0,  12, 107, 195,  61, 146, 247, 112,  59, 216,   8,  74,  11;
 120, 220, 180, 125, 165,  63, 212, 183, 121, 123, 126,  56, 255,  57,  20,  51, 141, 214, 245,   3, 248, 254, 241, 163, 231, 251, 117,  22, 114, 124, 210,  75;
 201, 221, 149,  76, 185,  94,  70, 191, 233,  90, 174,  88, 250, 115, 140, 247, 128, 214, 124, 106, 121,  77, 241, 239, 163, 250,  68,  18,  10, 244, 202,  44;
  59, 180,  67, 184,  83, 240,  80, 107,  49,  69,  77, 151,  15, 190,  42, 148, 249, 139, 130, 129,  31, 154, 178, 151, 147, 245, 144,  75, 187,   4, 174, 214;
  65, 189, 186,  33,  48, 236, 113,  23, 238,  77, 110,  13, 183, 159,  66, 112, 162,  63, 127,  17,  22, 184, 178, 119, 237, 189,  58,  65, 200,  64, 135,  91;
 120, 157, 180, 253, 173,  95, 212, 183, 235,  59, 190,  56, 239,  61,   4, 122, 135, 119, 253,   1, 248, 232, 243, 227, 227, 255, 118, 147, 194, 120, 199,  27;
 102,  61, 156, 168, 173,  45,  86, 174, 143, 184, 184, 104, 206, 120,  65,  90, 201, 231, 125,  83,  88, 107, 219, 168, 191, 223, 101, 250, 144, 123, 208,  11;
 190,  97,  98, 168,  31, 211, 218, 104, 133, 100, 153, 171,  79, 204,  62,   0, 250, 185, 223, 231,  76,  39,  52, 222, 243,  81,  11,  63, 119,  46,  55,  86;
  22, 107, 171,  53, 132, 110,  79, 136,  50, 230,  74,   1,  87, 237,  83,  26, 176, 237, 117,  79,  12, 208, 169,  32, 195, 239, 237,  20, 160, 115,  86,  98;
 225,   6, 104,  93, 124, 175,  65,  39,  92, 101, 167,  25, 179,   8, 150,  89, 200, 166,  74,  12, 188, 190, 101,  31,  70,  63, 176,  81,  80, 137, 210,  76;
 121, 253, 106, 224,  53, 223,  91, 178,  51, 232, 190,  13,  59, 221,  83,  48, 188, 236,  93, 220, 168, 186, 185, 175, 251, 221, 165, 232, 102, 167,  82, 123;
 236, 112, 188, 115, 120,  79, 113, 152, 123, 187, 245,  24, 223, 223,  73,  59, 149, 220, 125,  24, 186, 118, 249,   2, 207, 249,  53, 124, 194, 161,  66,  35;
 129, 200,  26,  83, 181, 189, 112,   6, 253,   9, 103,  16, 166,  17, 134, 188, 128,  34,  78,  26,  55, 172,  97,  39, 134, 255,  16,  83, 202, 137, 202,  12;
 202, 181,  61,  28, 139, 208,  53,  47, 190,  85, 196, 176, 188, 182, 138, 119,  39, 147, 249, 128, 119,  75, 247,  87, 241,  35, 122, 223,   0,   4, 167, 127;
   6,  12, 228, 219, 196, 171, 172, 134, 126,  19, 123,  18, 200, 106,  60,  73, 123,  11,  51, 147, 178, 244,  75, 243,   4,  46, 218, 192, 149,  91, 241, 128;
   6,  73,   2, 154, 220, 129, 174, 196, 150,   1,  88,   2,  40, 234,  49,  72, 120, 107,  19, 211,  82, 154,  10, 241,  40,   0, 142, 200, 148,  91, 177, 136;
  75, 233,   3,  36,  57,  70,  78, 188,  32, 232, 130,  72, 159, 215,  64, 178, 144, 196, 125, 238,  73, 207, 211,  76, 185, 249, 175, 252,   8,  50, 106,  26;
 253, 115, 116,  70, 237,  95,  87, 248,  97, 238, 181,  44,  74, 113, 223, 183, 152, 196, 196, 106, 237, 102, 249,  46, 243, 219, 101,  63,  74, 191,  94, 117;
 184, 252, 121, 106, 120, 205,  83, 252,  18,  61, 164,  40,  55, 151,  72,  48,  25, 154,  69,  90, 106,  47, 106,  55, 251, 205,  53, 125, 113, 152, 198, 235;
 227, 157,  21,  94, 141, 157,  68,  49, 205, 122, 163,  92, 242,  48, 164, 247, 192,  38, 126,  10, 249,  47, 123, 253,  51, 250, 208,  26,  90,  10, 216,  45;
   7, 172, 236,  17, 173,  59, 236, 202, 223, 242, 188, 149, 203, 232, 215, 175, 203,  65, 254,  61, 175, 101, 223, 242, 142,  95, 207, 127, 221, 125,  91, 132;
 164, 241, 184, 218, 205, 253, 148, 205, 222,  63, 161,  24, 132, 208, 104,  44, 217,  26,  66,  18,  66,  39, 122, 179,  83, 212,  23, 127, 144,  88, 149, 166;
 174, 130, 118, 250, 101, 189, 120, 208, 255,  29, 117,  16, 142, 219,  44, 125, 199,  25,  23,  24,  50,  36,  34, 241,  71, 217,  18,  75, 210, 137,  71, 135;
 116,  39, 249, 228, 248, 104,  89,  30, 162, 157, 172,  56,  55, 247,  73,  26,   7, 222, 109,  24,  26,  67, 226,   2, 219, 165,  53,  57, 160, 243,   6, 107;
 185, 205,  71, 173, 118,   3, 110, 248,  53,  64, 120, 199,  91,  63, 176, 177, 126, 237,  23, 238, 237, 218, 101, 175, 246, 239, 161, 132,  47, 165, 114, 217;
 217, 205,  81, 229, 182,  10, 110, 183,  49, 160, 210, 210,  31,   3, 145, 117, 118, 212,  29, 248, 232, 220, 213, 142, 250, 233, 167, 196,  47, 176, 160,  40;
 237,  16, 210,  92,  65, 188, 112,  18, 121,  75, 103,  92,  74, 210, 140, 253, 180, 188, 180,   8, 189, 246, 179, 195,  23, 251,  80,  74, 202, 197, 106,  21;
 186,  42, 224,  55, 101,  89, 216,  66,  83, 246, 116, 187, 107, 237, 215,  29,  59, 236, 229,  21, 172, 254, 230, 138,  94,  91, 209, 179, 231, 236,  94, 222;
   9, 240, 145, 235,  61, 223, 194, 220,  95,  43, 177,  80, 158,  17,   8, 172, 153,  24, 222,  24, 171, 172,  89, 183, 169, 220,  48, 114, 218,  27, 193, 173;
 230, 157, 164, 158, 223, 117, 150, 238, 155,  87, 152, 159, 108, 252, 111,  11, 205, 211, 243, 131, 118,  75, 250, 243,  57,  22, 223, 255, 149, 127, 183, 223;
 107, 188, 166, 188, 169, 181, 156, 207, 171, 223, 136,  29, 172, 250, 118,  90, 201,  35, 255,  21, 158,  75, 210, 211, 216,  86, 223, 251, 152,  68, 187, 207;
 154, 190, 190,  24, 235, 115, 145, 207, 191, 255, 164, 189,  14, 141, 102, 158, 167,  25, 235,  49, 182,  79, 178, 211, 219,  87,  93, 255, 211, 100,  47, 215;
   3, 186, 159, 187,  58, 169, 185,  17, 190,  95,  83, 245, 188, 198, 170,  73, 167,  59, 110,  21, 147,  76,  42, 117, 140,  54,  58, 200, 156, 129,   3, 217;
 244, 225, 153, 234,  28,  13,  90, 220, 163,  56, 177,  72, 247, 203,  89,  18, 252, 201,  95, 242,  74,  35, 218, 113, 251, 217, 167, 124, 113, 147,  98,   8;
  41,  17, 149, 125, 224, 207, 101,  55, 115, 105, 107,  68, 247, 115,   8, 120, 148,  46,  34,  12, 145, 184, 113,  25,  69, 254, 112,  64, 200, 162, 194, 177;
   9, 122, 150, 119,  33, 190,  36,  22, 124, 138, 102,  68, 190, 179, 129, 237, 164, 110, 236,   8,  65, 216,   1,  40, 132, 251, 118,   2,  10,  85,   9, 137;
 131, 145,  39, 149,  53,  86, 169,  55, 124,  91,  82,  86, 252,  60, 188, 237, 112,  14,  58, 141, 177, 220,  53, 207,  12,  58, 250, 196,  14,   4,  49, 253;
 165, 121, 109,  75, 205, 125,  87, 216, 199, 116, 172,   8,  18, 221,  95,  62, 200, 138, 122,  94, 207,  34, 251, 177,  87, 217, 129,  54,  83, 219,  86, 118;
  98, 167, 251,  92, 250, 193, 125, 239, 187,  23, 124, 187, 105, 239, 230,  16, 255, 155, 231, 160,  98,  75, 170,  83, 127, 167, 191, 175,  85, 192, 167, 235;
 135, 180, 255,  82, 195, 255, 189, 231, 253, 215, 119,  18,  72, 252, 254, 191, 191,  75, 242, 188, 183, 253,  62, 230,  31,  27,  87,  71, 195,  68, 235, 244;
  62,  88,  96, 238,  63, 119, 218, 216,   5,  72, 189, 175, 107, 125, 183,  40, 254, 241, 149, 227, 140,  35,  88, 188, 211, 223, 233, 187, 127, 255,  86, 211;
  82, 198,  10, 190,  42,  32,  31, 174, 164,   6, 203, 165, 229, 102, 170,  80, 118, 195, 173, 167,  76, 129,   7, 101, 208, 167, 250, 137,  52, 210, 165,  73;
  89, 121,  58, 126,  49, 212,  91,  84, 118, 204, 124,  13, 191, 223,  19,  48, 176, 123, 157, 206, 207, 154, 176, 173, 243, 253, 162, 137,  42, 151, 111, 123;
  32, 224, 177,  65,  93, 239,  67,   7, 123,  97, 109,  24, 210,  85,  76, 180, 153,  24,  66,  24,  27, 176, 112,  18,   7, 156,   0, 118, 194,  74, 198, 226;
  76, 177,  17,  97, 129,  78,  71,  49,  97, 104, 111,  72, 222,  23,   8, 181, 144,  28,  88, 106,  89, 144, 209,   5, 231, 249,   0,  70,  74,   2, 134,  50;
  88, 172, 174, 186, 137, 236,  89, 143, 183,  31, 132,  25, 191, 247,  82,  91, 225, 167, 125, 156,  62,  79, 138,  51, 219, 243, 254, 121, 160,  64, 166,  74;
 137, 140, 238, 219, 244, 188, 251, 150, 254,  91,  87, 150, 249, 239, 186, 236, 103, 106,  55, 157, 179, 252, 174, 247,  78, 127, 190, 192, 166, 197, 177, 249;
  55, 126,  82,  86, 119, 146, 190, 224, 121, 194, 252, 234, 104, 252, 183, 180, 127, 255, 150, 226, 229, 179, 140, 239,  58,  30, 135, 171, 111, 246, 122, 141;
  97, 205,  13, 239, 188, 143,  79, 190,  87,  40, 254,  76, 243,  33, 176, 112, 217, 194, 126, 110, 255, 169, 121,  63, 239, 190, 165,  84, 152, 219, 208,  40;
 136, 222, 125, 245, 162, 142, 125,  55,  60, 250,  86, 244, 189,  55, 128, 115,   7,  55, 149, 172, 225, 220,  97, 159, 228, 235, 124, 128,  38, 240, 135, 249;
  87, 113, 131, 165, 130, 102,  46,  13,  46, 225, 139, 199, 221, 230,  73, 218, 182, 197, 121, 213,  21,  65, 157,  64, 188, 229, 143,   4, 136, 118, 171,  80;
 163, 253,  93,  20, 202, 207, 164, 231, 185, 242, 160,  76, 150,  22,   5,  49, 142, 229,  74, 108,  97, 127,  80, 124, 181, 154,  85,  50,  72,  48,   3, 156;
 101, 249, 168,  66, 205,  29, 212, 216, 107, 248, 173,  12, 210, 248,  95,  58, 153,  76, 114,  95, 132, 114, 250,  16, 127,  25,  69,  60, 201, 123,  90, 198;
   0,  12,  42, 172,  20, 163, 168,  99,  84,   2,  90,   2,  49, 168,  48,  64,  88,  42,  19, 129, 160, 186,   0, 143,  64,  39, 186, 128,  21,  72,  48, 136;
 109, 188, 172,  62, 173, 172,  86, 163, 154, 130, 236,  13, 247, 249,  18,  83, 201, 102, 121,  15, 252, 110, 218,  63, 239, 255, 213,  56,  88, 124, 218,  90;
 244, 173, 154, 242, 208, 233,  83, 199,  51, 181,  41,  25,  23, 151, 106,  80, 209, 191,   5, 144,  58,  91, 152,  50, 251, 197, 133, 109, 160,   0, 166,   2;
 172, 255, 123,  65, 242, 203, 119, 245, 121, 172, 116, 186,  24,  23, 192,  53,  54, 220,  87, 120, 240, 254, 160,  78, 127, 141,  37, 229, 103, 176, 198, 227;
  41, 125, 242,  93, 245, 191, 230, 215, 119, 228, 126,  76,  42,  57, 151, 148,  58, 238,  82,  92, 166, 184, 116,  46,  46, 126,   5,   2, 239, 252, 218, 204;
 195, 103,   9, 140,  48,  46,  15,  62,  40, 104, 216, 204, 150,   6, 149, 117,  22,  45,  92, 111, 225, 148, 228,  94, 164,  56, 170, 176,  12, 177,  19, 117;
 254, 180, 197,  90, 219, 112,  89, 207, 179, 125, 165, 185,  72,  23,  78, 223, 197, 147, 253, 180,  58,  67, 249, 245, 155,  82, 148, 255, 147,  68, 166, 126;
 254, 252, 113,  72, 203,  69,  87, 252,  51, 162, 228,  10,  24, 247,  77,  52, 127, 221, 211, 250, 107,  86, 248, 219, 127, 140,   5,  46, 115, 240, 102, 179;
 199, 189,  51,  90, 179, 252,  63, 167, 255,  91, 106, 240, 174, 246, 164, 253, 183, 123, 164,  16, 179, 216, 190, 255, 169, 246,  30,  74, 146,  69, 135, 117;
  62, 104, 226,   0,  83, 219, 178, 194, 239, 165, 110, 171,   8, 136, 247, 156,  51, 109, 194,  85,  20, 241, 132, 208,  30,  68,   5, 103, 231,  47,  95, 198;
 109,  53, 157,  69, 153, 126,  70,  59, 105, 226, 174,  72, 254, 119,   1, 182, 148, 214, 236, 104,  57,  64, 243,  10, 167, 255,  69,  18, 202, 240, 202,  48;
 254, 117, 100, 176, 207, 125, 150, 200, 155, 246, 176, 187,  78, 252, 111,  27, 253, 209, 211, 243,  58, 103, 250, 210, 187,  83, 207, 127, 247, 125, 182, 214;
  60, 106,  98, 224,  84,  19, 202, 216,  69, 164, 244, 143,   3, 137, 247,   4, 120, 232,   7, 255, 200,  51,   4, 156, 114, 201, 129,  60, 127, 187, 122, 128;
 233,  56, 188, 101,  49,  95,  80,  51,  97, 239,  54,  28, 139,  49, 134,  54, 129,  52, 204,   8, 189, 188, 241,  14, 207, 255,  48,  19, 226, 164,  78, 127;
 194, 109,  27,  20, 208, 205,  45, 103, 184, 224, 162,   8, 190, 150,   0, 113, 162, 191,  91,  65,  97, 203, 176, 108, 249,  48,  30,  56,   0,  16, 135, 122;
  57,  87, 121, 109, 118,  87, 223,  56,  69, 232, 127, 230,  83, 125, 151,  48,  94, 252,  23, 238, 201, 178, 109,  30, 103, 205, 161, 132, 119, 187, 118, 241;
 250, 236,  62,  56,  27, 209, 156, 238, 187,  20, 164, 153,  46, 206, 110, 151, 175, 147, 205, 195, 110,  79, 130, 247, 179, 209,  92,  59, 114,  20, 175, 222;
 167, 173, 104,   1, 220, 159, 234, 248, 219, 248, 180,  78, 128,  72, 215, 164, 217, 234,  82, 255, 183, 122, 220, 254,  46,  28, 143, 124, 205, 143,  90, 132;
 105, 181,  29, 103, 176,  31, 127, 189, 123, 168, 255,  72, 255, 115,   8, 176, 149, 214, 124,  42, 185, 248, 249,  63, 239, 255,  37,  48,  74, 226, 202,  59;
  88, 180, 188, 112, 185, 172,  85, 151, 250, 191, 166,  24, 159, 179,  74,  27, 129, 222, 108,  24,  58, 109, 243,  32, 219, 255, 116, 123, 192,  80, 199, 107;
   2, 133,   2, 137,  20, 162, 168, 103,   4,   1,  90,   2,  40,  10,  48,  64, 104,  42,  19, 129,  18, 184,   0, 221,  32,  36, 138, 192,  21,   8, 176, 136;
 218, 157,  23, 222,  51, 240,  52, 103, 173,  67, 206,  48, 172, 183,  32, 229, 166,  51, 251, 128, 113, 137,  50, 239, 179, 242,  90,   3,   2,   4, 165, 191;
 206, 116,  70, 148, 233,  22, 124, 117, 185, 234, 182, 221, 108, 227, 151, 223, 238, 229, 255, 238,  96,  71, 144, 238, 182, 114, 207, 170,  15, 181, 171, 151;
 124, 121,  43, 100,  56, 223,  19,  80, 160, 236, 188, 173,  31, 221, 194,  48, 158, 245, 213,  98, 201,   3, 240,   8, 219, 193,  33, 251,  98, 167,   6, 115;
 118,   7, 254,   2, 210, 178, 183, 224, 249, 238, 107, 171,  68, 110, 175,  80, 183, 229, 197, 247, 180, 147,  44,  78, 122,  38,  39, 199, 225, 247, 175, 197;
   7,  46, 131, 145, 212, 167, 170, 218,  86, 234,  82, 215, 209, 232, 243,   8, 253, 108,  19, 157, 181, 246, 157, 106,  12,  14, 191, 196, 141, 105, 113, 212;
 234, 240, 236,  86,  79,  89, 209, 248, 131, 244, 181, 155, 121, 221,  94,  59,  72, 212, 243, 227, 238, 103, 255, 145,  87,  73, 209, 127, 103,  29, 118, 242;
 116, 239, 152, 164, 188, 141,  86, 182,  59, 168, 184, 104, 183, 187,  65,  80, 222, 247, 125,  80,  88,  43, 192, 170, 250, 221,  37, 186, 192, 250,  82,  11;
 180, 179, 153, 250, 141,  77, 148, 201, 222,  59, 161, 120, 134, 216, 105,  11, 137,  26,  74,  18, 114,  99,  90,  17, 153, 144,  85, 127, 208, 120, 133, 131;
 194, 181,  61,  25, 185, 113,  25,  47,  63, 125, 140, 184, 156,  54, 194, 117, 197, 147, 253, 128,  59,  10, 231,  87, 205,  51,  90, 255, 146,   4, 167, 127;
  97, 212,  20,  90,  61, 189,  82, 188, 205, 121, 187,  92, 238,  56, 142, 255, 197,  70, 126,  94, 181,  43,  91, 181, 154, 254,  80,  90, 218,  15,  72,  13;
  56, 254, 125, 112,  56, 205,  87, 254, 163,  62, 164,  40,  55, 215,  64,  17,  11, 218,  69, 106, 106,  47, 104,  61, 251, 201,  53,  61, 115, 152,  70, 171;
 164,  64, 126, 123, 229, 237, 120, 192, 239,  17,  97,  17, 143, 203, 125,  27, 232, 152,  66,  82,   2, 164,  26, 113,  71, 216,  82,  75, 209, 153,  70, 130;
  67, 188, 184, 184, 191, 189, 148, 207, 203,  85, 140,  47, 172, 248, 118,  66, 227,  43, 251,  21, 150,  11, 210, 241, 184,  85,  31, 251, 156,  68, 187, 223;
 151, 250, 172, 177,  13,  31, 208, 143,  95, 183, 144,  31, 195, 168,  83,  10, 201, 197, 111,  21, 174, 109, 223, 146, 216,  87, 223,  55, 212, 108,  88,  78;
 229, 132,  58,  55, 228, 172, 241, 167, 248,  31, 102,  17, 247, 248,  62,  89, 145,  42,  32,  13, 182, 180, 226,  39, 229, 255, 114,  73, 192,  73, 211, 194;
  10, 158, 255,  93,  54, 242, 249,  55, 252,  79,  94, 178, 184,  55, 150, 101,  39,  54, 191, 136, 177, 252,  37, 207,  70,  47, 242, 129,  38, 192, 245, 105;
 160, 160, 172, 213,  76,  73, 181, 107, 218, 183, 145,  26, 162,   9,  92,  11, 201,  26,  67,   1,  98, 110, 202, 131,  77,  18, 223,  63,  85,   8, 215, 170;
 236,  66, 108,  90, 108,  89, 109, 136, 229,  86, 167, 157, 107,  76, 159, 127,  10, 132, 238, 110, 236, 103, 239, 113,  86, 121,  65,  61, 119, 189,  94, 116;
 120, 121, 123, 108,  58, 217,  91, 112, 160, 204, 180, 169,  55, 221, 131,  48,  30, 184, 213, 110, 200, 131, 240,  12, 211, 201,  32, 185,  38, 162,   6, 123;
  66, 159, 182, 244, 186, 140, 188, 167, 175,  11, 186, 233, 174, 190,   4,  82, 167, 119, 253,   1, 208, 169, 130, 227, 187, 246,  94, 211, 200, 112, 135,  27;
  50,  78,  98, 158,  84, 147, 202,  64, 149,   4, 217, 167,  40, 200, 183,   0, 124, 169, 135, 199, 174, 167,  12, 255,  50,   6, 138, 137, 117, 159, 124, 220;
   9, 253, 122, 110, 116, 220,  83, 246,  97,  72, 124,  40,  63, 221, 179,  48, 214, 251, 149,  74, 203, 186, 184, 189, 243, 237,  32, 137, 114, 131, 118, 251;
 168, 246, 115,  65,  82, 203, 191, 117, 121, 166, 118, 242,  72, 133, 132,  52,  62, 188, 131, 232, 224, 190,  36, 206, 119,  14,  37, 194, 103, 178, 231, 169;
  77, 185,  17,  65,  97,  94, 118, 176, 105,  40, 110,   8, 158,  19,   0, 180, 128,  28,  72, 106,  81, 184, 241,  68, 167, 253,  64,  70,  74,  35, 202,  50;
 190,  84, 106, 239,  38,  19, 222, 252,  21,  42, 245, 255, 123,  93, 189,  32, 126, 217, 149, 239, 232, 183,  13, 191, 242, 207, 165, 180, 127, 191, 122, 155;
  37,  56, 185,  81,  85, 221, 226,   0, 123, 224,  96,   8, 146, 208,  69, 184, 152,  56,  66,  24,  17, 176, 240,  18,   7, 157,   1, 114, 200,  41,  66, 166;
   0,  73,  24, 123, 197, 216, 101, 135, 117,  23, 102,  16, 135,  35,   2,  31,  33, 138,  66,   8, 116, 184, 112,  32, 231, 251,  84,   3, 226, 216, 207, 206;
 236, 112, 188, 113, 120,  15, 113,  24, 123, 186,  55,  24, 223,  95,  73,  59, 148,  92, 125, 122, 234, 244, 251,   0, 207, 251, 117, 116, 194, 161,  66, 163;
 117, 205,  61, 237, 220, 143,  71, 186, 204,  98, 238,   8, 119, 113,  33, 115, 208, 102, 106, 110, 233, 176, 121,  63, 245, 171, 101,  16,  16, 123, 208,  98;
  93, 105, 139, 164, 153,  68,  78,  73,  34, 192, 202,   1, 215, 247, 113, 208, 240, 237,  57, 221,  29, 131, 144,  10, 249, 229, 143,  56, 168, 115, 186,  82;
 193, 204,  19, 245,  36, 142, 108,  55, 189, 170, 178,  80, 191,   3, 145, 241, 231, 247, 125, 138, 105, 220, 192, 110, 164, 186, 246, 128,   8, 208, 137,  40;
 170, 167, 233, 252, 248,  99, 249, 107,  58,  23, 124, 179,  41, 239, 100,  16, 127, 155, 167, 164,  50,  90, 226, 215,  95, 199, 187, 237,  21, 192, 230, 232;
   8,  76,  55,  84,  67, 253, 181,  98, 188, 198, 102,   8, 188, 183,  33, 191,  35, 115, 210,  74,  97, 221,  50, 110,  85, 103,  90,   1,  66, 117,  39, 232;
  67, 188,  51, 208, 213, 253, 176,   7, 255,  89,  74,  88, 174, 188, 116, 172, 129,  59, 250,  17, 183,  56,  50, 247, 143,  86,  26,  99, 200,  76, 155, 126;
 225, 177, 152, 101, 177,  30,  81,  57, 123, 232, 167,  12,  82,  50,  15,  50, 148, 196, 124, 108, 189, 112, 249,   9, 111, 255,  69,  20, 200, 162,  66,  71;
   7, 211,  81,  75, 114,  31, 170, 121, 109, 104, 121, 236,  89,   0, 156, 180,  54,   9,  22, 238, 215, 176,  29,  93,  44,  12,  33, 228, 125, 130, 139, 149;
  35, 173, 105, 204,  85, 209, 135, 103,  69, 192,  92,   2,  32, 188,  52,  36,  72, 250, 146, 201, 199, 170,  52, 253,  59,  28, 132,  43,  85,  44, 124, 236;
  80, 186, 156, 186, 173, 172,  80, 159, 175,  31, 161, 121, 166, 243,  72,  90, 193, 214, 109,  16,  26,  75, 202, 113, 217, 247, 247, 251, 128,  64, 182,  11;
 185,  77, 103, 189, 118,  83, 110, 252, 117,  66, 114, 198, 123,  47, 177, 177, 126, 236,  55, 238, 237, 182, 101, 175, 102, 239, 224, 128, 127, 189, 242, 249;
 165, 209, 153,  71, 116, 143, 227,  17, 110, 105, 107,  84, 210,  49,  24,  48,  28,  12, 114,  92, 147, 184, 241,  51, 111, 188,  32,  64, 200, 131, 194, 176;
 175, 244, 243,  78, 219,  87, 189, 253, 123, 250, 253,  74,  88, 254, 237, 181, 253, 221, 214, 106, 225, 119, 248, 222,  63,  26,  71, 174,  83, 114,  99, 173;
  29, 112, 247, 115, 163, 238, 113, 152, 119,  83, 103,  48,  91, 213,  93, 125,  51,  24, 181,  90, 139, 212,  63,  49, 195, 235,  80,   6, 174, 213,  84, 114;
  64, 153,  59, 254, 178, 200, 177, 103, 172,  69,  90,  33, 191, 158,  34,  96, 166,  59, 127,  17,  22, 153, 162, 109, 233, 165,  58, 193,   0,   2, 167, 123;
  82,  95, 183, 252, 160,  78,  93, 119, 189, 202,  90,  77, 254, 191,  33, 121, 166, 119,  61,   4, 225, 217,  18, 233, 227, 246, 124, 130,   2, 240, 133, 123;
 239, 180, 180, 219, 173, 116, 156, 137, 155, 251, 149, 145, 204, 127,  94, 107, 135,  87, 253, 151, 182,  69, 251, 243, 139,  91, 223, 255, 150, 247, 145,  87;
 117, 114, 111,  68, 106,  82, 171, 248, 228, 236, 183, 238,  81, 198, 255, 115, 126, 213, 126, 239, 201,   7, 172,  76,  80,  40, 235, 188,  45, 187,  37, 245;
   2, 133,  34, 136, 148, 128, 168,  99,  12,   1,  90,   2,  40,  10,  48,  64, 104,  35,  19, 145, 146, 152,   0, 221,  32,  32, 138, 192,  21,   8, 177,   8;
 252,  39, 249, 112, 248, 236,  81, 215, 178, 189, 172,  24,  23, 183,  65,  26,  39, 158,  69,  24,  58,  91, 226,   2, 251, 133,  53, 124, 224, 192, 198, 235;
  90, 252,  50, 248,  25, 213,  26, 234, 175, 174, 170,   9, 174, 222,  68,  83, 229, 247, 255, 195,  74,  79, 250, 247, 179, 245, 143, 123,   0,   5,  39,  94;
  13,  46, 135, 177, 180, 167, 234, 146,  86, 235,  90,  71, 209,  32, 241, 200,  93, 108,  51, 189, 145, 252,  85,  46, 140,  14, 191, 196, 140, 239, 112, 176;
  36,  86,  87, 109, 108,  43,  66,  88, 101, 202, 249, 100,  99,  81, 161,  24, 220,  32,  70,  34, 137, 167,  65,  28,   2, 254,  97,  18,  90, 251,  66, 145;
 121, 120,   3,  36,  49,  78,  66,  52,  33, 224, 234,  72, 183,  23,   1, 176, 208, 172,  92, 238,  77, 147, 241,  12, 177, 221, 171,  48,   0,  50,  66, 106;
  37, 123, 233,  79, 246,   3, 239, 216,  86, 196, 124, 230, 113, 231, 159,  52, 126, 106,  22, 254, 195, 178, 108, 123, 108,  44, 165, 168, 255, 251, 114, 253;
  58, 167, 104,  40, 223, 211, 214, 239,  83, 101, 252, 143,  35,  12,  94,  16, 123, 138, 131, 117, 222,  58, 108, 191, 123,  77,   5, 125, 117, 142, 222, 206;
 199, 126, 199, 149, 234, 114, 172, 246, 185, 250, 210, 245, 204, 190, 199, 255, 231,  77, 127, 230, 229, 213, 135, 224, 182, 122, 255, 130, 140, 245,  59, 221;
 213,  41,   1,  37,  57,  95,  75,  24,  35, 232, 163,  72, 155,  22,  81, 183, 176, 132,  92, 110,  13,  81, 241,  28, 145, 216,   1,  52,  66,  35,  67, 100;
  94,  61, 174, 166,  31,  75, 210, 104, 133, 228, 139, 171, 239, 253,  10,   3, 250, 245, 249, 227, 120, 195, 219, 174, 251, 231, 205,  59, 103, 111,  52,  82;
 141, 243,  20, 227, 173,  31,  86, 221,  79,  57,  61, 124, 223,  89, 202, 172, 150,  74, 220, 126, 223, 176,  73, 176, 162, 217,  37, 246,  90, 219, 203, 133;
 200, 252, 188, 114, 217, 237, 117, 151, 250,  63, 174,  29, 190, 187,  66,  27, 129, 215, 237,  16,  50, 105, 243, 113, 127, 235, 116, 123, 194,  80, 199, 107;
 213, 156, 151, 191, 155,  86,  38, 168, 254, 211, 203,  66, 244, 114,  41, 227, 243, 119,  40, 106,  97, 197,  27, 111, 185, 167,  79,   6, 168, 115,  41,  32;
 229, 109,  57, 104, 141, 237,  71, 200, 217,  98, 168,  24, 147, 221,  93,  49, 217, 148,  88, 106, 105,  39, 248,  18, 227, 220,   1,  60,  80, 121,  86, 114;
 175,  60, 190,  90, 205, 244, 181, 194, 255, 215, 228,  16, 120, 252,  55,  63, 233, 115, 242, 145, 183, 111, 190, 227,  79,  59,  86,  75, 195, 117, 239, 198;
 165, 241, 168,  35, 140,  13, 215, 216,  74, 252, 172,  13, 151,  73,  91,  10, 153,  76,  89,  95, 142,  96, 251,  48, 237, 137,  37, 124, 200, 123, 211, 194;
 176, 236,  30, 186,  80, 207,  87, 236, 178,  54, 160,  25,  55, 211,  42,  17, 185, 153,  73, 242, 106,  79,   8,  63, 249, 195,  31, 125,  48,   0, 166, 138;
 129, 201, 103,  89, 165, 249, 228, 134, 238,  16, 250,  64, 171, 136, 149, 237, 203, 106, 110,  89,  67, 248, 103, 241, 164, 248, 118,  16,  87,  88, 209, 172;
  41, 125, 118,  68, 243, 219, 231, 103, 233, 200, 126,  40, 122, 120, 183, 180,  46, 254,  86, 121, 229, 187,   4, 238,  60,  62,   5,   2, 111, 244, 234, 141;
  31,  89,  86,  95,  19, 210,  50, 228, 189, 129, 230,  34, 110, 114,  47, 244,  54, 243, 232, 208,  37, 193,  19, 237, 179, 247,  22,   3, 170, 183,  41,  30;
 135, 156, 175,  19, 205, 253, 181, 195, 254, 211, 151,  19, 252, 252, 126,  43, 169,  99, 123,  29, 182, 237,  50, 226,  79,  27,  94,  67, 197,  77, 247, 214;
  41, 249, 122, 109, 116, 197, 123, 240, 101,  72, 124,  32,  53, 221, 179, 112, 254,  56,  23,  74, 195, 186,  48,  61, 103, 205,  32, 128, 118, 147, 102, 251;
 168, 140,   4, 187, 137, 239,  65, 174, 150,  55, 166,  17, 239,  35,   3,  79,  65,  34, 234,  28,  42, 236,  91,  63, 205, 211,  86,  81, 146,  76,  12, 106;
  13,  53, 129, 131, 181, 191,  74, 182,  86, 233,  74,  68, 243, 113, 145, 228,  85, 110,  56,  29, 153, 184, 125, 142, 173, 222, 149,  64, 138, 238,  80,  60;
 201, 220,  19, 246, 197, 188, 108,  55, 184,  10,  78,  80, 188, 179,  32, 247, 161,  39, 120,   8,  97,  13, 146, 239, 177, 255,  94,  10,  10,  80, 169,  41;
 167, 245, 183,  94, 237,  55, 190, 121, 223, 250, 253,  88,  72, 254, 252, 167, 253, 251,  86,  43, 229, 103, 186, 222,  63,  30,  71, 190,  83, 126, 227, 165;
  67, 188,  51, 152, 213, 253, 176,  71, 255,  81,  72,  24, 172, 188, 100, 168, 161,  59, 146,  17,  55,  56,  50, 247,  31,  87,  26, 107, 216,  76, 173, 158;
  82, 185, 168, 168,  62, 205, 155, 238,  14,  69, 136, 143, 181, 190, 114,  64, 230,  43,  91,  85,  22,  11, 242, 117, 249,  69, 142, 251, 156,   6, 183, 219;
  97, 239,  24, 166,  60, 137,  87, 164, 168, 168, 184, 104, 183, 243, 193,  80, 150, 111,  76, 122,  72,  43, 200,  46, 248, 157,  39,  56,   0, 187,   3,   9;
 178,  74,  98, 158,  70, 129, 222, 196, 151,   6, 208, 167,  40, 204,  55,   8,  92, 249, 135, 199, 238, 175,  14, 251,  50,   6, 154, 139, 117, 157, 116, 207;
 200, 184, 189, 115, 233, 237, 117, 183, 187, 127,  36,  29, 190, 191,  64, 155, 133,  87, 235,  16,  50, 111, 250,  51, 207, 251,  84, 122, 202,  80, 198, 251;
 185,  76,  79, 127, 198,  82, 110, 127,  20, 194, 118, 146, 121,  63, 179, 225, 122, 238,  51, 238, 109, 252, 117, 191, 118, 235, 244,   0, 119, 252, 248, 232;
 189, 212, 110, 127,  38,  19, 222, 248,  85, 162, 247, 134,  83,  73, 185,  41, 127, 220,  21, 238, 232, 244,  29, 190,  98, 235, 229, 148, 125, 187, 112, 128;
 245,  66, 116, 186, 189,  29,  86, 156,  95,  58, 177,  93, 238,  72,  31,  95, 213, 194, 108, 126, 238, 103,  75, 183, 178, 218,  69, 254, 218, 159, 216,  15;
 117,  89, 107, 140, 106,   2, 143, 248, 192, 192, 220, 238,  83, 214, 179, 112, 126, 245,  92, 239, 201, 131,  60,  76, 240,  41, 175, 156,  45, 187,  34, 117;
  80, 219,  59, 190,  50, 134,  63, 117, 188, 140, 218, 229, 255, 207,  32,  64, 182, 119, 109, 193,  64, 137, 130, 111, 241, 231,  46, 128,   0,  18,  37, 123;
 205, 116, 135,   5, 226,  62,  39,  18, 112, 234, 182, 252, 211,  48, 195, 191,  53,  68, 108, 126, 165, 212, 245,  10, 220,  11, 101, 132, 234, 245,   2, 245;
 109, 159, 104,  69, 119, 127, 251, 184,  97, 232, 126, 238,  91,  45, 151, 180,  62, 204, 246, 110, 133, 176, 125,  60, 126, 111,  33, 132, 111, 175,  94, 253;
 166,  56, 174, 152,  93, 237, 145,  74, 222,  31, 193,  25, 166, 216, 103,   9, 201,  57,  99,  17,  50, 103,  82,  19,  81,  22,  25,  63, 209,  73, 118, 130;
 219,  93, 147, 254, 211, 140,  62, 215, 184, 195,  66,  88,  60, 183,  33, 248, 167, 119, 217,   4,  97, 207, 144, 234, 177, 255,  94,   2, 138, 112, 171,  59;
 218, 222, 182, 214, 227, 214, 188, 247, 185, 158, 118, 117,  44, 191,  38,  87, 167, 247, 181, 129, 228, 221,   2, 239, 115, 251,  94, 131,  11, 116, 175,  95;
   2, 133,  34, 138, 148, 128, 168, 105,  12,   1,  91,   2, 104,  74,  56,  64, 120,   3,  19, 161, 146, 152,   1, 213,  40,  32, 138, 192,  21,  10, 177, 128;
 236, 112,  60, 113,  40,  79, 117,  24, 227, 184, 183,   8, 223, 215,  73,  59, 132,  84, 125,  74, 200, 101, 251,   0, 199, 251, 117,  52,  64, 177,  66, 179;
  56, 255, 121, 100, 168, 205,  87, 246,  39,  46, 172,   8,  55, 135,   1,  16,  31, 242,  69,  74,  74,  43, 122,  61, 243, 141,  53,  60, 115, 218, 198,  43;
  16, 175, 120, 249,  26, 227, 217, 107,  54,   7, 244, 179, 145, 175,   0,   0, 127, 155, 135, 128,  58, 250,  67,  87, 201, 135, 186, 237, 117, 192, 167, 178;
  67, 205, 154, 188, 186, 140, 190, 230, 191,   9, 186,  97, 188, 190,  36,  80, 167, 119, 127,  65,  82,   9, 130, 247, 184, 244,  62, 218,   8,  16, 171,  27;
  31, 205, 103, 215, 230,  50, 111, 180,  21, 210,  95, 198, 121, 103, 189, 245, 119, 214, 183, 238, 225, 208,  45, 237,  54, 126, 199, 132,  39, 247, 240, 117;
  80, 175,  26, 108,  48, 207,  67, 123,  62,  13, 252,  72, 183, 195,   0,  16, 176, 171,  76,   8,  74, 187,   0,  31, 249, 237,  32,  56,  64,   2,  75,  41;
 229,  33,  65,  67,  20,  47, 203,  24, 116, 225, 227,  92, 211,   0, 221, 164,  24, 204, 104, 126, 169, 180, 253,  10,  37, 248,   1,  52, 203, 155,  82,  36;
 100, 134, 216,  94, 216,  20,  78, 173,  51,  19, 237,  88,  96, 227,  76, 246, 221, 218,  98, 138,  95, 106, 219, 113,  63, 190, 213, 125, 209, 194, 234, 132;
  36, 208, 189,  83, 132,  76, 117, 148, 236,  93,  34,  85, 178,  52,  76,  59, 136, 202,  74,  82,  95, 248, 115,  96, 197, 144,  84,  66, 192,  24, 198, 250;
 122, 188,  50, 248,   9, 229,  94, 238, 191, 142, 168,   9, 174, 255,  33,  81, 201, 251, 221, 130, 106,  79, 210, 255, 243, 247, 155,  59,  18,  85,  39,  90;
 246, 162, 172, 164,  45,  77,  81, 105, 131, 244, 129, 153, 199, 205,  90,  11, 201, 196, 237,  55,  74, 103, 203, 128, 219, 209,  69,  61,  64, 172,  86,  82;
 254,   4, 254,  82, 183, 122,  81, 136, 187,  23, 167,  56,  78, 125,  15, 127, 163, 148, 253,  48,  58, 103,  41, 214, 219, 251,  81,  87, 231, 193,  94,  99;
 140,  64,  31, 250, 205, 205, 244, 200, 238,  18,  33,  17, 159, 219, 125,  27, 169,  17,  98,  83,  66, 101,  26, 112,  87, 217,  71,  45, 208,  25, 225, 130;
 128,  36, 156, 245, 141, 173, 160,  78, 222, 151, 128,  17, 182, 233,  88,  11, 137,  35, 106,   9,  34, 236,  83,  51, 205, 146,  82,  16, 208,  89, 217, 138;
  18,  60, 251,  93,  35, 240,  57,  70, 181, 198, 110, 163,  44, 183,  35,  93,  34, 187, 165, 128,  34, 221, 178, 105, 211, 227,  82, 131,  39, 192,  39, 251;
  80, 178, 152, 186,  56, 140,  65, 255, 190,  13, 161, 124, 182, 243,  72,  80, 145, 175, 108,  16,  27,  79, 218, 115, 217, 181,  55, 122, 136,   2,  43,  11;
 212,  49, 122,  69,  50, 218, 115,  17, 233, 164, 231,  40, 191,  23, 131,  55,  34,  52, 204, 106,  33, 213, 177,  76, 213, 161,  34,   3,  36, 163,  71,  35;
  37, 112,  57,  97, 101,  93, 240,   9, 104, 232,  32,   8, 182,  24,  77,  48, 152,  24,  80,  24,  71, 244, 241,   8,  71, 217,   1,  50,  72,   8,  75, 142;
  97, 121,  26,  69, 113,  30, 115,  52, 105, 160, 110,  72, 158,  19,   5,  48, 144,  36,  72, 104,  69, 184,  49,  44, 111, 253,   0,  66,  74,  34,  75,  46;
   5, 193,  65,  67, 112,  15, 234, 248, 100,  96, 115, 198,  81,  64, 156, 180,  62,  12,  18, 238, 193, 176,  61,  93,  36,   8, 161, 196, 125, 131,  67, 180;
 115, 180,  61, 105, 153, 119,  25,  31,  59, 117, 173,  56, 158,  54,  78, 125, 151, 149, 125, 176, 187,  74, 241,  84, 207, 223,  26, 254, 144,  68, 167, 119;
 240,  93, 126, 125, 174,  74,  85, 174, 240, 182, 254,  42, 247,  51, 161, 115,  98, 244, 108,  98, 104, 249, 161,  45, 240, 235, 101,  21, 116, 248, 197,  43;
  69, 186, 157, 177, 168, 173,  16, 158, 175, 121, 146, 253, 215, 239,  72,  90, 135,  87, 108,  21,  31,  73, 219,  49, 140, 246, 119, 254, 152, 129, 137,  17;
  84,   1,  28, 174, 138,  41,  86, 104, 164,  38, 137,   9, 199,  99,  43,  91, 178, 227, 109,  98,  28,   3,  75,  56, 209, 227, 107,  57, 176, 115,  15,   2;
 210, 204,  62, 188,  38, 128, 252, 231, 157,  18, 210,  18,  45,  42,  48,  67, 103, 227,  63, 193, 224, 205,   2, 239, 176, 226, 222, 128,  52, 112,  49,   9;
 135,  58, 239, 183, 162,  42, 173, 147, 190, 254, 210, 246, 213,  54, 215, 107,  39, 103, 126, 159, 165, 213, 175, 224, 140,  42, 255, 132, 140, 241,  51, 253;
 183, 111,  99,  15, 150,  23, 239, 252,  86, 192, 248, 198, 113, 204, 189,  36, 126, 202,  26, 255, 239, 161, 109, 127,  40,  12, 143, 148, 125, 251, 112, 252;
  85, 133, 151, 205,  26, 114,  47, 170, 240, 138, 203,  34, 213, 246, 129, 230, 115, 117,  44, 234,  97, 209, 173,  78, 189, 230, 239, 132,  32,  99,  37,  37;
  42, 191,  97, 201, 213, 227, 243, 255,  23, 109, 124, 187,   0, 189, 118,   4, 125, 154, 147, 177, 186,  58,  40, 223, 127,  20, 133, 239, 215, 206, 246, 251;
 248, 167, 249, 112, 248, 236,  73,  95,  50, 191, 173,  24,  23, 167,  72,  27,   5, 158,  69, 152,  58,  74, 226,   2, 249, 229,  53, 124, 162, 192, 198, 226;
   8, 148, 189, 233,  16, 111, 105,  30,  22,  51,  78,  16, 151,  23,  40, 104,  85,  30,  57,  56,  51, 148, 113,  22, 197, 175, 186,  68, 184, 201, 133,  48;
 178, 202,  98, 158,  78, 129, 158, 236,  23,   6, 208, 167, 104, 204,  63,   0,  92, 235, 151, 199, 206, 167,  14, 255,  50,   6, 158, 185,  53,  31,  60, 220;
  41, 105,  57, 101,  85,  15,  99,  48, 105, 160, 110,  12, 150,  17,  21,  48, 128,  44,  64, 108, 193, 184, 113,  12, 103, 217,   0,  48,  72,  43,  67, 170;
 166, 166, 134, 179, 244, 161, 171, 194, 158,  23,  81, 243, 229, 227, 232, 140,  93, 123,   3, 147,  50, 214,  74, 227,  12,  22, 251, 224, 132, 201, 179, 128;
 229, 207, 100,  52, 173,  31,  94, 185, 223, 190, 179,  93, 207, 105,  95,  91, 211, 198, 108, 110, 236, 101,  73, 176, 226, 219,  69,  62,  90, 253, 216,   7;
  11, 176, 146, 186, 213, 253, 176,  71, 255,  89,  64,  24, 172, 158, 102, 168, 129,  59, 146,  17,  23, 126,  18, 243, 143,  87,  26, 107, 216,   4, 171, 142;
  64, 141, 158, 155, 157, 164, 172, 239, 174,  17, 203,   2, 164, 162,  32,  74, 225,   7, 106, 152,  18,   9,  27, 213, 189,  54, 222,  77, 152,  66, 169,  10;
 165,  20, 189,  77, 236, 111, 197,  57,  86, 106, 245,  88, 211, 113, 153,  43,  88, 128, 118,  42, 185,  38, 107,  27,  71, 139,  97,  60, 217, 249, 210, 161;
  89, 124, 147, 244, 147, 188,  62, 246, 185, 130,  42,  64,  62, 179,  33, 183, 167, 119, 220,  88, 101, 205, 144, 238, 187, 223,  30,  10, 234, 116,  43, 143;
 246, 112, 159,  50, 201, 108, 209, 136, 171,  91, 163,  29,  70, 220,  77,  27, 129, 213, 253, 115,  63, 103, 154,  34, 153, 242, 221, 255, 201, 113, 206,  19;
  88,  60, 147, 118,  27, 205,  51, 226, 239, 128, 170,   8, 190, 247,  97,  50, 160, 119, 104,  66,   1, 233, 178, 111, 241, 245,   1,  27,  64,  33,  39,  42;
 246, 112, 173, 236,  13,  77,  83,  56, 131, 180, 165,   9,  83, 221,  73,  19, 140, 212, 253, 115,   8, 103, 219,  24, 219, 209, 193, 125,   0,  43,  86, 114;
  83,  48,  91, 227, 114,  74,  42,  64,  60,  97, 123, 224,  93,  23, 136, 240, 118, 157,  86, 240,  17, 152, 129,  76, 220, 164,  42, 196, 168, 130,  43, 177;
 122,  57,  18, 254, 185, 237,  86, 255, 191,   8, 232,   9, 174, 255,  33,  88, 220, 187, 221,   0,  26,  11, 218, 189, 243, 247, 154,  59,  26,  86, 238,  27;
  45, 165,  99, 105, 244, 191, 232, 123,  86, 105, 120, 206, 147, 233, 180, 160, 125, 170,  22, 188, 151, 186, 101,  31, 110,  15, 161, 100, 255, 200,  82, 208;
 216,  91,  51, 172, 114, 198,  63, 117, 181,  12, 218, 231,  60, 215,  33,  80, 246, 187,  15, 192, 192, 155,   0, 111, 241, 164,  42, 136,  32, 146, 165, 123;
 137, 223,  22,  63,  52, 142, 102, 252, 252,  74, 114,  68, 247,  67, 185, 225,  54,  98,  78, 110, 229, 165,  29,  63, 228, 170, 102,   0,  90, 176, 105, 137;
  82,  28, 142, 190,  14, 160, 188,  98, 156, 130, 218, 162,  61, 174,  49,  74, 110, 243,  59, 131,  32, 207,   2, 235, 144, 103, 250, 136,  21, 121,  49,   9;
  81, 233, 154, 174, 184, 140,  46, 230, 174,   1, 138,   0, 181, 162,  32,  80, 166, 119, 123, 205,  86,   9, 130, 125, 248, 165,  46,  89,   0,   2, 163,   8;
  38, 237,  96, 155, 220, 131, 142, 232,  86,  33,  89,  18, 224, 232, 124,   0,  89, 203,  19, 243, 242,  50,  74, 255,  60,  30, 143, 236, 213, 123, 240, 128;
 116, 178,  25, 186,  48, 237,  83, 216,  62,  77, 125, 124, 183, 215, 202,  80, 149,  56, 100,  24,  27,  22, 250,  23, 216, 181,  51, 232, 136,   0,   3, 113;
 216,  75, 254, 253, 162,  74, 127,  55, 112, 166, 230, 160, 247,  39,   3,  83,  38, 246, 108,  66,  72, 253, 225,  40, 240, 227, 118,  17,  96, 240,   7,  43;
  26,  47, 246, 252, 211, 226,  61,  71, 189, 199, 254, 179,  41, 175,  38,  80, 230, 187, 143, 144,  24, 155,  32, 206, 115, 231, 186, 195, 167, 196, 164,  91;
 236, 113,  61,  99,  40,  79,  85,  24, 227, 184, 183,   8, 223, 151,  73,  58, 132, 212, 125,  74,  72,  37, 251,   0, 195, 249,  97,  60,  66, 179,  70,  35;
  68, 157,  29, 235, 144, 238,  67, 146,  36, 113,  75,   0, 215,  55,   0, 120,  65,  86,  57,  88,  27, 152,  89,  53, 205, 175,  16,  64, 176, 195, 132,  50;
 230, 226, 132, 150,  72,   1,   9, 236,  18, 183, 129, 159, 196, 226, 218,  15,  89, 205, 107, 167,  58,  86, 207, 211, 156,   2, 223, 125,  21,  45, 158, 196;
  72, 132, 148, 177, 137, 253,  65,   7, 151,  63, 134,  24, 238, 183,  74, 207, 129,  18, 232,  16,  58, 109, 115, 145, 141, 214,  85,  59, 146,  92, 141, 110;
  81, 235,  27, 166,  48, 141, 127, 112, 168, 136, 186, 104, 247, 211, 129,  80, 182, 117,  76, 106,  64, 161, 136,  47, 240, 165,  47,  56,   0, 179,   3,   9;
 188,  73, 108, 109,  14,   7, 207, 184,  68, 162, 198, 130,  83,  73,  25,  99, 120, 212, 121, 238, 232, 229, 127,  60, 227, 235, 229,  20, 103, 187, 112, 160;
  34, 185,  99,  82, 245, 199, 178, 119,  31, 233, 124, 255,   0, 253, 244,  36, 221,  58, 147, 145, 179, 250, 120, 254,  47,  22,  21, 226, 215, 140, 246, 255;
  12, 141, 151, 249, 143, 224, 180, 239, 142, 147, 106,   2, 204, 253,  96, 138, 201,  59, 235,  17,  18, 233,  75, 144, 141, 214,  95,  79, 209, 104, 165, 162;
  58, 244,  67, 232,  83, 135,  75, 255,  31,  65, 120, 203,  62, 151,  32, 148, 126, 185, 151, 188,  75, 154,  16, 223, 187, 212, 136, 234,  51, 134, 182, 248;
   0, 174,  12, 249, 152, 239,  73, 119,  62,  37, 236, 145, 181,  47,   2,  64, 201, 190,  75, 128,  26, 152,  81,  31, 207, 199, 154,  81, 208, 128, 132, 186;
 109, 125, 114,  70, 253,  31, 247, 248, 121, 232, 255,   8,  90, 121, 159,  52, 252, 206, 118, 106, 205, 242, 249, 238, 119, 255,   5,  38,  99, 255,  74, 231;
 217, 213, 147, 254, 145, 148,  52, 103, 249,   3,  98,  80, 172, 242,  32, 246, 163,  39, 104,   8, 117,  15, 146, 235, 179, 254,  86,  10, 138,  80, 171, 142;
   6,   4,   8, 139,  21, 165, 170, 200,  22,   1,  73,  18,  64, 202,  57,  72, 121,   8,  19, 179,  18, 164,  89, 247,   1,   4, 138,  68, 148,  11,  48, 128;
  69, 250, 157, 177,  40, 141,  57, 158, 190, 253, 150, 253, 151, 182, 195, 122, 135,  85, 124,  85, 151,  77, 235, 113, 216, 179, 127, 252, 136, 129,   1, 121;
  69, 114, 254, 243, 170, 190,  61, 150, 254, 247,  22, 180, 213, 102, 155, 107,  39, 119, 127, 157, 177, 213, 191,  96, 204, 171, 255, 196, 140, 240, 137, 113;
 120, 231,  89,  64, 208, 141,  71, 255,  35, 165, 172,  72,  51, 135,  64,  20,  25, 154,  68,  24,  90,  58, 192,  54, 251, 141,  37, 124,  98, 210, 198,  42;
 205, 254, 237,  81, 176, 126, 101, 183, 123, 251,  38, 124, 147,  52, 213,  59,  19,  84, 124,  56, 241, 252, 245,   6, 239, 155, 117, 228, 192, 240, 198, 113;
  39, 205, 229, 207, 228,  18, 111, 188,  81, 218, 127, 194, 104, 110, 191, 231,  95, 230,  54, 238, 221, 240, 111, 237,  46,  62, 199, 132, 183, 255, 248, 228;
 200, 184, 157, 115, 137, 237, 117, 159, 187, 123, 164,  29, 191, 183,  72, 154, 133,  87, 249,  16,  51, 109, 250,  51, 207, 255,  84, 126, 202,  84, 135, 251;
  19, 143, 110, 158, 214, 134, 175, 229, 148,  68, 218, 135, 113, 238, 182,  65, 126, 235,  19, 229, 246, 155,  46, 255, 120,  47, 174, 192,  53, 138, 185, 216;
  49, 173, 122,  74, 215, 219, 242, 231, 115,   5, 108,   2,  35, 136, 118,  48,  57, 170,   2, 156,  22, 186,  60, 127, 126, 205,  20, 109, 251,   2, 234, 142;
  85,  65, 156,  40, 136,   8,   0, 141, 174,  49, 131,  73, 215, 226,  73, 218, 194, 197, 108, 117,  78,  67, 219,   0, 144, 225, 110,  60, 160,  50, 137,   0;
  21,   3,  91, 195, 114,  74,  43, 112, 108, 104, 123, 226,  85,  23, 136, 112, 118, 157,  54, 248,   1, 144, 173,  76, 148, 164, 170, 192,  37, 131,  39, 161;
  88,  44,  58, 254,  27, 224,  51,  98, 173, 132, 239,   8, 110, 247,  33,  84, 162, 179, 233, 128,   0, 139, 146, 109, 209, 244,   2,  11,  64,  35,  39,  42;
 122, 249, 144, 238,  57, 143,  86, 125, 171,  41, 253,  13, 174, 251,  10,  16, 220, 251, 221,  64,  90,  43, 218, 253, 243, 221,   4,  59,  90,  26, 202,  27;
 201, 200, 191, 245,  44,  14, 121, 158, 254, 241, 150, 145, 221, 239, 211, 106, 183,  85, 125, 157, 134, 205, 183,  98, 207, 239, 127, 196, 132, 176,   1,  89;
  81, 169,  26, 174,  26, 132,  43, 228, 172,   4, 138,   0, 247, 195,  32,  80, 242, 227,  76, 204,  66,  11, 128, 127, 248, 165,  42,  88,  48,   2,  33,  10;
 236, 182, 156, 118, 168,  45,  93, 159, 147, 191, 164,  29, 191, 231,  74,  27, 151,  91, 237,  56, 114,  76, 250,  51, 203, 219, 117,  61, 210, 240, 142,  27;
  33, 182, 121, 105, 112, 239,  99,  90,  54, 105, 125, 252, 183,  87, 136,  48,  23, 184,  22,  60, 179, 150, 104,  31, 108, 140,  33, 224, 224, 138,  70, 241;
  38, 237, 100, 155, 220, 131, 142, 236,  22,  51,  89,   2, 224, 232, 121,   0,  89, 235,  19, 243, 226, 242,  75, 255,  44,  22, 143, 236, 149, 123, 240, 128;
  72, 137, 158, 255,   1, 142, 125,  51, 164, 134, 230,   5, 191, 167,  34,  82, 196, 119, 105,  12,  72, 157, 146,  43, 193, 247,  82,  16,   0, 160,   5,  74;
  85,  92, 159,  94,  10, 102,  71,  56, 116, 194, 227,  64,  83, 119, 129, 127, 124, 244, 108, 234, 233, 231, 127,  40, 145, 170,  97,  16, 233, 243,  32,  48;
 252, 113,  57, 103,  41,  77,  87,  16, 105, 172, 183,   8, 223, 211,  73,  50, 148, 212, 125,  74, 200,  37, 251,  32, 227, 249,   1,  60,  66, 179,  70,  35;
 236,  49, 156, 176, 137, 125,  81,  26, 131, 255, 165,  28, 222, 183,  75,  31, 133, 150, 232,  18,  25,  99, 251,  16, 223, 211,  81, 127, 202, 105,  14,  82;
  89, 249, 185, 112, 169, 221,  85, 159, 187, 121, 164,  24, 191, 183,  74, 186, 129,  95, 253,  16,  27, 122, 250,  51, 219, 223,  21, 127, 202,   0, 207, 123;
 109, 245, 114,  78, 253,  31, 246, 248, 123, 234, 253,   8,  74, 248, 159,  52, 221, 206, 118, 110, 229, 243, 249, 254,  63, 127,   5,  62,  67, 255,  82, 231;
  57, 203, 110, 190,  84, 135, 235, 252, 132,  68, 222, 135, 113, 206,  50,  64, 124, 233,  51, 239, 204, 155,  47, 253, 120,  47, 175, 192,  53, 138, 120, 200;
 153,  88,  87, 101,  34,  90, 246, 116, 236, 136, 114,  96, 127, 144, 165, 241, 182, 116, 126, 106, 229, 181,   1, 110, 178, 235,  98,   2,  73, 178, 105,  45;
 100,  32, 233, 226, 101, 109, 225,   8, 107,  63, 181,  25, 146,  13,  92,  26, 217, 132,  75,  62,  26,  38, 248, 128,  87, 221,  16, 125, 192,  75,  86, 226;
 147,  61,  23,  84, 154, 224,  20,  99, 249, 130, 170,  96,  62, 242, 101, 179, 163, 243,  92, 192, 101, 203, 146, 108, 185, 154,  79,  26,   8,  96,  35,  47;
 204, 252, 191, 118, 203, 253,  53, 182, 251, 254,  39,  29,  94, 247,  15,  27, 167, 119, 237,  34, 112, 101, 186, 127, 127, 251, 117,  55, 194, 113, 135, 115;
  80, 201, 157, 175, 158, 192,  39, 164, 238,  21, 202,  34, 245, 226,   8,  66,  98, 103, 106, 192,  86, 152, 203,  53, 236, 165, 190,  65, 176,  18, 161,  10;
  33,  97,  42, 101,  21,  15,  98,  52, 104, 160, 110,   8, 179,   1,  16,  48, 152,  44,  64, 108, 200, 176,  80,  12, 231, 221,   0,  16,  64,  26,  82, 168;
 103, 203, 148,  52, 237,  15, 100, 171, 235, 186, 162,  77, 206, 233, 117, 219, 129, 229, 106,  47, 244, 101, 154, 208,  61,  26,  85,  62, 216, 124, 218,   4;
  34, 187,  35,  89, 221, 245, 177, 215, 223,  93, 124,   5,  32, 205, 118,   4, 201,  58, 131,  21, 146, 186, 114, 245,  15,  28,  20, 107, 211,  12, 246, 254;
  72, 141,  44, 189,  25, 205,  77,  39, 164,  21, 206,   1, 183,  39,   2,  81, 192,  54, 105,  12, 120, 216,  83,  61, 237, 243, 218,  81,  16,   0, 132, 106;
  38, 162, 135, 155, 236, 161, 168, 206, 158,  23, 184, 186, 192, 234, 233, 142,  79,  91, 234, 145,  18,  99, 202, 225,  12,  22, 223, 125, 197, 121, 173, 128;
  37,  22, 189,  77, 172,  47, 197,  25,  86, 186,  53, 120, 210,  49, 153,  43,  25,  84, 126,  40, 185, 112, 105,  24,  68,  42,  97, 180, 216, 249, 208, 161;
 182, 205, 228, 254, 220,  35, 206, 239, 215, 146, 152,  18,  97, 104,  61,  67,  89, 226,  23, 227, 248, 103,  78, 191,  58,  94, 207, 156, 181, 255, 240,   0;
  44, 165, 209,  81, 209, 249,  96, 107, 114, 161, 109,  88,  26, 179, 204, 188,  25, 158,  66,  24,  19, 122, 233,  22,  15, 143,  21, 108, 227, 192, 206, 164;
 120, 185,  16, 186, 169, 141,  82, 183, 171,  57, 189,  77, 190, 255,  64,  80, 132, 187, 253,  64,  31,  11, 218, 181, 219, 221,  21, 123, 154,  14, 139,  27;
 217, 133, 144, 254, 155, 144,  52,  47, 123,  19, 225,  16, 238, 242,  44, 253, 243,  19, 232,   0, 118,  79, 138, 215, 186, 254,  82,  79, 146,  64, 169,   6;
  17,  49,  90,  71, 114,  11, 234, 104, 108, 104, 123, 102,  87,  18, 140,  32,  58, 141,  70, 110,  65, 177,  29,  76,  52, 172,  34,  68, 105,   3, 107, 149;
 127, 124, 226,  78,  17, 156,  78, 208, 225, 202, 189,  12,  11, 252, 151, 180, 156, 252, 220, 110, 205,  35, 252, 170, 179, 253,   5,  58, 235, 247,  90, 116;
  80, 151,  73, 101,  50,  10, 111,  49,  48, 160, 123, 229, 211,  35, 136,  80, 118, 204,  45, 238, 249, 216, 197,  14, 228, 174, 167, 128,  45, 162, 224,  57;
 188, 205,  20, 126, 141,  85,  71, 172, 199,  20, 165,   8,  99, 225,  41, 135,  88, 208, 232, 106, 104, 103, 123, 181, 251, 195, 197,  93, 115, 187, 252,  34;
 167, 205, 230,  95, 252, 146, 238, 164, 223, 208, 118,  22, 104, 232, 190, 102, 121, 230,  54, 207, 247, 248, 111, 239,  46,  62, 135, 192, 151, 255, 248, 204;
  22, 204, 142, 183, 130,  34, 191, 162, 172, 242,  27, 135, 221, 110,  25,  75, 103,  87, 125, 183,  64, 213,   9, 236, 204,  35, 255, 196, 132, 115,  17,  81;
 105, 241, 185, 112, 233, 205, 113, 223, 123, 121, 100,  28, 190, 151,  74,  48, 149, 155, 119,  88, 211, 122, 250,  49, 255, 217,  21, 108,  74, 128, 194, 251;
  33,  62, 113,  89, 112, 175, 105,  90, 126,  97, 125, 244, 149, 215, 128,  60,  31,  56,  18,  28, 163, 180, 125,  95,  68, 142,  49, 224, 220, 137,  66, 241;
 200, 137, 190, 188,   1, 204,  85,  39, 189,  15, 238,  17, 174, 179,  34,  82, 128,  98, 105,   0,  88, 141, 146,  43, 193, 247,  82,  27,   2,   0,   7, 106;
  56, 251,  24, 234,  61, 141,  86, 245, 171,  13, 244,  13, 175, 219,   2,  16, 220, 249, 213,  90,  94,  43, 218, 189, 251, 221,  37, 251,  90, 142, 202, 139;
  82,  40,  18, 254,  91, 224,  19,  64, 173,   5, 239,  40,  46, 215,  32,  84, 226, 185, 235, 128,  26, 171, 130, 237, 209, 244,   2,  11, 226,   3,  39,  34;
 254, 252, 254,  52, 203, 123,  23, 238, 187, 190, 180, 187,  78, 255,  75,  27, 183, 215, 229,  35, 116,  71, 168, 234, 243, 231,  85, 191, 227, 117, 143,  87;
 209, 132, 148, 186, 153, 144,  16, 171, 251,  19, 161,  48, 206, 242, 108, 223, 195, 151, 236, 144,  62,  79, 203, 215, 154, 246,  83, 127, 144,   0, 169,   6;
 193, 169, 158,  20, 203, 129,  52, 103, 233, 146, 162,   8, 190, 242, 103, 255, 162, 227, 106,   1, 116, 107, 130, 108, 184,  18,  94,  11,  72,  96, 171,  15;
 217,  94,  83,  69,   2,  62, 170,  80, 125, 138, 114,  98,  95,  50, 165, 253,  54, 245, 110, 106, 161, 181,  37,  74, 145, 234,  98, 130,  99, 243,  33,  45;
  34, 178, 169,  75, 252, 189, 152,  95, 202,  89, 121,  92, 144, 220,  92,  32, 157,  27,  83,  21, 151,  42, 218,  17,  47,  29,  62, 254, 216,  10, 211, 183;
  38, 237, 196, 155, 252, 131, 174, 236,  30,  51, 217,  18, 224, 232, 124,  64,  89,  74,  51, 211,  98, 114,  75, 247,  44,  30, 207, 252, 149,  91, 208, 136;
 109, 114, 149,  68, 105, 127,  83,  24, 203, 252, 188,  76,  74,  23, 199, 190, 132, 196, 236, 126, 137, 103, 249, 128, 147, 221,   1,  62, 202, 255,  70, 117;
 216,  21, 158, 188,  19, 246,  48,  71, 173, 129, 206,  17,  62, 187,  34,  82, 224, 183, 249,   0,   4, 137, 146, 203, 243, 225,  26,  11,  32,  96, 169,  10;
 231, 117, 246,  78, 253,  63, 246, 254, 251, 234, 253,  24,  74, 248,  31,  52, 221, 207, 118, 110, 228, 119, 250, 254,  63, 126,   5,  62,  83, 255, 194, 231;
  99, 232, 150, 148,  79, 141, 180, 103, 235, 179,  42,  12,  28, 184, 102, 146, 163, 101, 106,  69,  69, 107, 146, 192,  20,  58,  85,  58,  72,  56, 203, 139;
   1,  18,  81, 101, 114,  10, 107,  57,  52,  32, 115, 228, 213,   7, 136, 112,  54, 156,   6, 232, 129, 144, 101,  79, 132, 172, 162, 196,  36, 130,  35, 177;
   3, 177, 149, 219, 188, 173, 168,  95,  14,  17, 120,  68, 180, 216,  92,  32, 157,  27,  83,  25, 147, 168,  91,  21,  45, 156,  30, 120, 216,   8, 211, 152;
  80, 131,  31, 175,  56,  10,  43, 188, 230,  20, 206, 224, 245, 194, 170,  66, 118,  68, 108, 232,  74, 137, 239,  29, 232, 161,  34,  84,  48, 162,  37, 104;
  73,  69,  13, 165,  16,  14, 111,  53,  32, 224, 110, 196, 255,  39, 144, 242,  22, 196, 124, 238, 201, 152, 245,  12, 229, 239, 164,   0,  34, 162,  66, 120;
 239, 114, 236,  84, 234,  56, 172, 189, 240, 242, 119, 253,  89, 109, 159, 187,  39, 198, 245, 174, 245,  86, 239,  64,  86,  43, 245, 141, 207, 245, 202,  81;
  37, 144, 221, 101, 166,  15, 101, 191,  86, 179, 118, 124, 211,  49, 128,  59,  23,  86, 102,  56, 177, 248,  81,   0,  76, 235, 117,  84, 232, 248, 192, 177;
  73,  56, 123, 229,  32,  88, 121,  49, 105,   0, 118, 160, 191,  55, 129, 123,  38, 157,  93,   8, 129, 152, 177,   0, 199, 249, 114, 128, 230, 160,  67,  57;
 242, 180, 156, 118, 169, 125,  20,  15, 155, 191, 165,  29, 190, 191,  66,  27, 133, 119, 253,  16,  62,  79, 218,  27, 203, 223,  85,  63, 216,  96, 138,  27;
  77,  49, 188, 119, 172, 108,  81,  27, 123, 251,  39,  24, 223, 255,  75,  58, 149, 222, 124,  24, 154, 120, 251,   2, 207, 255,  85, 116, 192, 224, 195,  98;
  57, 229, 121, 101, 116,  11,  79,  61, 113, 168,  60, 232, 115,  67, 152,  49,  30, 252,  84, 110, 233, 186, 109,  31, 226, 205,  37, 180, 102, 162, 194, 169;
 116,   4, 239, 101, 136, 106,  77,  24,  48, 182, 231, 144,  83,  55,   1, 123,  89, 212, 105, 186,  56, 212, 241,   8, 197, 171, 229,   4, 225, 241, 230,  98;
 205, 118, 221, 119,  50,  46,  59,  16,  58, 203,  87, 244, 253,  71, 203, 123,  55, 125, 125, 158, 163, 212, 189,  98,  78, 175, 127, 128, 172, 241,   3, 121;
  38, 225, 153, 169, 138, 233, 128, 204, 142, 149, 168, 139, 135, 230,  77,  10,  89, 219, 106, 209,  30,  99, 207, 112, 156, 132, 143, 125, 145, 123,  39, 192;
  30, 196, 166, 179, 164,  34, 174, 160, 132, 146, 219,   2, 205, 106,  57,  75, 123,  71,  63, 227,  72, 241,  11, 172, 232, 227, 207,  68, 164, 123,  49,   0;
 160, 109, 106,  94,  85, 147, 207, 112,  85, 132, 245,   2,  48, 217, 182,  37,  88, 168,  19, 234, 232, 190, 124, 255, 119,  57, 131,   9,  87, 171, 126, 166;
  45,  54, 184,  81, 201, 189, 160,  74, 122, 187, 109, 120, 154, 240, 205, 186,  25,  78,  98,  24, 183, 118, 254,   2,  12, 143, 117, 111, 203,  65,  75, 133]