[114, 180,  55, 124,  57, 247,  84, 110, 249,  10, 168, 120, 110, 123,  12, 181, 153, 179,  77,  34, 105, 203,  82,  61, 179, 218,  81, 122,  82,  65,  98,  46;
 101, 101,  72,  79, 120,   3,  71,  60,  33, 168, 189, 104, 242,  83, 152, 116,  88, 196,  87, 110,  72,  34, 201,  30, 102, 156, 165, 188,  88, 178,  82, 163;
 203, 121, 179,  30, 121, 213,  19, 196, 239, 204, 237,  40, 236, 214, 235, 180, 192, 122, 250,  74,  71,   3, 186, 251, 179, 245,   6,  59,  18,  87,  39, 254;
 219, 240, 134,  95, 137,  22, 172, 189, 252,  90, 199,  84, 232, 208, 150, 239,  37, 100, 249, 206, 245, 205, 159,  99,   6,  43, 222, 128,  10,  52, 185,  28;
 102,  59, 237, 159, 234, 109, 158, 153, 139, 253,  25, 239, 236, 124,  95,  10, 143,  83, 255,  87, 150,  98, 239, 241,  63,  28, 111, 250, 213, 255, 151, 215;
  73,  20,  31, 101,   1,  46, 101,  51, 120, 234, 102,  76, 222,  51,   1, 123, 144,  20, 120,  40, 161, 244, 177,  76, 199, 251,  80,   2,  72, 112,  99,  59;
 124,  78, 185, 111,  22,  79,  71, 190, 116, 174, 254,   8, 243,  53,  17,  48,  57, 220, 124, 107, 232, 182, 101,  46, 241, 175, 117,  17,  97, 123, 198, 107;
 206, 153, 174, 254, 170, 212, 159, 191, 182,  95, 159,  49, 253, 255,  74,  98, 197, 119, 253, 199, 219,  77, 251, 179, 235, 255, 255, 218, 144,  98, 165, 115;
  92,  46, 191, 112, 170, 105,  81, 210, 163, 191, 173,  57,  23, 181,  67,  26,  35, 254, 109,  16,  24,  99, 170,   0, 219, 199, 117, 125, 226, 225,   6,  99;
  42, 180, 225, 209, 209, 103, 173, 251,  51, 247, 157, 158, 217, 127,  92,  37,  93, 159, 211, 161, 185,  90, 253, 215,  29,  86, 223, 238, 167, 100, 182, 242;
 123,  30,  53, 191,  57, 251,  18, 114,  21, 111, 223, 253, 175,  38, 130, 245, 223, 188, 206,   4, 173, 158, 109, 191, 150, 247,  50, 242, 158, 143,   4, 117;
 230, 108, 243,  84, 109,  88, 197,  65, 233, 138, 180,  24,  42, 217, 149, 191, 168, 252, 117,  74, 224, 103, 162, 234,  19, 126, 196,  59,  71,  53,  86, 166;
  45,  98, 124,  97,  44, 159, 249,  16, 231, 252, 247,  68, 139, 137, 214, 166, 204,   4, 238,  92, 206, 176, 239, 144, 206, 217,  37, 213,  74, 142,  74, 197;
   3, 185,  86, 151, 115, 219, 178, 231, 191, 225,  88, 231, 108, 252,  38, 132, 167, 107, 130,  69,  87, 248,  14, 253,  44,  22,  95, 131,  95,  14,   9, 159;
 101, 125, 150,  37, 253,  63, 230, 192, 109, 232, 250,  76, 210, 120,  87,  50, 185, 228, 126, 127, 221, 241,  85,  40,  60, 158,   5,  86, 201, 123, 218,   6;
 225,  58, 170,  32, 116, 173, 121,  19, 122, 239, 118,  29, 151, 141,  82,  16, 181, 172, 125,  29, 158, 254, 241,   2, 223, 253,  49, 248, 200, 200,  82,  91;
 255, 101, 237,  69, 188,  59, 223,  30,  95, 224, 190, 138, 219, 108, 215,  42,  30, 221, 127, 255, 173, 112, 237, 154, 230, 221, 175, 180, 231, 253,  83, 117;
 216, 244, 171, 190,  57, 244,  27, 216, 178,  87, 197, 189, 253, 247, 106,  83, 245, 223, 237, 163,  43,  71, 186,  55, 241, 229, 171, 189,  16,   3,  39, 114;
   7, 232, 132, 155, 193, 180, 172, 143, 190,  83,  67, 151, 236, 234, 123, 201, 119,  75, 187, 151, 182,  84, 223, 241,  12,  50, 223, 196, 156,  85, 185, 212;
 153,  14,  77,  21,  18, 191, 106,  50, 116, 234,  82, 198, 243,  32, 145, 165,  54, 108, 116,  45, 173, 248,  69,  14, 172,  46,  97, 128, 109, 229,  25, 253;
 177, 253, 125,  84, 209, 207,  71, 246, 113, 232, 160,   8,  50,  23,  21,  49,  40, 254,  84, 232, 105, 203,  48, 125, 177,  42,  37,  48,  97,  48, 198, 122;
  33, 169,  21,  91, 245, 205, 113,  49, 111,  25, 117,   8, 182,  17, 132,  53, 136,  18,  70,  88,  83,  40,  90,  85,  79, 152,  80,  82,  90, 136, 194, 171;
  33,  96,   7, 173,  76, 135, 232,  70, 102,  33, 227,  66, 145, 130,  16, 104, 104, 172, 106, 204,   8, 222, 199,  80, 148, 168, 154,   0,  33,   8, 114, 140;
 202, 165,  51, 254,  67, 212, 125, 101, 185,   7, 107,  24,  44, 223,  40, 245, 178, 187, 211, 129, 114,  15, 178, 199, 179, 240,  26,  11,  34,   6, 167, 110;
 255,  84, 230,  13, 203,  62,  54, 184, 233, 242, 231,  28,  89, 114,  31, 255,  39, 213, 248, 231, 237,  87, 223,  10,  22, 107,  79,  22, 175, 119, 139,  22;
 176, 175,  63,  79, 136, 239,  69, 119, 118, 174, 254,  56, 210,  54, 132, 113, 232, 190, 108, 234, 248, 219,  97,  62, 241, 171, 101, 145,  97,  80, 198,  47;
  30, 253, 238, 122, 223, 243, 180, 198, 255, 215,  78, 183, 108, 252,  63,  47, 171, 123, 243, 209, 182, 249,  63, 244, 123,  79,  95,  99, 247, 117, 253, 222;
 175, 236,  80,  19, 205, 185, 246, 230, 223,  50, 180,  27, 170,  72,  87, 140, 201, 235, 202, 211, 110,  62,  78, 247,  62,  87,  21,  51, 127,  95,  74, 142;
 189,  85, 125, 110, 114,  87,  95, 120,  69,  76, 245, 166, 123,  93, 191,  49, 126, 216,  23, 238, 233, 183,  45,  63, 114, 233, 160, 144, 119, 179, 102, 249;
 220, 196, 221, 245, 166,  10, 125, 191,  49, 178, 150, 210, 223,   7, 136,  91,  55, 215, 125, 234, 120, 212, 129, 142, 254, 235, 239, 196,  38, 241, 161,  33;
  23, 111, 234,   5, 242,  50, 239, 220, 115, 238,  94, 231,  73, 174, 215,  20,  63, 205, 181, 239, 204, 208, 173, 202, 126, 109, 175, 133, 231, 247, 126, 197;
 207, 121, 180,  17, 169, 188, 184, 129, 171, 177,  49, 189, 140, 138, 214, 142, 167,  93, 233,  87, 151, 100, 151, 224, 140, 216,  95, 110, 206, 181, 139, 148;
  37, 119, 107,   5, 246,  35, 239, 252,  52, 234, 124, 230,  81, 101, 187,  48, 126, 204,  22, 238, 225, 178,  45,  14, 124,  13, 165, 132, 109, 251, 114, 249;
 214,  49, 189, 246, 139, 124,  21,   9, 186, 247, 133,  28, 222, 255,  75,  59, 165, 151, 249, 176,  59,  71, 186,   2, 219, 225,  93, 127, 136,  97, 143, 114;
 242, 114, 101, 172,  95,  77, 196, 101, 145, 238, 144, 255,  98,  93,   5, 147, 236, 177, 215, 225, 233,  39,  80, 158, 179,  16, 201, 186, 109,  60,  86, 223;
  75, 233, 177,  95, 141, 220, 252, 135, 235,  49, 142,  24, 188, 188,  94, 126, 129,  86, 248,  24, 214,  72, 243, 241, 111, 127,  86, 123, 130,  84, 219,  46;
 209,  58, 186,  48,  32, 188, 121,  87, 251, 207, 246,  29, 191, 154,  70, 121, 167, 175, 124,   4, 141, 127, 178,   0, 211, 249, 114,  10,  72, 128, 107,  91;
  63, 107,  98, 160, 114,  19,  78, 252,  21, 224, 222, 239,  73,  79, 179, 180, 126, 237, 149, 239, 205, 147,  13, 254,  58,  77, 173, 164,  47, 183, 122, 221;
 238, 247, 248, 114, 169,  37, 159, 252, 235, 250, 189, 125,  94, 253,  95,  59, 151, 211, 221, 115, 246,  99, 186, 242, 251,  94, 109, 254, 215, 119, 135,  83;
 142, 242, 180,  51, 169, 157, 184, 204, 207, 121,  17, 125, 140, 200, 204, 142, 167,  27, 239,  81, 135, 100, 155, 241, 140,  85,  29, 255, 218,  29, 143, 157;
   6,  65, 134, 158, 140,  32, 174, 200, 132,  17, 211,   2, 104, 234,  57,  75, 120,  99,  59, 227,  16, 193,  10, 224,  48,  34, 206, 136, 149, 123, 177,   0;
  35, 227, 192, 217, 124, 145, 236, 221,  87,   1,  80,  86, 160, 192, 188, 172,  88,  40,   6, 220, 255, 254,  78, 253,  46,  30, 151, 232,  30, 156, 216, 132;
 182, 205, 100, 218, 140, 161, 142, 237, 198,  82, 216,   2,  96, 232,  61,   9,  89,  66,  55, 227, 248,  35,  14, 187,  34,  14, 207, 220, 213, 127, 240, 128;
  56, 219,  88, 174, 114, 139,  95, 248,  37,  68, 124, 239, 123,  79, 171,  81, 126, 168,   7, 238, 200,  18,  12,  61, 246, 201,  33, 164, 127, 179, 106, 217;
 138,  98, 238,  53, 111,  89, 185, 108, 234, 244,  84, 171, 169, 140, 210, 167,  42,  44, 227, 213, 198, 248, 166, 128,  94,  65, 235, 169, 103, 140,  95, 252;
 105, 188, 183,  97, 177, 127, 113,  55, 105,  43, 110,  24, 154,  51,   0, 182, 129,   6,  76,   8,  25, 184, 241,  14, 207, 253,  16,  71, 194, 224,  66, 171;
  99, 171, 136, 154, 249, 181, 152, 207, 171,  29, 157, 205, 168, 234,  94, 218, 205, 235, 255, 149, 158,  75, 206, 241, 154, 117, 158, 251, 144,  70, 187, 204;
 183, 121,  93,  93,  66, 207,  71, 226,  61, 226, 226,   8, 114,  23,   5,  53,  42, 245,  86, 110, 105, 255, 113, 125,  55, 154,  69,  22, 105, 185,  66, 116;
  58, 173, 236, 231, 214,  18, 249, 183,  19, 241, 158, 130,  89,  47, 148,   1, 127, 231,  53, 157, 152, 248, 109, 238, 126, 239, 255, 132, 167, 254, 240, 120;
 252,  98, 188, 100,  41,  73,  81,  72, 163, 188, 181,  41,  15, 223,  75,  27, 133, 213, 237, 114,  14,  71, 234,  16, 219, 209, 101, 191, 226,  49,   6,  99;
  92, 184, 153, 114, 160,  77,  65, 185,  50, 187, 160,  24, 151,  23,  72,  27,   1, 150,  76,  16,  90,  76, 216,   0, 217, 135, 117, 116, 192,   0, 135,  35;
  77,  88,  23, 197, 116, 238,  99,  18,  52, 169,  66,  80, 145,  19, 129, 252,   0, 124,  58,  88,  17, 156, 209,  46,  69, 170, 161,  64, 138, 169,  80,  48;
 199, 174, 164, 186, 168, 177,  58, 168, 175, 254,  17, 133, 204, 238, 123,  91, 199,  73, 255, 247, 166,  69, 170, 241, 140,  83,  79, 254, 156, 103,   5, 213;
 252, 113, 118, 227, 141,  77,  84,   5, 169, 114, 163,  25, 223, 157,  76,  91, 160, 215, 253,  67,  88, 229, 219, 144, 135, 249,  80,  55,  98,  31, 214,  82;
  77, 179, 174,  87, 160,  62,  45, 149, 106, 211,  15, 164, 220, 247, 219, 238,  39,  94, 249, 156, 145, 208, 189,  96,  79,  47, 127, 132, 142, 247, 171, 113;
  43, 160, 226,  80, 107, 217, 177,  75, 251, 117, 244, 185,   8, 140, 214, 189,  43, 139, 198, 149, 150, 123, 230, 209,  30,  89,  16, 239, 199, 132, 207, 230;
 207, 192, 238, 123, 165, 156, 121, 157, 255,  89,  87,  16, 217, 223, 254, 108,  55,  65,  63, 220, 150, 112,  62, 241,  79, 251, 215, 204, 150, 133, 240, 245;
 168, 160, 177,  95, 109, 109,  97, 137, 123,  31, 101,  24, 178, 117,  13,  62, 153,  26,  64,   8,  35, 100, 250,  51,  71, 252,  80,  58, 210,  72,  70, 170;
  88, 171, 144,  61, 136, 200,   4,  35, 182,  17, 234, 216, 135, 163,  64, 210,   1, 183, 236, 128,  90,  75, 195,  17, 156, 166, 118,  89,   0,   0, 175,   0;
 104, 235,  56, 122, 236, 141,  87, 255, 130,  61, 172,   9, 178, 243,  66,  16, 201, 242, 237,  64,  90, 107, 202,  53, 251, 197, 244, 121,  80, 152, 222, 170;
  51,  57,  99,  12,  19, 215, 155, 120,  33, 200, 216, 206,  56, 220,  61,  52, 252, 185,  85, 231, 203, 163, 180, 253, 177,  76, 139, 186, 103,   7,  54, 253;
 182, 173, 230, 158, 220, 131, 142, 237, 214, 128, 216,   2, 104, 232,  49,   1, 121, 235,  63, 227, 250, 235,  10, 255, 184,   6, 207, 152,  21, 123, 176, 136;
 135,  34,  38, 155, 100, 184, 168,   0, 172,  87,  91, 151, 140, 206, 223,  74, 231,  43, 251, 151, 150, 148, 239, 240, 132,  48, 218, 192, 132,  71,  49, 212;
  74, 187, 157, 182, 187, 164,  29, 151, 171, 157,   1, 173, 188, 255,  67,  90, 135, 115, 253, 148,  18,  72, 138, 225, 203, 211, 127, 174, 128,  96, 135,  91;
 212, 241, 159, 236,  10,  78,  71,  57, 160, 210, 131,  56, 247, 119,   8, 115,  34, 245, 125, 234, 105,  69, 187,   9, 241, 227, 101,  28,  40, 240, 135,  50;
 155, 223, 105,  75, 102,  93, 191, 252,  22, 110,  84, 254, 113,  93, 190,  33,  62,  26,  23, 239, 227,  60,  45,  63, 118,   9, 172, 164, 119, 158, 212, 249;
 184,  53,  95, 101,  18,  75,  99, 121,  36, 128, 126, 226,  83,  87, 168,  49,  62, 156,   4, 232, 105, 177,  37,  12, 113, 233,  33, 132,  97, 162, 102, 177;
  79, 122, 239,  36,  42, 118, 185, 214, 170, 254,  94, 229,  92, 254, 215,  58, 167, 117, 245, 157, 133, 213, 183,  72,  67, 127, 127, 134, 142, 245,  39, 255;
  79, 122, 227,  97,  98, 111, 187, 154, 170, 251,  94, 237, 221, 253, 209, 174, 183, 125, 245,  93, 129,  80, 175,  96,  78,  93, 109, 132, 206, 247,   3, 113;
  88, 121, 147, 103,  35, 110, 117,  20,  41, 194, 106,   8, 190,  23,   1, 126,  34, 254,  76,  72,  65, 144, 177,  40, 225, 248,  20,   2,  98, 114,   7,  59;
 141, 122,  18, 154,  32, 185, 179, 216, 190,  78, 117, 245, 191, 198, 171,  12, 222,  40, 206,  94, 167,  37,  42, 247, 196, 215,  58, 187,  94, 157,  15, 245;
  92, 119,  59, 100, 178, 139,  54, 176, 236, 168, 186, 104, 223, 253, 137, 112, 182, 245, 236,  99, 136, 177, 137,  46, 249, 229,  39, 214,  96,  43,   5,  51;
 134,  43, 107, 146, 238, 225, 189,  67, 152, 212,  81, 179, 172, 206, 119,  11, 174, 123, 147, 215,  82,  75, 138, 224,  44,  16, 206, 235, 133, 101, 183, 242;
 181,  93,  78, 174, 244,   6,  94, 249,  52, 202, 223, 231, 119, 111,  59,  81, 124, 236,  55, 231, 253, 150,  73,  46, 242, 167, 175, 128,  45, 242, 184,  83;
  93,  23,  30, 109,  27, 190,  19,  56, 228, 136, 239,  68, 223, 115,   1, 245,  52, 245, 236, 106, 137, 161,  27,  76, 241, 233,  35,   0, 106,  35,  43,  35;
  15, 171, 166, 187, 181, 185, 188, 199, 254,  31,  83, 149, 172, 136,  62,   8, 171,  43, 207,  23, 182, 249,  15, 224, 166,  87,  58, 195, 196,  93, 249, 207;
  65, 241, 220, 109, 248,  94, 100, 191, 107, 120,  38,  76, 215,  50, 138, 123, 147,   4, 108,  40, 119,  64, 211,  29, 174, 251, 117, 116,  40, 176, 203,  29;
 138, 144,  50, 250, 113, 188, 120,  87, 191,  25, 117,  16, 174, 159,  44, 124, 165,  59, 151,  16, 178,  44,  50, 247, 195, 253,  18,  74, 210, 129, 227, 131;
 183,  69,  98, 138, 220,  27, 198, 200,  85,  64, 189,  14,  75,  72, 191, 165, 120, 192,  94, 239, 253,  35, 108, 170, 178,  72, 132, 188, 127, 255, 250,  68;
  76, 176, 155, 225, 224, 232, 113,  22, 169, 153, 111,  96, 159, 215,  72, 120, 135,  57,  69,  16,  18, 144, 192,  64, 207, 221,  54, 203, 130, 130,   7,  35;
 248, 145,  60, 172, 172,  79,  85, 127, 132,  28, 164,  57, 183,  87,  34,  83, 192, 145, 109,  32, 104,  75,  83,  29, 209, 227, 112,  25,  16,   8, 132, 123;
 237,  53, 233, 101, 180,  63, 221, 159,  92, 236, 246, 252, 159,  60, 151, 179, 158, 223, 223, 125, 173, 250, 229, 138, 238, 249,  45, 180, 204, 253, 223, 125;
 103, 227, 200,  18, 252,  57,  68, 207, 251, 183, 168,  29,   2, 232, 222, 158, 139, 206,  66,  28,  30, 110, 206,  98,  62,  28,  21,  63, 201, 212, 202, 132;
 237, 116, 157, 101,   5, 111, 103,  26, 121, 234,  39,  28, 214,  49,  65,  59, 145,  68, 120,  58,  33, 244, 241,  10, 239, 219,  69,  54, 200, 113,  82,  50;
  25,  25,  59, 172,  10, 199,  87, 113, 164, 196, 237,   9,  55, 215,  35,  48, 252, 185,  93, 227,  72, 139,  50,  28, 241, 225,  99,   8,  96,  34,  39, 122;
 165,  70, 134, 155, 204,  35, 172,  89, 158, 146, 209,  82, 213, 194, 249, 207, 121, 172,  58, 187, 113, 247, 203, 194,  28,   0, 239, 236, 157, 107, 185, 128;
 118,  99, 233,  66, 220,  73, 194, 205, 235, 236, 185,  73,  98, 200, 221,  48, 184, 139,  71,  92,  79,  35, 238,  80,  63,  28,  37, 191,  81,  26,  86, 206;
  27,  21,  71, 133, 195,  54, 104,  51,  45, 195,  91, 215, 205, 103, 144, 213,  54, 167, 159, 172, 185, 144,  85, 204, 150, 126, 202, 128, 174, 230,  41, 117;
 116,  55, 152,  97, 186, 110,  81,  23,  43, 173,  46,  56, 151,  55,  67, 122, 167,  22, 236,  16,  24,  88, 241,   2, 207, 213,  53, 119, 224, 193, 142, 115;
  41,  33, 121,  69,  85,  79,  71,  56, 113, 236, 238,   8, 211,  53,  20,  48,  88, 220,  64, 106,  73, 178, 249,  14, 111, 157,   5,  52,  67, 170,  70, 226;
  30, 155, 242,  70, 210, 210, 191, 244,  37, 197, 126, 162, 105, 231, 166, 244,  54, 255, 167, 226, 144, 155, 174, 237, 122,  37,  39, 203, 231, 183, 167, 229;
  22,  34, 172,  55, 232,  57, 120, 216,  19, 191,  85, 157,  77, 237, 219,  10, 151,  79, 245,  29, 148,  86, 175, 128, 206, 211, 125, 173, 230, 255,  30, 212;
  90,  56,  58, 126,  51, 244,  25, 114, 172,  72,  92,  96, 188, 151, 161, 240, 166,  57, 221,   1, 131, 137,  50, 223, 211, 245,  42, 138,  26, 166,  47,  59;
 169, 142, 121, 117, 100,  46, 101,  50, 113,  46, 118,  72, 115,  51, 128,  49,  63, 174,  36,  42, 232, 248, 101,  31,  70, 171, 112,   0,  97, 224,  66, 169;
 118, 162, 160,  58, 203, 225, 148, 203, 147, 183, 161, 185,  34, 221,  77,  26, 137, 251, 193,  17,  30, 103, 202, 177, 155,  84,  29,  63, 209, 125, 150, 199;
 152,  72,  94, 254,  66, 192,  53, 102, 173,   7, 118, 179,  45, 159,  34,  83, 166, 185, 231, 192,  96, 157,   2, 127, 243, 227, 122, 195,  32,  17, 167, 203;
 225, 109,  17, 119, 145, 110, 103, 167, 112, 170, 107,  24, 210,  49,   1,  57, 145,  86,  80,  42, 121, 252, 249,  46, 101, 158,  85,   0,  64, 113, 194,  42;
 128, 235,  90,  83, 112, 136, 103,  53,  53, 140, 118, 224, 179, 195, 128,  20,  50,  44,   6,  90,  80, 220, 225, 111, 100, 172,  36, 192,  99, 128, 198, 169;
 197, 243,  23,  69,  16,  14, 102, 176, 125, 160,  99,  76, 199,   3, 136, 245,  48, 100, 104, 106, 224, 240, 153,  12, 172, 162,  37,  20,  74, 178,  66,  33;
 125,  96, 144,  66, 141,  93,  71, 136, 225, 186, 165,   8,  74,  81,  79, 191,  25, 196, 204, 106,  73, 103, 250,   0, 243, 217,  69,  61,  66, 179,  74,  36;
  69,  95, 255,  71, 170,  30, 127,  53, 236, 202, 126, 228, 245, 119, 147,  98,  38, 118, 126, 238, 193, 209,  39, 104, 102,  43, 103, 128, 108, 242, 197, 121;
 124, 127, 188, 101,  12,  47, 215, 186,  66, 174, 186,  41,  83, 109,  65,   2, 189, 212, 108,  98,  72, 227, 201,  58, 241, 199,  37,  61,  97, 123,  68,  11;
  80,  62,  40, 155, 149, 173,  51,  83,  52,  15, 207,  31, 166, 179,   2,  92, 109, 186, 207, 152,  58, 158, 209,  39, 213, 167, 178,  83, 138,  73, 182, 251;
 109,  89, 172, 173, 140,  46,  79, 186,  55, 234, 206,  12, 215,  55,  19, 122, 221, 196, 121, 239, 137, 216, 249,  60, 205, 191, 207,  20, 136, 241,  80, 120;
 228, 117, 153, 101, 168,  79,  71,  28,  96, 172, 174,   8, 146,  17, 193,  50, 144,  68,  68, 122, 105, 116, 249,  10, 237, 152,  37,  52, 192, 114,  70,  34;
 220, 236, 191, 244,  29, 206,  83, 168, 163, 188, 134,   8, 255, 215,  73,  83, 177, 245, 125, 123, 104, 197, 187, 174, 249, 241,  69,  61,  34,  51,   4,  98;
   1,  61, 249,  69,  48,  30, 110, 152, 121, 233,  62,  68, 217,  55, 157, 180,  54,  84,  84, 236, 169, 144, 117,  78,  39, 252, 166, 132, 238, 243,  67,  61;
 126, 115, 184, 232, 235,  23, 159, 218,   3, 189, 188,  47,  74,  61,  79,  27, 221, 213, 255, 243, 152,  99, 203, 160, 251, 243, 237, 255, 243, 125, 174,  83;
 233, 176, 169,  51, 205, 109, 216, 216, 171, 125, 161,  29, 158, 173,  90,  26, 141, 131, 251,  21, 158, 107, 251, 113, 223, 217,  81, 124, 194,  69,  86, 211;
 186, 238,  10,  18, 205, 157, 148, 230, 223,  55, 164,  31,  42, 136, 110, 141, 233, 203, 202,  87, 126, 127,  26, 247,  59,  87,  84, 123,  75,  92, 234, 142;
  22,  98, 232,  39, 196,  46, 127, 216,  50, 181,  77, 137,  71, 237,  91,  26, 181,  77, 113,  31, 132, 210, 171,   0, 207, 207, 109, 173, 229, 243, 214, 192;
  37, 231,  81,  79, 116,  75, 199, 252,  73, 168, 249, 108, 194,  17, 140, 180,  88,  76,  70, 106, 201, 178, 105,  31,  52, 188, 165, 182,  90, 186,  82, 165;
  88, 190, 190, 252, 171, 188,  93, 119, 185,  15, 252,  25,  46, 191,  66,  18, 167, 151, 237,   0,  26, 203, 147, 231, 251, 247,  86,  75, 226,  64, 167,  75;
 200, 240, 189, 115, 201, 109,  53, 159, 107,  63,  37,  24, 188,  55,  76,  59, 129,  87, 125,  24, 114, 124, 187, 113, 207, 219, 117, 118, 194,  80, 135, 107;
  77, 121, 159,  69, 242, 219, 182, 230, 236, 232, 126, 104, 222, 240, 129, 178, 186, 116, 230, 113, 197, 177, 165,  76,  60, 167,  39,   1, 203, 114,  75, 165;
 237, 247, 113,  79, 237,  95,  71, 184, 113, 236, 181,  44,  67, 120, 159, 181, 152, 196, 228, 106, 237, 242, 249,  46, 111, 251, 101,  55,  75, 191,  94, 245;
 193,  56, 153,  61,  96,  12,  97, 158, 122, 226,  96,  92, 183,  17,  67,  57, 145,  12, 100,  12, 167, 124, 215,   3, 204, 174, 113,  40, 200, 160,  67, 152;
 137,  49, 106,  70, 114,  31, 111,  56, 120,  68, 103,  13, 121,  89, 158,  52,  54, 170,  81, 239, 225, 180,  61, 111, 103,  77,  32, 128, 111, 167,  82, 114;
 111,  22, 103,  89, 178, 251,  25,  51, 189,  73, 255, 253, 203, 126, 158, 253, 215, 179, 223,  37, 189, 144, 100, 159, 134, 127, 120, 210, 158, 204, 132, 117;
   5, 230, 158, 147, 230,  42, 236, 216,  12, 179,  91,  86, 213, 226, 248,  75, 123,  76,  58, 190, 148, 240, 207, 128,  12, 130, 255, 196, 173, 251, 249, 128;
  57, 113, 107, 172, 118, 151,  90, 120,   1,  72, 249, 110, 123, 220, 185, 176, 254, 185, 151, 231, 205, 179,  60, 157, 243, 205, 169, 140, 127, 191, 122, 209;
  41, 177, 113,  65,  53, 157, 226, 144, 109, 105,  55,  72, 155,  24, 156, 180, 154, 128,  78, 124, 159,  56, 117,  53,  14, 221,   0, 118,  90, 139,  74,  36;
 244, 180, 185, 242, 203,  76,  21,  43, 179, 251, 165,  25, 214, 223,  72,  59, 145, 157, 253, 176, 123,  71, 250,   2, 219, 131,  93, 127, 160,  64, 135, 114;
  41,  31, 117, 119,  96,  46, 109,  51, 113,  42, 123,  76, 243,  33, 128,  49,  20, 174,   4,  12, 225, 184,  81,  13,  69, 255, 112,   0, 106, 224, 194, 169;
 143, 248, 250,  90, 109, 148, 121, 216, 255,  90,  86,  17, 157, 223, 255, 108, 167,  41, 191, 223, 199,  93, 186, 211,  79, 249,  55, 238,  22, 148,  97, 245;
 169,  61,  49,  69,  93,  79, 199,  56, 113, 232, 236,   8, 210,  53,   4,  52, 152, 124,  82, 106, 105, 250, 249,  30,  47, 156,   5,  52,  75,  42,  82, 160;
 199, 249, 147,  17, 169, 220, 188, 199, 171, 243,  32,  89, 156, 158,  69, 190, 167,  95, 249, 215, 199,  77, 154, 240, 141,  88,  31, 126, 202, 116, 131, 215;
 203, 219,  14, 190, 233, 148,  44, 253, 173,  92, 134,  93, 236, 226, 210, 247, 164, 231, 252, 207, 252,  79, 190, 117, 152, 115, 222, 235,  10,  36, 187,  93;
  61,  77, 103, 236,  20, 147,  79, 248, 197, 192, 222,  66, 123, 233, 177, 225, 120, 228,  29, 239, 233, 163,  45, 189, 242, 233, 163, 144,  55, 191, 112,  96;
  31,  58, 227, 101, 114,  54, 185,  82,  43, 232,  94, 228,  61, 189, 209, 174, 166, 125, 245, 221, 129, 208, 177, 200,  79,  89,  41, 162, 198, 245,  39, 249;
 160, 128, 126,  91, 117, 253, 248,   0, 253,  29, 119,  16, 174, 137,  60,  57, 203, 139,  71,  24,  50, 188,  34, 245,  71, 251,  80,  67, 210, 137, 198, 130;
 123, 151, 255,  45, 169,  94,  84, 119, 229,  75, 254, 245, 203,  62, 142, 242, 252, 151, 253, 161, 221, 187, 113, 135, 178, 255, 112, 195, 235, 172, 238,  95;
 135, 248, 145,  49, 185, 221, 144, 206, 175, 123,  16,  93, 174, 220,  77, 140, 135,  25, 251,  85, 199, 101,  26, 243, 173, 208,  29, 126, 218,  28, 139, 159;
  82, 204, 213, 245, 164,  46, 124, 183,  49, 186, 154, 224, 159,  39, 129,  91, 103, 215, 125, 168, 105, 216, 193, 228, 228, 250, 247, 132,  44, 240, 129,  41;
 162, 235,  83,  81, 226, 155, 167, 119, 125,   2, 114, 226,  40, 132, 148, 180,  62,  58,   2,  74, 227, 252,  36, 239,  38,  30,  22, 130,  71, 148, 199, 173;
 182, 231,  68, 139, 221, 153, 206, 239,  79,  54, 153, 255, 161, 200, 222, 132,  89, 138, 206, 151,  94,  42,  79, 243, 190,  80, 143, 253, 119, 222, 216, 132;
 142, 203, 174, 187, 189, 153, 250, 132, 190,  93, 210, 181, 239, 232,  58,   9, 203,  99, 239,  87, 190, 237,  11, 241, 200,  87,  62, 211, 212,  29, 189,  79;
 238, 165, 147, 152, 217,  80,  70, 207, 147,  17, 136,  24, 142, 242, 104, 215, 201, 194, 234,  16, 123,  75, 218, 162, 185, 244, 215, 127, 146, 124, 168,  38;
  74, 251, 210,  48, 251, 216,  61, 166, 171, 117,  34, 169, 143, 158, 198,  18, 135, 119, 237,  80,  86,  89, 174, 113, 174, 209,  93, 255, 130, 149, 143,  95;
 176, 150,  62, 119,   0, 143, 119, 182, 116,  46, 254,  56, 243,  55,   8, 112,  61, 254, 108,  10, 248, 190,  97,  63, 229, 231, 112, 145,  97, 112,  70,  43;
  22,  27, 206, 190, 162, 162,  58, 224, 188,  20, 211, 231, 109, 234, 171, 217, 246, 233, 135, 231,  20, 211,  12, 237, 144,  99, 235, 131, 173, 231,  41,  17;
 197, 107,  22,  85,  32, 158, 102,  48, 253, 170,  99,  92, 194,  64, 133, 183,  32, 108, 104, 110, 225, 244, 153,  14,  36, 186,  97,  16,  74, 177,  74,   4;
 164,  54,  88,  48, 238, 107,  80, 202,  91, 191, 177,  57,   6,  25,  71,  25, 139, 145, 198,  50,  60, 103,  72, 150,  26, 211,  81, 119, 208,  89,  78, 195;
  56,  73,  55, 174,  41, 195,  87, 112, 165, 204, 229,  33, 255, 215,  32, 113,  72, 189, 221, 234,  72, 131,  96,  12, 243, 225, 106, 145,  34, 178,  38,  99;
 118, 183, 233, 230, 190,  45, 222, 152,  27, 249, 185, 239, 223, 108, 221,  50, 191, 215, 125, 247, 190,  97, 205, 243, 186, 220, 173, 190, 253, 255, 211,  87;
  93, 119,  26,  36,  50,  14,  63,  57, 172, 232, 126, 229, 223, 215, 131, 212, 182, 117, 236, 238, 201, 145, 177,  76, 240, 245,  47, 132,  74, 182, 169, 113;
 109, 237,  24, 101, 109,  31, 230, 184, 104, 170,  60,  76, 223,  81,  25, 165, 152,  68,  94, 106, 201,  48, 217,  61, 229, 221,  37,  60,  74, 251,  91, 161;
  92,  50, 186, 118, 168, 104,  81,  26, 163, 191, 172,  57,  55, 231,  73,  26,   7, 214, 109,  24,  26,  99, 226,  32, 217, 231, 117,  57, 224, 241,   6, 107;
 153, 220, 104,  95,  38,  95, 255, 249,  84, 110,  85, 182, 121,  93, 191,  33,  63,  24, 151, 239, 233, 116, 125,  63, 118,  75, 249, 164, 119, 188,  84, 249;
 109,  75, 174,  52, 203,  52, 127, 208, 226, 182, 102,  13,  69, 233,  83,  27, 161, 229, 123, 207, 196,  83, 190,  32,  87, 107,  69,  13, 225, 247, 107,  66;
  89, 239, 198,  21,  48,  26, 100, 183, 241, 169,  74,  69, 227,  98, 146, 214,  33, 102, 108,  12, 141, 217, 135,  13, 172,  46, 245, 128,  42, 244, 218,  12;
 240,  78,  76, 103,  34,  10, 111,  48,  48, 166, 247, 237, 115,   7, 131,  19,  62, 244,  77, 238, 232, 148,  69,  46, 246, 235,  96, 128, 109, 179,  70,  57;
  93,  93,  30,  78,  27, 190,  87,  48, 229, 140, 239,  68, 126, 115,   3, 116,  36, 228, 108, 110, 140, 161, 249, 125, 243, 253,   1,   0, 106, 179, 106,   1;
 203, 253, 254, 117, 176, 158, 253,  55, 253, 233, 118,  56, 191, 188, 150, 115, 134,  63, 127,  13, 229, 248, 228, 202, 239, 251, 118, 128,  70, 220, 195, 253;
 201, 125, 253, 101, 180, 159, 221, 183, 127, 234, 178, 232, 159,  61, 149,  43, 142, 255, 125,  29, 237, 248, 229, 142, 238, 251, 125, 180, 228, 248, 211, 121;
 142, 169, 107, 144, 239, 193, 189, 111, 152, 212,  81, 179, 172, 239, 118,  11, 122, 123, 147, 211,  80,  75, 170, 224, 121,   0, 207, 233, 133, 100, 183, 242;
 219, 233,  99, 172,  44, 151,  74, 248, 105, 104, 209, 204, 255, 206, 177, 240, 246, 173,  29, 239, 205,   7, 172, 159, 176, 249, 171, 188,  30, 183, 115, 117;
  13,  89, 247, 103, 225,  14, 126, 176,  41, 184, 115,  64,  95, 127,  17, 250, 182, 117, 117, 127, 193, 240, 153, 168, 205, 251, 101, 132, 234, 247,  67, 177;
  72, 113, 147,  71,   3,  76, 101,  21,  41,  72, 239,  72, 190,  55,   9, 246,  50, 214,  92,  74,  65, 144, 177, 105, 167, 249,   4,   2,  74, 242,   7,  59;
  61, 227,  24,  67,  45,  29,  71, 152,  71, 172, 189,  12, 235,  65, 219, 132,  88, 200, 108, 110,  78,  52, 235, 177, 230, 221,  37,  53,  98, 191,  90, 196;
  58, 175, 104, 170, 248, 193,  91, 207, 131,  13, 188, 169,  39, 207, 122,  16, 220, 171, 199, 213,  30,  11, 202, 183, 250, 213, 173, 249, 112, 134, 142, 202;
 124, 107, 104,  73,  60, 221,  91, 120, 109, 236, 183, 141, 155, 141, 215,  48,  92, 172, 206, 126, 204,  35, 229,  28, 243, 253,  33, 249, 102, 143,  86, 117;
  15,  50, 179, 152,  50, 255,  57,  90, 191,  79,  93, 245, 175, 199, 171, 108,  23,  40, 223,  28, 183, 133,  38, 217, 198, 223,  50, 138, 222, 205,  37, 245;
 212,  96, 159, 244,  42,  72,  69,  30, 162, 182, 163, 185, 247, 183,  65,  27,  39, 212, 109, 130, 104,  71, 227,   2, 209, 227, 117,  28,  32, 240,   6, 115;
   7, 168, 132, 147, 201, 133, 168, 136, 190,  83,  66, 135, 236, 234, 123,  74, 249, 139, 251, 149,  22,  80, 223, 209,  13,  18, 223, 111, 156, 100,  57, 214;
 229,  52, 213,  69, 112, 110, 102,  58, 112, 234,  99,  92, 211,  48, 129, 191,  17,  76,  68,  42,  33, 244, 249,  14,  44, 170, 101,  52, 104, 249,  66, 129;
   9,  72, 122, 126,  50, 156, 123,  80, 125,  76, 125,  32, 191, 147, 179, 244, 182,  57, 213,  12, 128, 152,  32, 239, 194, 253,  34, 137,  86, 134,  43, 105;
 200, 185, 158,  84,  65, 220,  52,  39, 249, 157, 102,  24, 172, 147,  36,  25, 160,  59, 226,   0,  96, 252, 178,  73, 103, 179,  86,   3,  66,   0, 143, 171;
  88, 184, 151, 246,  59, 200, 113,  55, 179,  81, 166,  56, 191, 151,  64, 114,  35, 191, 109,   0,  19,  73, 178, 101, 217, 160,  16,  90,  34,   0, 167, 123;
 173, 192, 126,  90,  85, 252,  97, 196, 255,  81, 231,  16,  90, 211,  46,  61, 201, 128,  82,  88,  59, 231,  58, 247,  19, 251,  80,  67, 203,  17, 234, 230;
  98,  58,  32, 145, 109, 189, 184,  86, 171,  93, 240, 111, 140, 156,  86, 138, 204, 185, 255,  21, 134,  62, 210, 208,  22,  88, 154, 251, 207,  12,  27, 223;
 158,  61, 227, 165, 135, 107, 191,  67, 159, 230, 219, 171,  79, 253, 115,  10,  63, 255, 243,  51,  60, 243, 188, 138, 217, 197,  79,  39, 231, 110,  55, 210;
 201,  52, 159, 101,  33,  46, 117,  55, 121, 202, 118, 124, 222,  51, 129,  59, 128,  84, 124,  40, 177, 248, 177,   8, 199, 251, 112,   2, 202, 112, 195,  59;
 168, 160, 181,  73, 101,  75,  97, 200, 107,  51,  36,  24, 146, 149,  76, 190, 129,  28,  96,  72,   3,  52, 242,  19,   7, 216,  81,  54,  66,  41,  70, 162;
 168, 120,  55,  84,  73, 223, 165, 246, 248, 234, 244,   8,  56,  23,   1, 191,  40, 244, 210, 202,  97, 255, 112, 126, 117,  75, 117, 144,  67,  48,  71, 251;
 158, 249, 230, 123, 219, 211, 190, 207, 151, 209, 178, 179,  41, 252, 101, 171, 239, 251, 251, 209, 191, 235,  95, 249, 127,  71,  95, 107, 253, 116, 165, 158;
 180, 140,  78, 223, 220,   3, 239, 248,  23,  50, 247,  18, 113, 105, 189,  79, 121, 230,  59, 170, 120, 231,  75, 191, 118,  42, 239, 148,  53, 249, 240, 160;
 131, 176, 237, 219, 238, 189, 169, 157, 126,  91,  87, 244, 244, 118, 156, 111,  39,  27, 127, 157, 179, 220, 111, 113,  76,  58, 254, 196, 156, 192, 145, 253;
 101, 173,  61,  94,  93, 237, 211, 234, 219, 117, 172,   9, 114, 249,  22,  53, 137, 106, 123,  78,  34,  43, 250,  63, 127, 156,   1, 123,  80,  75,  82, 226;
 167, 183, 203, 187, 226, 233, 126, 219,  58, 203, 121, 255, 113, 255, 239,  56, 127, 251,  23, 150, 183, 210, 222,  98, 126,  46, 190, 232, 173, 242, 242, 209;
  54, 247, 123, 238, 124,  69, 159, 249,  19, 106, 185, 235, 118, 255,  45,  16, 223, 211, 151, 227, 235,  35,   8, 191, 243, 215, 173, 190,  29, 122,  54, 251;
 237,  52, 159, 101, 165, 111, 101,  19, 121, 234,  54, 124, 150,  49, 193,  59, 128,  68, 124,  46, 161, 244, 241,  10, 199, 219, 101,  50, 200, 113,  66,  35;
  83,   0, 231, 221,  44,  50, 169,  24, 175, 213, 159, 199, 253, 110, 157, 110, 103, 245, 127, 141, 137, 193, 239, 192, 156, 250, 219, 148, 135, 230,  37, 117;
  71, 247, 199, 133, 226,   2, 175, 255,  63, 226,  90, 230,  92, 166, 223, 246,  55, 205, 127, 173, 229, 209, 165, 206,  60,  62, 239, 198, 173, 244, 163, 245;
 251, 110,  65, 163,  48, 155,  74, 178,  59, 224,  26, 237, 175,  14, 209, 212, 150, 141, 221, 231, 237,  30, 205, 191, 180, 244, 169, 176,  44, 135,  26,  93;
  45, 215, 107,  79, 246,  35, 239, 255,  84, 226, 125, 230,  81, 101, 187,  36, 127, 236,  23, 174, 225, 178, 109,  78, 108,  15, 167, 132, 239, 250, 242, 249;
  65, 157,  31, 239, 180, 142, 111, 183,  52,   9,  90,  64, 215, 115, 136,  96,  84,  86,  61, 104, 121, 152, 121,  63, 237, 175,  38,  64,  24, 194, 129,  33;
 223, 245, 254,  71, 162,  26, 127, 189, 125, 226, 215, 176, 223, 114, 143, 119,  54, 215, 124, 234, 249, 213, 173, 206, 250, 251, 111, 134,  46, 246, 171,  45;
 122, 252,  45, 191,  25, 203, 158, 238, 134, 117, 138, 139, 247, 253,   8,   0, 205, 213, 253, 193,  10,  75, 219, 189, 249, 215, 223, 125, 180,  26, 149, 122;
 112, 104,  23, 244,  57, 200,  83,  56, 163, 136, 167,  40, 102, 211,  65,  87, 160, 244, 109, 106, 104,  71, 138,  93, 187, 242,   5,  59,  34, 179, 102,  35;
 147, 175, 106,  86, 214, 147, 175, 245,  84, 198,  95, 134, 113, 239, 190,  33, 126, 106,  19, 239, 225, 154,  44, 127, 126,  13, 175, 128,  45, 242, 241, 248;
 105,  33, 165, 239, 221,  14,  77, 188,  39, 240, 238,  12, 250,  55,  81, 118, 216, 198, 121, 220, 137,  90, 249, 184, 255, 250, 213,  52, 154, 126,  82, 120;
 221, 204, 158,  86, 137,  62,  84, 167, 249, 147, 167,  24, 206, 242,  14, 251, 161, 118, 232,   2, 124,  77, 155,  98, 171, 251,  84,  83, 194, 117, 203,  14;
 154, 224, 110, 231,  79, 216, 249, 109, 161, 212,  85, 179, 137, 205, 126,  39, 106, 188, 251, 131,  68, 247, 182, 193,  87,  81, 219, 171, 103, 140, 119, 254;
  54, 252, 227, 102,  85,  11, 210, 232,  83, 224, 241, 111,  66, 217,  92,  16, 217, 200,  85, 115, 190, 115, 216,  46, 122, 220, 133, 126, 109, 171,  82, 151;
 189, 205,  79, 237,  25, 118,  78, 184, 149, 194, 234,   0,  89, 239,  41, 225,  89, 244, 250, 234, 109, 165,  91, 191, 107, 239, 199,  21, 123, 251, 104,  16;
  90, 158, 110, 167,  38,  26, 190,  49,  44, 230, 223, 167, 251,  44, 178,  66, 118, 245, 253, 167, 204, 189, 109, 174, 218, 103, 254, 145,  37, 238, 181,  91;
 202, 219, 189, 253, 168, 204,  29, 183, 175, 253,  94, 237, 191, 183, 195,  82, 134, 119, 253,   0, 209,  88, 243, 187, 239, 255, 124, 147, 146, 244, 135, 123;
  66, 201,  32, 142,  60, 129, 138, 104, 206,   0, 208,   2, 232, 202,  57,  64,  72, 169, 127, 195, 202,   3,  75, 253, 148,  48, 138, 184,  20,  11,  48,   8;
  87,  91, 206, 190,  18,  18,  62, 248,  52, 192, 211, 231,  77, 234, 187, 217, 118, 229, 223, 231, 149, 211,  12, 236, 176, 103, 239, 196, 173, 183, 169,  21;
 194, 149,  62, 221, 244, 204, 189,  39, 189,  75, 118,  16, 188, 191,  36, 113, 167,  59, 127,   0, 242, 205, 178, 199, 103, 255,  94, 202,   0, 128, 163, 219;
 205, 182, 189,  97, 160, 110, 117, 157, 122, 251,  55, 120, 222, 119, 204,  59, 181,  84, 124,  58, 179, 116, 169,  66,  79, 219, 117, 228, 192, 211, 199,  97;
 200, 253,  53, 117, 169,  79,  85,  55, 229, 190, 182,  56, 182,  21, 192,  51, 128, 180, 108, 105, 120, 109, 227,  12, 225, 219, 101,  52,  64,   8, 134, 107;
 195, 119,  40,  12,  40,  63, 173,  56, 232, 234, 156,  76, 148, 132, 147, 119, 148,  36,  92, 111, 229,   5, 244,  92, 229,  56,  42, 184,   8,  49,  27,  53;
 140, 240, 145, 187, 153, 205, 165, 205, 158, 119,  97,  85, 140, 198, 105, 137, 145,  11, 130,  16, 119, 100,  90,  19, 173, 128,  21,  60, 216,  88, 133, 248;
 212,  79, 174, 174,  20,   6,  79, 248,  52, 142, 199,  23, 115, 227,  59,  65, 120, 228,  61, 239, 232, 231,  25,  46, 243, 239, 239,  16,  33, 251, 116,  98;
  67, 252,  63, 116,  52, 140, 189,  55, 253,  75, 126,  32, 190, 190,  22,  96, 134,  63, 127,   1, 226, 253,  50, 239, 239, 255, 126, 130,  64,  80, 131, 123;
 254,  18,  58, 236,  33,  66,  83,  80, 165,  12, 199,  33,  79, 215,  41,  84, 254, 177, 237, 226,  72, 135,   0, 136, 211, 241, 138, 131,  34, 163,  36,  35;
  79,  19, 103,  88, 186, 191, 121,  27, 173,  77, 247, 245, 207, 254, 182, 252, 214,  49, 255,  53, 191, 137,  39, 220, 138, 127,  58, 214, 150, 140, 133, 117;
  21,  35, 198, 163, 174,  43, 239, 200, 102, 183,  91,  70, 193, 226, 249,  74, 123,  76,  46, 254,  20, 240, 207, 160, 156, 140, 231,  68, 172, 251, 241, 128;
  87, 230, 232, 230, 182,  11, 238, 152,  59, 184, 147, 235, 223, 106, 221,  19, 191, 221,  93, 255, 136, 115, 205, 200, 248, 156, 175, 180, 237, 179,  91,   1;
  53,  77, 106, 206, 118, 135, 239, 248,  68,  72, 125, 199, 113, 201, 187,  32, 126, 168,  23, 238, 193, 178,  44, 125, 114, 141, 161, 168, 127, 187, 122, 241;
 170, 124, 162,  22,  67, 253, 180,  71, 185, 230, 174,   9,  42, 156, 103, 156, 168, 187, 195,  17, 100, 255, 176, 234,  51,  85,  21,  59, 195,  92,  94, 222;
 124, 137, 168, 236, 157,  77,  87, 153,   3, 109, 172,   9, 211, 237,  83,  16, 152, 196, 253, 125,  26,  43, 251,  49, 235, 221,   5,  61, 242, 191, 214,  66;
 202, 121, 147, 213, 161, 140,  93, 183,  59, 170, 114,  88, 190, 183,  65, 255, 135, 127,  53,  12, 227, 220, 146, 235, 175, 250,  84, 162,  10, 144, 131,  57;
 102, 168, 130, 138,  73, 133, 154, 200, 143, 149, 129,  13, 172, 206, 111,  82, 232, 153, 235, 213,  10,   3, 154, 209, 153,  16, 143, 127,  16,   6,  46, 218;
  88, 249, 191, 126,  59, 204,  55, 199, 238,  25, 164,  32, 190, 247,  41, 122, 163, 115, 236,  64,  66,  75, 170, 117, 241, 247,  62,  59,  64,  17, 167,  43;
 215,  44, 143, 183, 170, 108,  45, 146, 188, 250, 147, 212, 221, 182, 209, 127, 167, 197, 124, 159, 165,  84, 175,  98, 148, 178, 251, 132, 168, 117,  35, 117;
   3, 238, 115,  95, 114, 155, 174, 246, 124,   6, 126, 198,  40,  64, 148, 164,  62, 106,   2, 206, 227, 188,  37, 127,  36,  14,  22,   0, 111, 144, 227, 188;
 182, 174,  64, 155, 157, 185, 134, 239,  31,  50, 153, 251, 195, 104,  94, 129,  89, 202, 203, 167, 126,  47,  79, 247, 188,  86, 159, 127,  53,  94, 216, 134;
 104, 122,  82,  78, 107, 136,  83,   0, 171, 136, 177, 104, 110, 211, 197, 208, 146, 245, 236,  66,  72,   7, 202, 127, 147, 245,  33, 187,   2, 178,  70,  43;
 108, 174, 152, 124,  45,  61,  83, 154,  83, 191, 188,  56,  22, 241, 203,  27, 145,  94, 236,  26,  42, 103, 235,  51, 219, 221, 117, 189, 210, 249,  76,  35;
 223,  94, 175, 213,  44, 118, 105, 146, 252, 222, 214, 112, 217,  54, 147, 111, 103, 228, 125, 207, 169, 212, 231, 226, 197,  43, 255, 128, 132, 241,  53, 101;
  12, 178, 236, 243, 205, 117, 185, 154,  22, 247, 141, 151, 217, 111,  91,  74,  93,  94, 235, 151, 146,  80, 251, 241,  79, 199, 223, 117, 151, 223, 212, 210;
  54, 132, 237, 223,  12,  47, 233,  56, 132, 178, 243,  18, 209, 105,  60,  75, 105, 196, 123, 171,  40, 245, 123, 221, 221,  58, 219,  20, 181, 235, 112, 160;
 116, 246, 105,  65, 141,  95,  71, 248,  81, 238, 188, 172, 195,  36, 219,  52,  89, 204, 196, 106, 237,  54, 253,  30, 255, 215,  37, 119,  99, 190, 214, 119;
  89, 180, 157, 166,  60, 204,  90,  61, 171, 248, 175,  13, 159, 215,  72, 114, 133, 199, 125,  44,  31,  67, 248,  15, 251, 253,  39, 120,   8, 130, 195,  91;
 124,  59, 187, 112, 248, 237,  81, 215, 178, 189, 172,  57,  23, 167,  65,  26,   7, 222, 109,  24,  26, 107, 162,  34, 219, 197,  53, 125, 224, 193, 134,  99;
 186, 196, 108, 127,  39,  83, 254, 252,  85, 114, 119, 155, 123, 125,  63,  41,  63, 216, 151, 175, 232, 244,  61, 191, 115, 207, 209,  37, 119, 253,  84, 194;
  42, 175, 105, 234, 240, 225,  95, 223,  19, 109, 124, 169,  35, 239, 250,  16,  95, 187, 135, 176,  26,  26, 104,  63, 255, 213, 173, 253, 180, 202, 214, 251;
  41, 239,  81, 101, 117,  91, 199, 190, 113, 230, 118,  12, 203,  33, 147, 149,  89, 196,  68, 104, 105, 254, 117, 158, 238, 223,  37, 101, 103, 184,  86, 232;
  36, 211, 125, 239, 126,   7,  91, 184,   7,  40, 121, 235,  83, 125, 153,  48, 222, 217,  55,  99, 136, 178,  75,  29, 206, 205, 161, 188, 117, 171,  86, 243;
  41,  17, 149, 103, 240,  14, 108,  53,  97,  73, 111,  68, 243, 115,   8, 182,  12,  38,   2,  12, 145, 184, 113,  13,  39, 255, 112,   0, 202, 226, 194, 177;
 242,  73,  96, 174,  12, 129, 202, 104,  79,  32, 145,  10, 167, 200,  49,  64,  90, 169,  31, 227, 202,  39,  72, 159, 176, 212, 139, 184,  53,  11,  48,   8;
 213, 127, 126,  78, 219, 158,  87, 184, 233, 140, 239,  76, 126, 115,  15,  17, 180, 230, 108, 110, 228,  35, 184, 127, 115, 249,   1,  24, 104, 243,  98,  67;
  57, 125,  97, 108,  85, 219,  71, 120,  65, 228, 252, 238,  59,  77, 151, 180,  92, 168, 151, 110, 201, 178, 116, 159, 119, 205, 161, 184, 119, 190,  86, 248;
 100, 107, 171, 102, 204,  68, 239, 208, 162, 172,  72,   9, 241, 237,  83,  18,   0, 108,  97, 207,  64,  83, 234,  32,  95, 237, 229, 168, 224, 115, 118, 226;
 195, 201, 147, 245, 164, 140, 109, 183, 185, 171,   2,  80, 188, 179,  17, 127, 165, 119, 127, 140,  97, 217, 146, 235, 165, 190, 222, 128, 136, 240, 129,  41;
 107, 214, 234,  44,  49,  92,  80,  55, 169,  73, 254, 237, 174, 188, 142, 242, 222, 151, 253,   5, 223, 187, 225, 199, 250, 253,  56, 211,  78, 142, 238,  95;
 205,  68, 207,  39,  32,  46, 110,  16,  32, 202, 119, 205, 255,  99,  27,  27,  22, 229, 125, 238, 161, 212, 209, 104, 198, 251, 224, 128,  40, 243,  10,  80;
 132,  64, 127, 122, 237, 253, 120, 200, 239,  21,  33,  16, 142, 219, 125,  89, 171,   9,  66,  90,  18, 101,  26, 241,  71, 217,  82,  77, 208, 153, 231, 130;
 242, 143,  69, 154, 217, 192,  25, 174, 185,  85, 164, 157, 111,  70,  14, 215,  69, 163, 237, 180, 126,  79, 238, 255, 187, 114, 204, 219, 146, 132, 166,  92;
 109, 189, 124,  69, 119,  95,  83, 184,  97, 228, 126, 140,  91, 109, 151, 180,  30, 196, 244, 110, 205, 176, 125,  60, 111, 239,  37,  20, 111, 191,  78, 244;
 143, 248,  58, 122,  45, 247, 120,  80, 255, 234,  87,  17, 189, 223, 119, 104, 247,  45,  63, 157, 166, 245, 186, 211,  67, 127,  51, 173,  22, 132,  97, 223;
  90, 251,  58,  50, 107, 201,  61, 197, 171, 124,  60, 169, 175, 206, 195,  18, 167,  59, 197,  85, 198,   9, 170, 113, 249, 213,  45, 255,  80,  22,   7, 255;
  79,  95,  69,   7, 114,  26,  46, 176,  61, 236,  94, 228, 237,   6, 135, 213,  54, 101, 252, 110, 229, 144, 109, 108,  36,  34,  43, 128,  46, 183,  11, 117;
 208, 189,  62, 116, 184, 202,  49, 103, 172, 188, 182,  48, 182, 183, 132, 115, 130,  55,  77, 112, 120, 201, 160,  15, 233, 225,  32, 211,  64,   0, 135, 107;
 156, 235, 172, 187, 172, 217, 217, 141, 142,  85, 144, 129, 239, 205,  91,  75, 192, 195, 237,  85,  94, 109, 107, 177, 202, 209, 110, 221,  84, 142, 157,  90;
 108, 116,  83, 103,  75,  77, 115, 252,  51, 226, 241, 104,  91, 215,  77, 176, 126, 221, 214, 234,  73, 118, 218,  98, 127, 141,  39,  46, 107, 179,  98, 187;
 245, 118, 251,  68,  98,  14,  71,  56, 112, 162,  39, 124,  83,  99, 201,  51,  54, 244, 108, 106, 233, 246, 189,  10, 112, 175, 101,   4, 105, 243,  66,  33;
 185,  75,  74, 174, 100, 131, 110, 120,  53, 192, 117, 199, 123, 203, 179, 209, 126, 168,  23, 238, 205, 150,  12,  61, 242, 233, 161, 128,  63, 179, 122, 145;
 131, 232, 147,  18, 139, 197, 189, 197, 191, 242, 128,  24, 156, 222,  69,  46, 167, 121, 123, 145,  67,  77, 186, 242, 185,  28,  31,  62, 192,  80, 135, 175;
  90, 167, 150, 250, 249, 172,  93, 119, 171,  29, 236,  25,  46, 175,  66,  18, 167, 159, 237,   4,  26,  75, 146, 197, 219, 247,  18,  75, 130,  68, 167,  91;
 162, 181, 188, 220,  77,   9, 148, 107, 218,  51, 177,  26,  32, 248,  92,  11, 201,  26,  67,   1, 114, 111, 218, 147,  29,   2, 221, 127,  85,  40, 214, 138;
 163,  87,  11,  44, 160,  46,  79, 118,  41, 106, 250, 221, 151,  38, 131,  57, 212,   5,  84, 103, 237, 149,  80,  14, 160, 246, 122, 146,   8, 113, 131,  93;
  69, 116, 215,  85,  98, 106, 100,  56, 112, 250,  99, 104,  82, 114, 141, 191,  51,  68, 108,  42, 225, 244, 173,  76,   4, 170, 113,   4,  72, 241,  67,  37;
 233, 112,  19,  80,  65, 221, 112,   0, 233, 240,  38,   8, 158, 151,  69, 191, 160,  52,  96,  88,  33, 117, 178,  16,  15, 217,  65, 122,  66,  32,  71, 174;
  91,  95,  35, 174,  49, 214, 127,  49,  45, 204,  95, 228, 221, 215, 147, 244,  54, 125, 253, 238, 205, 144, 173, 204, 242, 253, 175, 136,  46, 166,  47, 117;
 201,  49, 153,  71,  65,  92, 114,  24, 105,  64, 167,  72, 254,  83,   8, 182, 148,  84,  88, 106,  67, 176, 241,  73, 231, 249,   0,   2,  74,  34,  67,  59;
   9, 107, 211, 100, 243, 218, 182, 119, 237, 200, 126, 104, 175, 188, 225, 164,  62, 127, 230,  64, 197, 185, 164, 204,  63, 237,  39,   3,  99, 180, 175, 141;
 153,  77, 111, 238,  20,  18,  75, 112,  69, 192, 215,  66, 123,  73, 177, 225, 122, 228,  29, 239, 233, 167,  45, 142, 242, 233, 163, 144,  55, 175, 112,  96;
  72, 176,  19, 122,  91, 200, 113,  23, 187,   1, 108,  56,  62, 215,  72, 244,  50, 186, 236,   8,  19,  74, 178,  87, 213, 244,  16, 106,  98, 128, 167,  43;
  53,  95, 113,  77, 118,  27, 199, 112, 109, 236, 123, 238,  83, 100, 133, 180,  30, 236,   6, 110, 201, 178, 109, 158,  52, 252,  37, 132, 127, 190,  86, 245;
 168,  45, 117,  69, 125, 219, 199, 101, 121, 232,  32,   8, 242,  21, 132, 181, 152, 124,  64, 106,  97, 248, 241,  60,  39, 216,   1,  50,  66,   8,  70, 174;
  67, 245, 227, 133, 242,   2, 175, 254,  62, 226,  90, 230, 212, 166, 215, 100,  55, 207,  63, 173, 197, 152, 165, 202,  60,  46, 191, 132, 141, 244,  51, 253;
 253, 173, 253, 237, 172,  47,  79, 184, 127, 186, 159,  72, 223, 115, 153, 115,  87, 212, 125, 234, 233, 194, 233, 190, 236, 251, 103, 180,  46, 243,   3,  33;
 212,  88,  31, 248,  10, 100,  21, 154, 188,  26, 194, 118, 151, 151,  97, 123, 229, 149, 124, 146, 105, 199, 147,  82, 209, 227, 122, 158, 184, 112,  37,  51;
 165, 101,  61, 121, 141, 237, 213, 137, 205,  86, 165,  24, 146, 220,  95,  59, 200,   0, 120, 126, 255, 101, 123,  50, 231, 248,  68,  92,  81,  89, 214, 118;
  87, 244, 252,  69, 170,  30,  94, 174, 109, 242, 174, 168, 223, 122, 159, 119,  55, 213, 253, 234, 237, 192, 253, 204, 254, 251,  71,  23,  46, 246, 171,  28;
 112, 189,  63,  90,  93, 237, 211, 200, 255, 121, 164,   8, 126, 253, 109,  52, 169, 186,  75,  24,  34, 107,  26,  63, 251, 222,  17, 123, 209,  26,  70, 170;
 253,  20, 151, 102,  67, 110,  97,  88, 121, 226,  39,  88,  86, 119,   9, 127,  55, 212, 120,  42,  33, 247, 185,  10, 209, 186,  65,  20, 234, 243,  98,  35;
  91, 156, 235, 166,  50, 190, 122,  50,  61, 201,  91,  71, 127, 250,  50, 240, 182, 239, 125, 175, 189, 153, 149, 111, 250, 239, 170, 128,  46, 167,  43,  81;
  94, 236, 150,  86, 139,  56,  54, 238, 251, 179, 171,  56, 110, 250,  77, 158, 163,  87, 232,  66,  36,  99, 138, 227, 187, 246,  85,  63, 195, 119, 171,  14;
   6,   4,  34, 154,  20, 160, 170,  64,   4,   1,  91,   2,   8, 202,  56,  72, 121,   9,  19, 145, 130, 132,   0, 215,   0,  36, 154, 192, 149,  14,  48, 128;
  71, 147, 222,  37, 178,  58,  61,  63,  60, 255,  94, 245, 221,  34, 130,  90,  55,  71, 238, 165, 181, 217, 165,  66, 236,  39, 127, 196, 172, 228, 171, 213;
 229, 121,  91,  70,  74,  77, 246, 217, 115, 234, 245,  78,  90, 211,  77, 176, 126, 236,  86, 106, 225, 118, 250, 106, 119, 141,  37,  44, 107, 179, 234, 177;
 217, 245,  49, 230,  41, 109,  93, 176, 169, 248, 173,   8, 191, 247,  64,  51, 128, 215, 125, 106, 105,  67, 250,  37, 243, 249,  97,  56,  10, 226,  67, 115;
  21, 103, 200, 163, 172,  11, 111, 136, 102, 180, 139, 130, 211, 226, 217,  66, 123, 204, 110, 254,  88, 176, 205,  34, 236, 140, 167,  68, 164, 251, 240, 160;
 133, 253,  15,  27, 200, 237,  39, 247, 116, 119, 238,  84, 241, 226,  73,  83, 105,  78, 106,  90, 115, 148, 255,  51, 125, 165,  38,  64, 232,  83, 227, 176;
 124,  76, 175, 238,  12,   6,  79, 248,  52, 142, 199,   5, 211,  99,  57,  91, 217, 228, 125, 238, 104, 199, 121,  46, 241, 239, 231,  16,  32, 251, 112,  98;
 123, 247, 122, 166,  52,  12, 219, 118,   9, 236, 254, 173, 191,  31, 130,  16, 222, 159,  95, 101, 200, 187, 224, 175, 242, 253,  40, 176,  77, 138,  38, 219;
  32,   5, 145, 255, 149, 239,  65,   7,  22, 161, 235,  24, 242,  51,  32, 112, 217, 190,   2,  24,  56, 250,  89,  60, 137, 190, 144,  48, 144,  74, 208,  42;
  72, 252, 191, 245,  53, 204, 189,  55, 188,  11, 126,  16, 190, 191,  32,  66, 166,  51, 127,   9,  98, 249, 146, 239, 229, 255,  62, 131,  64,  80, 135,  43;
 123, 210, 122, 232,  50,  26,  91, 125,  57,  77, 247, 237, 159, 157, 190, 112, 222, 157, 253,   5, 223, 191, 229, 199, 218, 253,  58, 206, 110, 142, 170,  87;
  18,  37, 226,  18, 211, 241, 182,  71, 185, 198, 108, 139,  40, 220, 103, 132, 186, 187, 195, 145,  70, 235, 180, 234,  59,   4,  28,  43, 231,  84, 191, 222;
 152,  87, 127,  69, 182, 143, 239,  53, 108, 108, 118, 228, 223,   5, 149, 101,  54,  20, 110, 124, 225, 184,  37,  15, 229, 233,  34, 196, 100, 170, 197, 121;
 252,  39, 249, 112, 248, 236,  81,  95, 178, 189, 172,  25,  23, 167,  65,  26,   5, 158,  69,  24,  58,  74, 242,   2, 249, 197,  53, 120, 224, 192, 134, 106;
 207,  62, 170, 247, 164,  52, 109, 146, 126, 223, 215, 112, 221, 246, 211, 123, 231, 255, 125, 159, 185, 212, 239,  98, 197, 235, 255, 140, 132, 245,  55,  97;
 220, 161, 173, 171,  13,  77,  89, 137,   6, 117, 135, 137, 223,  77,  91,   3, 216, 144, 253, 115,  74,  97, 219, 145, 203, 193,  15, 125,  48, 142,  20, 122;
 244, 200, 165, 255,  13, 111, 195, 232, 215, 178, 231,  26, 243,  97,  61, 110,  89, 196, 107, 234,   8, 247, 107, 183, 153, 254, 195,  21,  17,  59, 116,  32;
   9, 235, 114,  92, 243, 209, 180, 119, 253, 192, 126, 168,  44, 254, 182, 180,  62, 187, 130, 193, 212, 187, 166, 205, 126, 117,   6,  11,  99, 134, 171, 141;
 184,  77,  96, 174,  20, 163,  78, 112,  21,  34, 217,  26, 107,  74,  49,  81, 120, 168,  23, 227, 232,  55,  72, 191, 178, 193, 170, 184,  53, 187, 112,   0;
  53,  95,  99,  69, 118, 219, 239, 112, 101, 224, 122, 238, 115, 108, 149, 180,  62, 236,  22, 111, 197, 176, 125,  62,  54,  76,  33, 128, 125, 190,  86, 245;
   3, 252, 151, 212, 113, 140, 172, 118, 187, 138,  98,  88, 188, 179, 101, 189, 167, 127, 119,   8, 227, 221, 146, 235,  45, 186,  94,   2,  10,  80,   3, 189;
 193, 205, 147, 214, 229, 140, 108,  55, 187, 139,  98,  80, 180, 179,  32, 127, 161, 102, 122,   8, 113, 221, 146, 107,  61, 190,  86,   8, 136,  80, 161,  40;
 216, 251, 187, 254,  59, 204,  23, 223, 239,  24, 164,  40, 190, 215,  33, 112, 163, 243, 236,  64,  74, 111, 186, 115, 243, 245,   6,  59,  82,  16, 167,  43;
  37, 205, 106, 206, 116, 131, 239, 248,  68,  64, 124, 198, 113,  65, 187,  32, 126, 232,  23, 238, 201, 179,  12, 125,  98,  13, 161, 164, 127, 187, 114, 185;
 254, 117, 124, 204, 255,  87, 159, 248, 131, 126, 157,  42, 122,  93, 143,  55, 220, 208, 223, 227, 232,  39, 107, 189, 243, 121, 239, 191,  87, 127, 118, 115;
 230, 143, 230, 155, 254, 178, 190, 239, 223,  55, 251, 183, 105, 232, 190,  88, 255, 239, 175, 149, 182, 251, 175, 243,  62, 126, 255, 195, 151, 221, 252, 207;
  52,  66, 121, 237, 126,  11,  91, 184,   6, 160, 121, 234,  87,  79, 153,  16,  30, 221,  21, 238, 136, 176,  73,  29, 228, 201, 161, 180, 117, 187,  82, 161;
   3, 156,  63, 153,  91, 229, 177,  71, 190,  89,  72,  80, 188, 190,  36, 105, 231,  59,  27, 145, 183, 141,  50, 215,  13,  22,  26, 202, 152,  64, 165, 255;
 205,  40, 207,  37, 160, 110, 111,  16,  32, 202, 119,  85, 223, 103, 145,  27, 150, 196, 125, 110, 169, 212, 145,   8, 198, 251,  97, 132, 136, 243,  74,  81;
 125,  52, 219, 101, 226, 110, 111,  59, 112, 162, 111, 204,  83,  55, 201,  59,  55, 222, 100,  42, 233, 210, 177,   8, 115, 171, 101,   4, 235, 241,  66,  49;
  68,  51, 221,  69, 226,  46, 101,  61,  96, 185, 111, 232,  83,  55, 137,  62,  54,  86, 100,  40, 145, 208, 177,  76, 101, 175, 117,   4, 224, 242, 198,  49;
  63, 254, 105, 101,  53,  95,  87, 254,  87, 238, 188, 171,  83,  60, 215,  53, 221, 220, 213,  98, 233, 242, 109, 158, 227, 223, 165, 183, 119, 252,  86, 247;
 169,  27, 101, 101, 197,  95, 101,  55, 113, 236, 126,  76, 243,  45, 146,  52,  24, 174, 230,  40, 205, 184, 101,  14, 111, 223, 117, 129,  99, 172, 214, 249;
  54, 142, 196, 185, 159,  59,  70, 238,  31,  55, 152, 187, 195, 104,  92, 128, 121, 195, 207,  39,  60,  47,  77, 191, 184,  86, 223, 119, 181, 125, 216, 134;
  19, 181, 195, 132,  82, 178, 170, 103,  63, 225,  90, 199, 108, 174, 180, 228, 127, 175,  23, 173, 133, 155, 181, 206,  60,  62, 159, 134,  45, 196, 163, 220;
  60, 249, 120, 106,  93, 213,  83, 252,  67,   0, 237,  10, 123,  93,  72,  48,  88, 216, 132, 250,  74,  34, 250,  61, 251, 205, 133, 125, 115, 154, 102, 178;
 228, 100,  53, 121, 141, 109, 197, 139, 223, 114, 160,  24, 150, 221,  93,  63, 137,  18, 121,  59, 123, 101, 251,  18, 193, 152,  69, 118,  80, 121, 214,  98;
  42, 191,  97, 233, 242, 195, 127, 255,  21,  32, 124, 235,  57, 199, 160, 148,  94, 187, 151, 240,  91, 154, 104, 255, 108, 213, 173, 228,  63, 142, 134, 185;
 105, 244, 107,  69,  86,  95, 235, 252, 103, 236, 126,  12,  91,  28, 159,  52,  60, 196, 118, 110, 197, 176,  61,  28, 127,  45,  33, 132, 111, 190,  82, 252;
 106, 167, 179, 120, 251, 237, 121,  87,  59,  29, 125,  25,  14, 175,  68, 148, 167, 155, 231,  16,  18,  91, 162, 215,  95, 253,  16, 111, 226, 196, 230, 227;
 184, 108,  55,  87,  13, 219, 213,  97, 237, 182, 163,  24, 243,  85,   4, 191, 136, 116, 232, 106, 105, 229,  99,  44, 163, 219,  81,  19,  67,  56,  70, 111;
 205, 246, 189,  97, 160,  47,  55, 184, 122, 191,  55, 124, 222,  55, 200,  59, 181,  85, 124,  58, 243, 116, 185,  82, 111, 219, 117, 246, 194, 241, 199,  49;
  10, 112, 178, 218,  45, 247, 248,  88, 255, 201, 215,   1, 124, 223,  61, 108, 247,  57, 223,  15, 130, 225,  58, 216,  83, 127,  27, 171, 150,  87, 117, 247;
 119, 107, 234, 228,  52,  10, 238, 176, 107, 160, 178, 234, 223,  74, 213,  18, 190, 237, 117, 255, 200, 242, 205, 204, 248, 253, 175, 164, 109, 179,  83,   1;
 165, 118, 122,  75, 116, 143, 231, 220,  95, 234, 117,  78,  82, 217, 253,  52, 253, 104,  70, 110, 225, 182, 104, 250, 118,  28,  37,  44,  89, 251,  90, 181;
 189, 193, 111,  71,  78,  87, 239, 184, 198, 242, 151,   2,  81, 221,  59,  34, 120, 212, 123, 239, 200, 181,  63,  25,  87,  11, 229,   5, 103, 187, 116, 242;
 193, 249,  17,  97, 242, 205, 111, 183,  43,  97, 108,  76, 188,  23,  64,  52,  38,  75,  80,  92,  83,  24, 241, 125, 173, 156,  20,  96,  10, 144, 131, 249;
   3, 238,  66,  95,  82, 151, 174, 247, 124,  74, 126, 198,  40, 192, 180, 164, 122, 170,  18, 140, 227, 188,   5, 127,  54,  46, 178, 128, 109, 132, 107, 188;
 141, 177, 148, 187, 137,  77, 180, 233, 158, 115, 133,  29, 158, 246,  74, 171, 133,  91, 202,  54, 115, 109,  90,  49, 137, 209,  95, 124, 154, 108, 137, 144;
  87,  91, 198, 174,  82,   6, 106, 240, 165, 192, 195, 199,  77, 202,  51, 214, 118, 229, 127, 255, 197, 131,  28, 236, 248,  32, 143, 196,  47, 183,  41,  20;
  41, 253, 105, 104, 116, 151,  79, 252,  67, 232, 252,  74,  51,  93, 144, 176,  92, 216,  23, 238, 201, 186, 124,  31, 119, 205, 165, 188, 117, 154,  82, 249;
  79, 233,  65, 235, 219, 128,  78, 189,  39,  33, 200, 194, 173, 199, 200, 244,  86, 223, 157, 220,  91,  26, 200, 245, 188, 244, 143, 254,  62, 134, 160,  56;
 164,  73,  62,  98, 205, 173, 246, 192, 228,  18, 169,   8, 147, 217, 109,  27, 200, 144,  74,  82,  74,  39,  90,  32, 247, 153,   0,  25, 193,  91, 202, 130;
  69, 249,  24,  69,  17,  30,  99,  48, 105,  40, 102,  76, 150,  18,  12,  49, 144,  68,  72, 106, 197, 176, 241,  12, 231, 249,   0,   6,  72,  35,  75,   6;
  91,  95, 123, 236,  50, 150, 126,  49, 237, 200,  94, 229, 191, 159, 150, 116, 182, 253, 253, 238, 205, 152, 165, 236, 242, 253, 171, 136,  46, 166,  43, 117;
 177,  75, 106,  79,  86, 131, 239, 240,   4,   4, 119, 134, 113,  65, 191,  21, 126, 232,  23, 238, 200, 178, 108, 125, 118,  40, 160, 128, 127, 187, 112, 248;
  64, 176,  89,  75, 250, 252,  48,  31, 122,  73, 109,  56, 191, 215, 200, 240, 147, 155, 104,  24,  19,  10, 251,  23, 143, 237,  48, 110, 200, 130, 230,  49;
  40,  36, 156, 191,  13, 239, 165,  78,  30, 183,  68,  18, 167,  33,  10,  15, 201,  42,  10,  17,  42, 236,  83, 169, 197, 211,  86,  49, 210,  88, 221, 136;
 194, 242, 156, 179, 160, 172,  61, 151, 186,  23,   4, 157, 143, 175,  74,  91, 135,  27, 237,  21,  50,  76, 194,  32, 207, 211, 126, 237, 128, 208, 135,  91;
 252,   2, 254, 122, 251, 234, 177, 154, 185,  23, 183, 185,  78, 109,  27,  95, 167, 149, 237,  17,  50, 229,  43, 199,  91, 243,  80,  87, 199, 197, 199,  99;
 156, 194,  55, 127,  44,  15, 231, 172, 252,  22, 163,  16, 247,  65, 152,  39,  48,  64, 104, 106,  96, 229,  43,  63, 233, 234,  69,  84,  80, 187, 197,  32;
 254,  18,  82, 236, 115,  34, 119,  80,  61,  14, 255, 239,  78, 199,  41,  80, 118, 189, 135, 226,   8, 151,   8, 202, 210, 229, 160, 143,  39, 227,  36,  51;
 226, 132, 124,  88, 201, 189, 116, 175, 255,  51,  32,  24,   8, 186, 100, 127, 129,  19, 106,  16, 118, 111,  18, 215,  31,  26,  85, 127, 216,  72, 196,  14;
  59,   6, 102, 111,  54,  50, 233,  49, 116, 110,  87, 246,  89,  40, 190,  97, 126, 140,  23, 173, 188, 180, 101, 143,  70, 111, 242, 196, 111, 174, 112, 213;
 253,  45,  53, 118, 169, 125,  85, 248, 225, 250, 181,  24, 159, 247,  72, 183, 129, 214,  93, 106,  41, 103, 250, 233, 251, 249,  69,  60,  98, 244, 198,  99;
 165, 198,  37,  11,  44,  27, 198, 168,  86, 122, 177,  72, 211,  72, 221, 173, 153,   0,  94, 111, 239, 102,  79,  21,  44,  90, 229, 252,  93, 191,  80,  37;
 205,  54, 191, 229, 164, 126, 111,  16, 121, 206, 119, 116, 223,  55, 209,  59, 145,  68, 124, 126, 177, 212, 161,  10, 199, 251, 101, 132, 202, 243, 198, 113;
 217,  88, 127, 101,  34,  14, 127, 180,  45,  74, 246, 229, 127,  31, 131,  83,  54, 245, 125, 110, 225, 181,  17,  77, 246, 235,  98, 128, 111, 178,  73,  91;
 157, 180, 156, 179,   9, 125,  17, 186, 150, 251, 165,  29, 223, 119,  74, 143, 141,  65, 252,  60,  63, 101, 219, 144, 203, 211,  93, 127, 218, 109,  11,  83;
  24, 157,  19, 237,  83, 196,  51, 118,  37,   9, 250,  98,  60, 119,  40,  84, 118, 187,  15, 192,  81, 154,  17, 253, 245, 164,  34, 194,  50, 128,  37,  59;
  72, 248,  19, 252,  27, 196,  19, 198, 175,   4, 160,   8, 174, 215,  33,  80, 133, 241, 233, 192,  66,  15, 178, 127, 243, 245,  23,  59,  80,  16,  39, 106;
 108, 240, 122,  78, 116, 222, 247, 112,  97, 200, 255,  40, 123, 221, 150,  52,  94, 252, 247, 122, 200, 179, 252,  14, 119, 127,  37, 137, 103, 162, 126, 227;
   8, 164, 149, 189, 141, 253,   5, 143, 135,  55, 140,  24, 174, 241,  74, 142, 201,  66, 234,  16,  26,  41, 115, 179, 133, 214,  84,  59, 146,  92, 149, 110;
  53,  70, 125, 229,  54,  11,  75,  24,   4, 160, 186, 234, 215,  11, 145,  16,  30, 212,  93, 110, 136, 180,  73,  28, 228, 201,  33, 148, 117, 187,  80,  33;
  35, 229,  97,  73, 244, 143, 239, 125,  87, 232, 124, 206,  81,  81, 180,  36,  94, 136,  22, 238, 211, 186, 109, 223,  60,  28, 165, 164, 127, 142, 210, 253;
 119,  75,   6, 142,  29, 134,  74, 240, 165, 192, 194, 199, 104, 194,  55, 214, 236, 229, 123, 239, 205, 131, 158, 236, 176,  56, 139, 152,  30, 167,  56,  92;
  25,  15, 106, 108, 118, 150, 127, 116, 101, 192, 126, 225,  57, 159, 178, 112, 118, 173,  23, 236, 196, 155,  36, 236, 118, 237, 162, 128,  47, 162,  98, 217;
  37, 173, 225,  73, 245, 127, 231, 223,  75, 233, 120,  72,  26,  48, 213, 180,  89,  74,  18,  60, 147,  58, 116, 218,  47,  28,   5, 108, 223, 248, 210, 164;
  51, 205,  99,  74, 213, 215, 142, 231, 213,   1, 233,   2,  32, 200,  60, 164, 120, 186, 146, 227, 223, 171,  60, 255,  59,  12, 142,  67,  81,  30, 248, 140;
 188,  77, 110, 254, 214,  43,  78, 255,  85,   2, 125,  26,  91, 105,  57,  89, 123, 234,  23, 235, 248, 182,  12, 190, 242, 239, 229, 128, 183, 251, 240, 128;
  69,  58, 174, 243, 164, 190, 125, 150, 118, 223,  87, 116, 215, 247, 219, 122, 213, 254, 125, 157, 154, 212, 239,  32, 207, 255, 255, 129, 164, 241, 179,  97;
  61, 253,  16,  35, 149, 143, 198, 221, 230,  41, 168,  76, 247, 113,  73, 160, 152, 210,  76, 123, 155, 163,  89,  61, 249, 197,  37, 116, 234, 123, 218,  10;
  21, 107, 138, 161,  60,  10, 107, 168, 230, 164, 138, 132, 215, 227, 217,  66,  82, 204, 108, 254,  72, 241, 205,   8, 236, 141,  39,  84, 164, 187,  81,   0;
  39,  37, 194,  65, 240,  59, 234,  73,  99, 225, 105, 196,  65, 226, 220, 180,  88, 142,  18, 188, 159, 178,  77,  78,  46,  28, 129,  68, 207, 230, 234, 148;
  35, 188, 243,  91, 246, 239, 179, 214,  94, 201,  88, 255, 180, 188, 180,  40, 159,  59,  19,  21, 179, 250, 116, 190,  13,  30,  56, 226, 205,  77, 215, 255;
 124,  88, 189, 237,  44,  78,  71, 178,  36, 142, 254,   0, 215,  51,   1,  82, 216, 228, 125, 106,  72, 132,  89,  46, 225, 239, 231,  16,  40, 251, 112,  35;
  35, 173, 210,  91, 211, 181, 185, 199,  95,  33, 124,   2,  40, 170, 246, 164, 111,  59,  18, 152, 151, 186,  52, 247,  63,  28, 150,  99, 211, 192, 235, 140;
  40, 169, 149, 127, 203, 225, 180, 231, 202, 177, 104,   2, 188, 250, 100, 194, 201, 123, 163,  16,  18,  58, 218, 241,  13, 167,  95,  43, 209,  90, 207, 138;
 110, 138, 231, 155, 252, 147, 252, 238, 222, 117, 242, 247, 105, 236, 254, 200, 255, 207, 239, 213, 182, 251, 239, 243,  62,  47, 255, 205, 213, 220, 245, 205;
  35, 186,  70,  95, 116, 147, 170, 119, 118,  73, 214, 231,  96, 200, 182, 164, 126,  42,  22, 141, 231, 248,  69, 255,  38,  62, 186, 128,  79, 140, 121, 157;
  34, 175,  58, 120, 217, 237, 248,  71, 187,  29, 236,  25,  12, 175,  68,  24, 173,  59, 195,  16,  18,  90, 146, 213,  95, 215,  26, 107, 192,  64, 239, 210;
 253,  77,  47, 206, 156, 197, 199, 232, 212, 192, 139,   8, 242, 244,  57,  33, 216, 226,  88, 251, 105,  35, 123,  63, 249, 143, 175,  24,  20,  59, 244, 104;
  70,  46, 222, 178, 234, 233,  58, 194, 191, 191,  59, 185, 204, 238, 100,  91, 183, 255, 239,  18,  50,  81, 138, 246, 220, 215, 107, 247, 132,  65,   7, 195;
 205, 121,  28, 101,  21,  14,  99,  48, 104,  96,  34,  76, 150,  17,   1,  51, 128,   4,  72, 110, 225, 240, 241,  12, 229, 249,   0,  20,  72,  33,  67,  34;
 165, 185,  89,  95, 234,  79, 231, 249, 123, 232, 244,  78, 112, 209, 197,  49, 124, 236,  82, 110, 225, 242, 250,  93,  87,  24, 103,  46,  89, 186,  99, 165;
 124, 176,  44, 224,  29,  79,  83, 184, 163, 184, 149,   8, 215,  87,  73,  19,  92, 212, 221, 122,  40,   3, 249,  28, 219, 193, 161, 124,  42, 171,  22, 115;
  53, 107,  75, 165, 116, 138, 111,  96,  96, 160, 242, 202, 119, 203,  17,  16,  58, 237,  85, 239,  72, 178, 132,  12, 240, 237, 175,   0, 101, 178, 114, 128;
 110, 189,  16, 232, 249, 141,  95, 249, 171,  12, 188,   8, 174, 215,  77,  21, 220, 243, 223,  98,  74,  11, 218, 253, 251, 217, 135, 191,  82,  19, 102,  19;
 201, 148, 147, 222, 247, 196,  36, 167, 254,  19,  98,  80, 188, 243,  40, 245, 163,  59,  42,   8, 115,  79, 146,  71,  61, 174,  86,  74,  24,  64, 161,  41;
 105, 245, 123, 174,  52, 142, 219, 116,  40,  73, 253, 169, 191,  31,  26,  48, 254, 157,  95, 239, 170, 139, 232, 239, 241, 253,  42, 220,  68, 139,  35, 249;
  93, 113, 255,  69, 226,  94, 111, 189,  96, 169, 110,   8,  83,  55, 136,  50,  54, 212, 100, 104, 145, 248, 181,  76, 111, 173, 100,  68, 227, 178, 194, 177;
 164, 204,  97, 218,  84, 131,  79, 248,  87,  34, 125,  74, 113, 225, 185, 100,  89, 200,  22, 234, 235, 182, 105, 255, 124, 142, 165, 236,  55, 187, 112, 160;
  34, 188, 182,  30, 105, 245, 176, 195, 187,  95, 108,  25,  44, 252,  46, 159, 141,  59, 243,   1,  54, 111, 178, 227,   3,  54,  88,  75, 194,  68, 175, 223;
   3, 165,  35, 156,  85, 246, 171, 103, 125, 193, 202,  66, 248, 246,  52, 228, 120, 174,  18, 141, 145, 154, 182, 206,  61,  60, 154,   8,  13,   6, 241, 252;
  39, 249, 107,  70, 116, 223, 239, 112, 123, 200, 255,  12, 112, 220, 214,  52,  30, 236,  87, 111, 197, 178, 252,  94,  55,  28, 165, 168,  71, 190, 114, 245;
 120, 165, 184,  98, 152, 172,  85, 159,  35, 173, 172,  25,  55, 183,  66,  16,  17, 154,  77,  24,  26,  75, 210,   2, 249, 197,  53, 120, 160, 194, 134,  42;
  41, 151, 111, 103, 245, 223, 119,  55, 117, 239, 127, 124, 251,  61, 146,  52, 156,  62, 230,  12, 245, 184, 113,  47, 231, 255, 116, 128,  98, 142, 214, 255;
 215,  81, 186, 202, 189, 247, 250, 216, 239, 201, 159,   3,  78, 222, 127, 124, 246, 209, 255, 247, 146, 135,  58, 242, 187, 221,  47, 223, 150,  23, 161, 119;
 118, 143, 196, 189, 157, 235,  78, 234, 143, 183, 136, 139, 199,  40,  21, 194, 233, 231, 234,  69,  60,  75,  79, 191, 184, 214, 207, 119, 181, 125,  29,   4;
  43, 173, 114,  30, 215, 249, 186, 103, 239,  69, 124,  41,  40, 248, 182, 180, 238, 171, 146, 128, 150,  58,  38, 255, 126, 125,  18, 107,  87, 132, 239, 206;
  76, 244, 189, 115, 139,  47,  53, 154, 106, 251,  45,  76, 222, 119,  73,  59, 151,  87, 125,  50, 131, 116, 251, 113, 207, 219, 117,  54, 202, 115, 131,  51;
 215, 188, 156, 186, 153, 245,  20, 202, 190, 219, 128,  25, 236, 254, 107, 203, 133,  99, 249,  23,  55,  71, 154, 243, 185,  83,  95, 123, 152,  85, 137,  87;
 255,  94, 112, 236, 239,  87, 159, 248,  83, 234, 156,  42, 222, 127, 151,  55, 223, 213, 255, 227, 249,  39, 235, 190, 243, 223, 239, 191,  87, 255,  54, 247;
 223,  80, 126, 229,  38,  14, 125,  56, 253, 234, 214,  50, 223,  95, 145, 123, 118, 245, 125, 107, 232, 213,  33, 142, 242, 251, 107, 144,  38, 181,  32,  35;
 217, 211, 119, 164,  50,   2, 126, 117,  53, 200, 210, 226,  93,  30, 144, 113, 182, 245,  93, 231, 237, 223,  37, 205, 176, 235, 106, 194,  37, 178, 167, 233;
 173, 177, 148,  83, 185,  63,  66, 188, 199, 177, 163,  88, 214, 112,  72, 183, 128,  86, 120, 122,  61, 233,  91,  44, 171, 218,  69, 118, 202, 211, 138,   4;
   3, 182, 187,  91, 221, 245, 177,  79, 222,  93, 120,  23, 168, 220, 254,  32, 233,  11,   2, 145, 150, 170,  38, 213,  47,  28, 150, 107, 209,  72, 229, 223;
 109,  48, 156, 146, 233, 125,  81,  24, 139, 255, 181,  28, 206, 117,  75,  31, 133, 132, 238,  28,  19, 102, 251, 208, 223, 211,  81, 127, 218, 237,  14, 119;
  85, 182, 187, 113, 180, 174, 123, 158, 126, 237, 218, 116, 215, 123, 153, 120, 151,  87, 125,  61, 155, 216, 185,  46, 237, 191, 183, 196, 136, 195, 227, 115;
  57, 183, 127, 101, 176, 127, 127,  55,  57,  77, 127,  60, 255,  61, 150,  48, 150, 223, 213,  44, 153, 248, 241, 175, 231, 255,  48, 208,  98, 132, 198, 241;
  36,  21, 149, 109, 236, 107,  69,  31,  85,  43, 124, 120, 210,  49, 152,  47,  89,  84, 102,  56,  57, 176,  65,  26, 101, 254, 116,  20, 218, 248, 208, 163;
  90, 124,  18, 252,  91, 193,  19,  70, 175, 132, 236,   9,  44, 215,  35,  84, 226,  61, 235, 192,   2,  11, 178, 255, 209, 244,  10,  27,  50,   5,  39, 106;
 186, 239, 106,  46,  19, 144,  94, 252,  49,  12, 252, 175,  43, 207,  42,  81,  94, 251, 133, 230, 238,  14,  70, 191, 242, 229, 172, 137,  55, 150, 174,  27;
   2, 185,  26, 251, 217, 205, 176,  71, 174,  29, 236,  17, 172, 191, 102,  24, 201,  59, 195,  20,  22,  27,  18,  85, 207, 221,  30, 107, 144,   0, 175, 202;
 219,  90, 118, 231,  34,  50, 127, 116, 125, 130, 214, 230, 125,  30, 145, 247,  62, 245, 253, 227, 233, 213,  37, 239, 212, 235, 234, 128,  47, 183,  35,  57;
 185,  75,  94, 101,  52, 158, 231, 113, 108, 172, 118,  76, 243,   8, 179,  97, 178, 100,  78, 111, 196, 185,   5,  45, 240, 233,  32,  16,  76, 168,  75,  13;
  34, 181,  63, 123, 180, 239, 185, 247,  94,  73,  88, 224, 245, 253, 188,  32, 159,  59,  23,  17, 179, 184, 112,  63, 109,  30,  62, 192, 196,  72, 181, 249;
 106, 255, 112, 122, 125, 157,  94, 252, 171,  44, 188,   8, 238, 255,   5,  21, 220, 251, 199, 106, 234,  43, 234, 191, 251, 221,  37, 251,  82, 186,  70,  43;
  49,  69, 107,  79,  86, 130, 107, 125, 100,   4, 125, 130, 113,  75, 188, 112, 122, 168,  23, 236, 202, 186,  36,  95, 119, 173, 162,   0, 117, 130, 114, 232;
 167, 204, 101, 223,  76, 147, 238, 252,  87, 178, 113,  66,  96, 224, 189, 229,  89, 232,  18, 234, 227, 246, 111, 255,  46,  30, 199, 172,  87, 187, 240, 164;
 125, 121,  25, 228,  56,  15,  75, 152,  33, 172, 180,  76, 247,  87,   1,  50,  28, 252,  93, 122,  73, 131, 120,  44, 251, 217,  37,  52,  34, 187,  22,  49;
 202, 178, 214, 176, 107, 249,  56,  64, 171,  55,   1, 189,  12, 159,  74, 155, 167,  27, 231,  16,  22,  85, 154, 209, 222, 209,  90, 239, 170,   5,  47, 147;
  82, 155,   3, 237,  82, 134, 111, 183,  53,   8, 222, 230,  53, 183, 160,  84, 116, 191,  61, 200,  91, 154,  81, 127, 245, 164, 170, 128,  58, 128, 164,  57;
  48,  77, 107, 101,  86,  75, 239, 112, 100, 128, 126, 130, 115,   1, 177,  97,  58, 252,  23, 238, 201, 184,  37,  44, 101, 169, 162, 128, 101, 170, 112, 168;
 124,  77, 157, 239,  29, 206,  87, 178, 229, 228, 238,   8, 247, 113,   3,  82, 192, 244, 109,  66,  72, 177, 225,  40, 227, 247,  69,  17,  50, 251,  68, 106;
 171,  41,  99,  94, 117, 221, 239,  96, 125, 192,  80,  10,  40, 220, 182, 164,  90, 234,  18,  79, 229, 186, 244, 255,  53,  92, 129, 138,  71, 143, 118, 236;
 161,  49,  63,  93, 108, 143, 161, 121, 222, 232, 241,  70, 240, 216, 180,  37, 252,  41,  86, 110, 241, 246, 114, 216,  21,  24,  99,  42,  89,  41,  99, 165;
  45, 237,  13, 191, 156,  71,  71, 168,  86, 210, 201,   8, 247, 113,  25,  49, 217, 202,  89, 111, 123, 226,  91,  63, 233, 142, 197,  60,  56, 123, 208, 106;
  24, 155,  83, 205,  82, 198,  43, 118,  37,   8, 250, 226,  61, 151, 164, 244, 110, 187, 135, 232,  75, 152,   0, 253, 181, 228,  34, 130,  59, 128,  36, 185;
 139, 141,   4, 157, 189, 151, 172,  39, 220, 120, 146, 215, 169,  40, 150, 225, 204,  39, 159, 173, 245, 236,  85, 221, 174,  91, 254, 208,  29,  12, 217, 220;
  60,  77, 206, 254, 212,  43,  78, 255,  21, 130, 120,  10,  91, 105,  57,  89, 123, 234,  23, 226, 120, 242,   8, 172, 250, 239, 229, 132, 247, 251, 240, 128;
 108, 172, 125,  86, 237, 125,  85, 252, 233, 250, 189,  24,  91, 127,  12, 191, 137, 246, 126,  42,  41, 111, 250, 253, 243, 219,  85,  57, 226, 251, 206,  98;
  35, 184, 128, 154,  93, 181, 232,  74,  31,  65, 200,  69, 168, 202, 118, 128, 200, 171, 179, 149, 159,  10, 210, 245,  31,  28, 154, 106,  26,  12, 122, 158;
 189, 236,  79, 113, 156, 107, 239, 239, 246, 178, 166,  16, 211, 115,  27,  59, 105, 198, 126, 250,  62, 229, 121,  62, 255, 203, 231,  85, 225, 249, 230, 194;
 114, 157, 109,  10, 219, 213, 151, 237, 203,  92, 172,  11, 106, 124,  46,  19, 204, 243, 195, 227,  94,  43, 250, 125, 123,  16,   5, 127,  81,   6, 238,  95;
   3, 158,  71,  31, 118, 167, 170,  58,  84,  73,  83, 231, 240, 104, 180, 101,  94,  42,  54, 173, 167, 184,  77, 255,   4,  62, 186, 128,  93, 142, 120, 157;
 221,  88, 247, 231,  34, 106, 127,  16,  61, 202, 247, 227, 255,  63, 129, 251,  54, 245, 253, 230, 161, 149, 133, 234, 214, 235, 106, 128, 111, 247,  33, 121;
  60, 161, 208,  41, 209,  59,  71, 157,  19, 165, 108, 136, 207, 225,  88, 148,  25, 206, 224,  24,  26,  56, 201,  16, 236, 197,   5, 125, 242, 238, 202, 160;
 106, 227, 237, 187,  60, 209, 168, 237, 150, 245, 210, 135, 233, 204, 126, 192, 253, 205, 239, 213, 238, 239, 239, 211,  78, 119, 191, 237, 213, 140, 125, 200;
 199, 129, 150, 154, 221, 184,  96, 137, 255,  21,  97,  16, 142, 242, 110, 255, 161,  11, 106,  16,  54, 111, 138, 245, 153, 242,  82,  79, 144,   5, 233,   6;
  77, 118, 191, 115, 164, 110, 119, 144, 121, 255,  55, 124, 223,  55, 203,  59, 183,  85, 124,  58, 145, 244, 185,  64, 207, 219, 101, 198, 202, 243, 199, 115;
 195, 143, 134, 156, 172, 143, 237,  35, 174, 180, 138, 141, 135, 160,  50,  71, 129,  39, 106,  45, 116,  73, 199, 220, 172,  50,  79, 120,  16, 108, 145,  68;
 228, 102, 132, 149, 204,  47, 196, 154,  26, 178, 130,  93, 194,  97,  89, 143,  89, 198, 105,  63, 169, 102, 219,  34, 141,  26, 213,  52, 200, 121,  82,  32;
  42, 169, 150, 173, 217, 139, 164, 103, 138,   1, 104,   1,  44, 226,  96, 132, 168,  59, 162,  16,  18, 139,   2, 145,  41, 244,  15,  35, 146,  78, 175, 142;
 124, 177, 188, 114, 169, 236,  85, 159, 171, 189, 172,  24, 159, 255,  72,  90, 129, 215, 125,  24,  26,  75, 250,   0, 219, 255, 117, 125, 192,  64, 198,  35;
  35,  44, 241,  65, 213, 127, 224,   7,  91, 227, 120,  72, 160,  56, 213, 180,  89,  46,  18,  25, 151, 186, 245, 218,  15,  28,  21,  38, 207, 204,  90, 172;
 237, 189, 249, 113, 245, 253, 221, 191, 123, 127, 188, 124, 159,  61, 222,  49, 135, 219, 213,  24, 183, 110, 249, 247, 239, 221,  53, 246, 194, 192, 199, 243;
 229, 100,  41,  97,  20,  79, 195, 144, 116, 226,  99,  88, 211,  16, 153,  41,  24, 204,  76, 126, 249, 180, 253,  14, 229, 175,  33,  84,  96,  43,  82,  32;
 173, 229, 103,  95, 237,  15, 231, 248,  93, 234, 247,  74,  90,  89, 157,  37,  88, 196, 119, 111, 225, 246, 125, 254, 127,  26,  69,   4,  87, 191, 210, 225;
 206, 184, 180,  91, 233, 253, 184, 158, 171,  95,  53,  61, 140,  31,  78, 127, 135,  19, 253,  17, 182,  76, 250, 241,  15,  91,  94, 255, 210,  69, 143,  87;
 185, 221,  12, 235,  29, 215,  75, 252,  21,  72, 213,  70, 123,  93,  58, 225, 248, 132,  31, 255, 251, 175, 123, 191, 249, 233, 171,  92,  59,  11, 248,  50;
 136, 176,  30, 186,  25, 205, 177, 103, 190,  29, 100,  17, 188, 159,  98,   1, 193,  51, 203,  17,  54,  13,  18,  87, 203, 209,  26, 107,  16,   0, 175, 202;
  38, 160, 169, 123, 248, 173, 169, 201,  30,  51, 113, 208, 149, 252,  92,  40, 159,  27,  83,  21, 146, 120, 219,  19,  13,  28,  59, 124, 213,  75, 195, 160;
  77, 188, 187, 225, 116, 175, 107, 186, 118, 233, 126,  72, 215,  55, 144,  80,  23, 221,  21,  60, 187, 188, 105,  62, 237, 175,  37, 196, 224, 131,  66, 105;
 186, 206,  72, 172, 113, 135,  94, 255,  17,  14, 252, 229,  43,  75,  58,  81, 221, 139, 133, 230, 238,  30,  72, 191, 242, 241, 172, 173,  51, 148, 174, 203;
 103, 120, 249,  64, 108,  93,  94, 136, 235, 242, 165, 140,  66,  70, 207,  62, 143, 212, 252, 126, 205, 103, 255, 208,  31, 216,  69,  63, 199, 191,  78,  84;
 231,  71, 236,  84, 232,  58, 237, 181, 233, 254, 183, 252,  82,  44, 159, 127,  39, 196, 124, 238, 253,  67, 237,  76, 126,  58, 101, 148, 205, 244, 202,  85;
 217,  74,  90,  37,  34, 158, 246,  49, 124, 202, 114,  98, 127,  24, 131, 241,  54, 165, 108, 110, 229, 180,   5,  79, 244, 235,  96, 128, 105, 160, 105,  13;
  82, 104, 114, 222,  91, 193,  19,  68, 175,   5, 228,  11,  44, 215,  34,  84,  98, 187, 235, 192,   2,  11, 162, 253, 147, 228,  26,  59,  51,   3,  39, 234;
   0, 179,  61, 185,  28, 197, 177, 207,  78,  77, 248,  71, 176, 156,  60,  32, 220,  27,  11, 145, 155, 169, 115,  23, 233, 132, 186,  80, 209,   8, 245, 251;
   0, 157,  63, 253, 156, 143, 134, 247, 132,   8, 138,  64, 247, 117,  32,   1, 204,  50, 123, 105, 121, 169,  83,  61, 233, 167, 126,  80,  80,   8, 177,  58;
  41, 155, 127,  97, 180, 223, 123, 182, 109,  77, 126, 108, 159,  63, 150,  48, 134, 215, 253,  92, 155, 184, 113, 165, 239, 255,  32, 196, 194, 134, 199, 249;
 103, 114, 213,  86, 233,  13,  68, 204, 235, 186, 176, 108,  66, 248, 205, 158, 157, 213, 102,  82, 203, 103, 202, 112,  56,  26,  85, 190, 201,  51,  66,  29;
  76, 177, 246,  99, 163, 126, 119, 144, 105, 249,  63, 108, 223, 127, 203, 190, 183,  87, 253, 122, 145, 240, 185, 224, 239, 223, 101, 198, 238, 247, 143, 115;
  56, 135, 254, 237, 252,   2, 111, 255,   5, 176, 126,   2,  83, 105,  56,  66, 122, 198,  55, 232, 216, 186,  11, 140, 126, 239, 229, 132, 245, 250, 248, 136;
 167, 196, 197, 223, 108, 159, 174, 252,  94, 250, 241,  66, 224, 232, 253, 165,  89, 104,  50, 234, 231, 246, 111, 251,  38,  26, 199, 188,  95, 251, 216, 132;
  37,  19, 213,  69, 174,  63, 230,  25,  78, 170,  55, 108, 210,  48, 221, 174,  22,  68, 110,  46, 145, 112, 125,  24,   4,  30, 101,  52, 222, 251,  89,  37;
 173, 180, 119,  95, 253,  47, 231, 249, 253, 234, 253,  74,  90, 249, 157, 181,  63, 246, 118,  42, 241, 243, 123, 255,  63,  26,  69,  62,  71, 239,  82, 165;
  92,  49, 156, 242, 169, 108,  85,  25, 171, 191, 191,  24, 223, 247,  73,  90, 133, 215, 109,  16,  26,  67, 218,   0, 219, 253, 117, 127, 194,  98, 135,  35;
 124,   7, 121, 101, 180, 110,  71,  57, 116,  36, 111,   8, 211,  49, 152,  48,  50, 198, 108, 106, 248, 176, 233,  14, 227, 237,  33,  85,  98, 251, 198,  32;
  48, 199, 107, 107,  84, 199, 227, 249,  68,   8, 249,  66, 113,  81, 184, 112, 120, 152,  23, 234, 203, 178, 109,  63, 117, 172, 162,  68, 113, 139, 244, 160;
 223,  86, 246, 239,  35,  54, 127,  16,  53,  66, 247, 198, 253, 127, 155, 255, 118, 245, 255, 235, 169, 213, 181, 234, 210, 251, 202, 128, 175, 247,  41,  48;
 185, 247,  89, 101,  52,  15,  79,  61,  33, 168, 252,  76, 115,  87, 153,  48,  28, 252,  84, 110, 233, 176, 233,  15, 227, 237,  37, 180,  98, 186,  66, 169;
  88,  12, 183, 252,  17, 236,  83,  34, 165, 140, 238,   8, 191, 247,  33,  86, 192, 246, 109,   8,   8, 169, 242, 175, 243, 245,   0,  17,  34, 232,  70, 106;
 151, 204, 230, 159,  28, 179, 166, 236,  86,  82, 219,  87, 225, 232, 191, 233, 121, 106,  54, 199, 175, 228,  79, 255,  32, 110, 223, 136, 221, 127, 120, 140;
  40, 219, 120, 110, 124, 159,  95, 252, 201,  12, 252,  12, 255, 223,  32,  48, 220, 249, 199, 106, 200,  43, 106, 189, 243, 221,  33, 185,  80, 186,  70, 171;
 193, 139,  14, 148, 173, 140, 165, 103, 236, 181,   6,  25, 174, 160,  50,  79, 160,  38, 106,  13, 116, 105, 130, 100, 252,  50,  94, 121,   0,  12, 153,  76;
  82,  68,  79, 173,  82, 194, 105,  55, 164,  64,  66, 197,  53,   7,  32,  81, 118, 173,  31, 174,  97, 156,  16,  77, 245, 162, 170, 128,  56, 176,  36, 121;
   3,  26,  69,  31,  54, 174, 170,  56,  92,  65,  83, 230, 240, 104, 156, 228,  94,  46,  54, 173, 165, 176,  69, 223,   4,  62, 170, 128, 125, 143, 113, 133;
  40, 185,  56, 232, 252, 157,  95, 253,  15,  45, 124,  44,  63, 223, 100,  48, 156, 154, 215, 120, 218,  42, 122, 189, 235, 221,  37, 254, 114, 138, 198, 251;
  47, 183, 249,  99, 177, 191,  90, 157, 119, 105, 125, 229,  91, 253, 254, 176, 151,  90, 149,  28, 159, 176,  57, 179, 107, 221,  37, 231, 255, 199, 202,  83;
 101,  61, 133, 145, 140, 109, 101, 159,  90, 243,   8,  92, 150, 113,  81,  10, 129,  78, 104,  60,  51, 112, 219,   0, 141, 158,  85, 116, 136, 121, 210, 176;
  14, 178, 147, 187, 235, 241,  56,  75,  63, 123,  81, 245, 141, 206, 106, 156, 167, 155, 183, 149,  23,  84, 142, 209, 148,  84,  91, 239, 154,  69, 175, 213;
 131,  92,  55,  95,   7, 255, 165, 230, 220,  66,  74,  18, 240, 252, 181, 101, 225, 114,  58,  11, 225, 173,  55, 239,  37,  62,  90,   2,  85, 124,  85, 236;
 198, 189, 125, 113, 188, 253, 253, 183, 251, 123, 188,  61, 159,  63,  68,  59, 135, 115, 221,  16, 179, 109, 248, 246, 239, 223, 119, 246, 192, 208, 199, 251;
 165, 112,  63, 221,  78,  79, 161, 120,  94, 234, 246,  86, 212, 216, 180,  45, 124,  44, 122, 111, 241, 245, 115, 222,  21,  26,  67,  98,  89,  41,  97, 181;
  82, 106,  58, 222,  91, 193,  51, 204, 166,   5, 236,  35,  36, 215,  41,  80, 226, 187, 235, 192,   2,   3, 170, 125,  83, 165,  10,  59,  49,  19,  39, 234;
 189, 197,  67, 111,  20,  14,  71, 248,  68,   0, 235,  70, 115,  65,  40,  80, 120, 136,   4, 234, 105, 178,  89,  31, 241, 237, 160,  68, 123, 187, 114, 176;
 175, 128, 197, 221, 108,  31, 172, 232, 222, 250, 240,  94, 232, 232, 253, 229, 217, 110, 126,  47, 229, 118, 111, 219,   6,  95, 239, 188,  93, 236,  89, 132;
  95,  92, 246, 239, 141,  54,  95,  80,  33,  70, 255,   6, 235, 111,  31, 255, 124, 229, 253, 238, 141, 195, 253, 232, 179, 255, 194,   1, 171, 247, 106,  86;
 236, 253, 249, 115, 245, 125, 215, 216, 123, 250, 253, 120,  91, 253,  77,  57, 219, 222, 118,  66, 187, 118, 250, 163, 127, 223, 101, 111, 203, 251, 198, 243;
  51,  29,  72, 174, 102, 166,  94, 107,  25,  66, 249, 239, 102, 122,  51,  81, 250, 235,  21, 231, 237, 146,  92, 189, 176, 166, 202, 130,  61, 126, 122, 158;
 166, 234,  40, 184,  93, 149, 218, 202, 159,  31, 180, 157, 136, 207, 126,   9, 205, 153, 195, 135, 238,   7,  90, 211, 211, 213, 139, 127,  82,  13,  94, 210;
 237, 242, 237,  85, 232,  28, 252,  55, 248, 250, 118, 252,  88,  60, 214, 255,  39,  68, 244,  14, 229, 126, 167,  64,  78, 123, 117, 140, 203, 244, 203, 221;
  41,  40,  89,  65, 116, 175, 107,  18, 118, 169, 118,  64, 177,  19, 145, 112,  23,  60,  22,  28,  35, 188,  97,  63,  77, 143,  49,  64,  64, 129,  66, 169;
   7, 162, 131, 187, 243, 225,  40,  67,  63,  73,  91, 241, 141, 198, 120, 252, 183, 187, 151, 149, 151, 146,  14, 211, 140,  84, 155, 230, 132,  71, 167, 213;
  26, 156,  30, 186,  25, 229,  16, 103, 190,  31, 136,  17, 172, 155,  34,  64, 225,  51, 235, 129,  30,  15,  18, 247, 243, 247,  26,  91,  16,   0, 173,  10;
  88,  77,  26, 188, 155, 236,  87, 103, 173,   5, 238,   1,  46, 183,  34,  80, 224, 247, 169,  64,  16, 139, 146, 239, 243, 245,  18,  11,   2,  80, 173,  42;
  91, 181,  57, 102, 179, 127,  87, 191,  35, 237, 190,  45,  95,  55, 202, 180, 151, 215, 221,  36, 221,  73, 185,  31, 235, 223,  37, 247, 234, 230, 143, 119;
   5,   3,  69,  77,  52, 171, 170,  56,  92,  97,  91, 246, 209,  96, 148, 228, 118,  44,  58,  45, 177, 176,  85, 223,  36,  62, 170, 192, 221, 139,  89, 180;
  64, 167, 156,  26, 157, 168, 176,  15, 238,  21, 141,  49, 166, 224,  14,  78, 129,   3, 234,  17,  54, 105, 203,  85, 204,  54,  82,  91, 208,  64, 173,  14;
 189, 221,  44, 235, 189, 215,  71, 253,  85, 106, 191,  30, 251,  93,  58, 225, 217, 130,  95, 111, 233, 167, 121, 191, 243, 219, 231, 212,  26,  31, 216, 115;
 103, 247,  81,  76, 235,  25,  86, 249, 107, 232, 185, 237,  74, 236, 204, 150, 151, 197, 228, 102, 215,  34, 207, 223,  62,  92,  37, 254, 111, 247, 202,  21;
 132,  24, 215,  71, 162, 110,  41,  17,  44, 194,  99, 240, 220,  55, 128,  94,  38, 117, 106, 140,  17, 156, 177,  66,  69, 168,  98, 128, 192, 227, 167, 177;
   5, 160, 145, 233, 188, 173, 139,   9,  78,  49,   9,  80, 151,  89,  88,  32,  91,  25,  90,  25,  27,  32,  91,  17, 205, 156,  11, 124, 212, 139, 129, 160;
  68, 189,  61, 243, 168, 237, 189, 183, 170, 115, 188,  24, 191, 191,  64,  59, 167, 115, 125,  17, 115, 105, 186, 119, 239, 219, 127, 124, 192,  80, 135, 123;
 240, 240, 185, 112, 185, 205,  81, 221, 171, 189, 165,  24, 159, 215,  72,  50, 133, 159, 109,  16,  90, 107, 250,  16, 251, 217,  53, 126, 192,   0, 199,  35;
 209, 227, 106, 204,  54, 130, 201,  93,  86,  37, 215, 130,  83, 201, 148, 100, 126, 140,  63, 248, 218, 235, 229, 221, 250, 172, 163, 252,  37, 136, 240,  32;
  25, 151,  67,  69,  18,  14, 107,  56, 116, 224, 111, 198,  83,   1, 152, 117, 124, 140,   0, 238, 201, 176, 117,  13, 100, 173, 161,   4, 111, 162,  98, 176;
 163, 148, 119, 221, 109,  63, 224, 106, 221, 234, 240,  90, 202, 248, 156, 167, 254, 133, 126,  40, 165, 119, 243, 222,  31,  58,  67,  62,  95, 172,  83, 165;
  80,   8, 111, 191,  66, 230, 125,  48, 176,  70,  67, 129, 117,  55,  33,  89, 102, 191,  57, 143,  32, 148,  48,  44, 213, 163, 250,   0,  36, 227,  37, 104;
 222, 174, 230, 184, 218, 162, 121, 219, 183, 150, 222, 183,  77, 231, 123,  94, 127, 175, 255, 181, 184, 199, 143, 210, 254, 103, 239, 205, 166, 228,  37, 112;
 183, 204, 228, 191, 188, 179, 198, 236,  87,  82, 219,  87, 227, 232, 191, 233,  89,  98,  62, 103, 175, 228,  79, 191, 172, 126, 223, 156, 221, 127, 120, 140;
  57, 133, 121, 101,  52,  15, 111,  57, 112, 168, 127,  72, 243, 115, 144,  53,  24, 206,  20, 110, 249, 184, 105,  31, 231, 239,  33,   4,  98, 170,  66, 160;
 138,  22,  62, 186,   9, 165, 184, 107, 157,   6, 209, 183, 236, 206,  42,  73, 236, 179, 235, 129,  50, 143,  18, 223, 209, 243, 218,  91,  17,  12,  37, 154;
 221, 243, 248,  99, 182,  95, 127, 157, 123, 236,  55, 188, 223, 127, 207, 180, 183, 213, 221, 122, 247, 116, 173, 242, 238, 221,  39, 231, 238, 183, 203, 113;
 120, 134, 202, 237, 124,   2, 107, 125,  70, 165, 254,   6, 115, 233,  56,  66, 122, 196, 111, 168,  56, 171, 217,  15, 126, 175, 165,  84, 117, 170, 240, 128]