[ 92, 123,  58, 118,  54, 141,  54, 244, 236, 136, 251, 104, 247, 255,   0,  48, 182, 125, 204,  67, 196, 225, 138,  44, 241, 229,  38, 137,  96,  50,  47,   3;
 111, 253, 210,  66, 247, 187, 246, 196, 239, 232, 191, 110,  78, 248, 223, 180, 179, 228, 254, 126, 197,  49, 140, 242,  62,  92,   5, 247, 206, 247, 218,  21;
   5,  77,  71, 195, 230,  34, 111, 144, 100, 194,  83, 230, 209,  38, 209, 107, 102, 102,  30, 255, 193, 144,  45, 104,  36,  40, 238, 128, 172, 243,  49, 177;
  42, 126,  58,  90, 125, 253, 146,  70, 206,  13, 253,  40, 172, 216,  39, 160, 200,  59, 202,  17,   6, 171, 114, 253,  27,  85,  26, 123, 208,  15,  95, 143;
 126, 161, 230, 178, 205, 123, 210, 200,   3,  85, 185, 187,  75, 108,  94, 154, 217, 223, 203, 243,  28, 227, 220, 160, 159,  87, 201, 127, 231, 111, 254, 214;
  15, 216, 246, 123, 245, 156, 121, 181, 253,  91,  87,  48, 249, 255, 190, 109, 183,  58, 183, 156, 183, 252,  47, 247,  79, 255, 242, 192, 150, 149, 241, 253;
  92,  42, 191, 112, 170, 105,  81,  83, 163, 191, 173,  57,  23, 247,  67,  26,  35, 246, 109,  16,  24,  99, 170,   0, 219, 199, 117, 125, 226, 225, 134,  99;
 109, 115, 248,  69, 116,  31,  75,  56, 106, 168, 158, 108, 219,  50, 211, 180,  30, 236, 116, 254, 201,  50, 237, 200, 254, 221, 165, 180,  78, 183,  74,  33;
 208, 112, 191, 118,  42,  72,  85,  60, 160, 214, 167,  57, 247, 119,  73,  27,  35, 213, 109,  42, 104,  71, 179,   0, 209, 163, 116,  24,  96, 240,  39, 123;
 118, 164, 168, 178, 219, 161, 144, 202, 154, 181, 137, 187,   0, 236,  78,  10, 137, 219, 227, 145,  62, 107, 202,  51,  89,   6, 157, 127, 213,  77, 150, 130;
  60, 109,  97,  96, 149,  79,  71, 183,  96, 160, 168,  72,  51,   1,  81,  48,  24, 238,  68, 106,  72,  34, 241,  62, 241, 205,  37,  60,  99, 250, 214,  42;
  58, 239,  98, 138, 223, 209, 223, 237,  23,  69,  92, 171,  41, 205, 254,   4, 123, 202, 151, 213,  78, 186,  46, 255, 122,  69, 141, 239, 119, 158, 246, 206;
  97, 160, 186,  84,  97,  76, 113,  71, 123, 167, 100,   8,  54, 177,  70,  20, 145,  46,  96,  24,  18, 126, 144,  67,  93, 190,  20,  42, 203,  32, 194, 170;
 114,  58,  96, 184,  95, 249, 216,  74, 139, 221, 152, 139,  42, 204,  94,   8, 185, 185, 215, 145,  30,  35, 250, 245,  19,  84, 155, 251, 215,  15,  87, 214;
  88,  38, 252, 109, 186, 122, 121,  63,  57, 143, 126, 185, 143,  47, 130,  82,  38, 151, 237, 160,  48, 200, 161,  78, 238, 247,  48, 133, 226, 192, 167, 107;
  45,  97,  13,  97,  64,  79,  76,  24,  32, 168, 225,   9, 211,  23,   1,  49, 216, 140,  85, 238,  73, 146,  81,   8, 231, 201, 161,  20, 104, 179,  66, 130;
 183, 249,  85,  76, 122,  15,  70, 248,  57, 224, 160, 205, 114,  93,  13,  21, 158, 209,  68, 102, 233, 103,  89,  61, 179, 154,   5,  54, 105, 185, 194, 148;
 103, 190, 134,  26, 201, 180, 136, 207, 171,  83, 136, 205, 236, 234, 126, 222, 205, 107, 250, 149, 151,  75, 222, 241,  30,  92, 223, 123, 154,  85, 171,  28;
 220, 129, 219, 229, 182,  10, 111,  57,  52, 161, 255, 146,  95, 103, 136, 114, 118, 213,  61, 250,  89, 145, 169,   2, 252, 233, 175, 196,  38, 163, 161,  33;
  95,  71, 230,   5, 226,  26, 190,  39,  56, 230,  94, 231,  73,  46, 151, 254,  55, 245, 255, 167, 229, 209, 165, 202,  62,  39, 239, 129, 167, 246,  47,  93;
 103,  17, 228, 223, 173,  61, 220, 156, 139, 127, 181, 157, 236, 108,  95,  27, 143, 215, 253,   5, 182,  97, 251, 241,  15,  91, 221, 190, 223, 255, 215,  95;
 108,   9, 223, 110,  81,  74,  99, 144,  98, 129, 110,   8, 119, 243,   1,  82,  48, 238,  32,  74,   0, 184, 155,  40, 253, 175,  69,   0, 226, 243,  96,  42;
  87, 115, 226, 160, 242, 130, 175, 213,  43, 228, 154, 239,  13, 206, 211, 128,  62, 237, 149, 245, 222, 155, 132, 192, 184,  68, 175, 238, 173, 182, 179, 213;
 242, 120, 101,  60,  15,  65, 146, 104, 129, 246, 144, 143,  98,  76,  23,  23, 200, 245, 221, 227, 237, 103, 214, 223, 145,  18, 201, 191, 109,  45, 118,  86;
 216, 158,  17, 190,  56, 251,  17, 122,  30, 111, 245, 252, 190, 182, 162, 209, 215,  63, 236,   0,  41,  31,  97,  31, 144, 183,  58, 254,  24,   8,  13,  89;
 119,  77, 226,  68,  92,  19, 206, 250,  67, 224, 252,  10,  98, 233, 247, 118,  88, 236,  54, 232, 204, 115, 238, 236,  58,  60, 133, 184, 231, 254,  82, 100;
 112, 233,  56, 122,  28, 205,  83, 254, 163,  29, 172,   9,  50, 215,  98,  16, 200, 242, 109,  74,  74,  43, 250,  53, 251, 157,  36, 121,  80,  11,  86, 106;
 215,  36,  37,  71,  56, 116, 107, 168, 228, 240, 139, 208, 211, 102, 221, 247, 193, 196, 124, 186, 175,  69, 253,  47, 141, 248, 139, 212, 134, 231, 116, 100;
  95, 197, 229,  85, 182,   2, 239, 189, 123, 242,  62, 194,  89, 111, 156, 247,  55, 215,  53, 239, 249, 208, 173, 229,  58, 106, 239, 196, 175, 247, 240, 117;
 137, 177, 127,  97,  34,  14,  57,  48, 108, 120,  86, 228, 157,  23, 208,  97,  38,  21, 127, 238, 193, 148, 229,  68, 196, 169, 106, 196,  36, 129,   3, 241;
  43, 133,   7, 217, 253, 183, 106,  63,  87,   9, 122,  84, 176, 224, 180, 228,  88,  42,  30, 184, 187, 168,  67, 223,  46,  30, 129, 192, 154, 200, 216, 172;
  67, 233,  39, 133,  60, 146, 170, 176, 236, 192, 218, 198, 253, 206, 145, 230, 246, 229, 127, 205, 199, 153, 231, 237, 164, 124, 171, 128,  12,  38,  49, 124;
  82,  70, 234,   4,  50,  66,  59, 117,  53, 197, 206, 171,  89,  47, 182, 116,  55, 229, 221, 189, 184, 157,  37,  78, 250,  46, 158, 197, 167, 166, 167, 125;
  88, 237,  18, 101,  20, 138, 102, 247,  96, 168, 106,  72, 183, 177,   1, 208,  48, 108,  76, 104,  65, 185, 129,  15, 233, 229,  37,   0,  96, 178,  66, 168;
 111,  28, 127, 254,  75, 244, 187,  80, 137,  70, 253, 143, 124, 222,  63, 232, 238, 177, 243, 135, 197,   7,  62, 251,  87, 127, 202, 139, 127, 103,  47, 247;
 212, 229, 150,  39, 145,  78, 103, 228,  49, 164, 235,  24,  71, 226,  11, 214,  48, 228, 104, 106, 108, 209, 137,  46, 177, 230,  69,  17,  34, 115, 234,   6;
   9, 222, 220, 191, 234, 172,  61, 190,  62,  95, 116, 165, 189, 191, 163,  91, 199,  75, 183,   7, 231,  76,  67, 125, 102, 251, 126, 136,  30, 212, 169, 219;
  38, 233, 226, 154, 212, 129, 174, 200,  22,   1,  81,   2,  64, 200, 121,   8, 120,  74,  19, 211, 146, 178,   8, 227,  56,   4, 142, 200, 149,  91, 240, 128;
 253, 177, 183, 118, 245, 220, 243,  88, 249, 201, 243,  92, 126, 248,  60, 182, 188, 239, 124, 107, 191, 227, 186, 239, 147, 249,   1,  10,  74,  35, 227, 167;
  56,  97, 154, 108,  73,  75,  85,  77,  51,   6, 228,   8,  55, 211,  33,  24, 216, 184,  65,  32,  72,  35, 210,  24, 241, 229,   1,  57, 112, 120,   6, 162;
 103, 180, 128,   2, 189,  91, 114, 159, 239, 249, 191,  45, 206, 120, 222, 150, 185, 198, 236,  21,  31, 105, 221,  34, 186,  87,  21, 119, 202, 111, 137,  86;
  61, 205, 107, 175, 148, 130, 239, 248,  84,  64, 218, 199, 115, 232, 179,  96, 120, 238,  23, 239, 205, 187,  44,  63, 240, 237, 175, 128, 125, 187, 112, 216;
   3, 180,  19,  68, 185,  63, 128, 107,  90, 227, 168,  76, 150, 252,  68, 174, 157,  87,  88,  57, 177, 235, 243,  14, 137, 158,  27, 126, 200,  72,  11, 180;
 203, 241,  51, 182,  67, 220,  61, 101, 185,  67, 107,  24, 172, 214, 104, 244, 162, 187, 243, 129,  67,  13, 178, 195, 183, 248,  30,  43,  34,   6, 167, 110;
  18,  38, 162, 156, 221,  49, 184, 107,  31, 207, 208, 159, 136, 172, 118,   8, 253, 139, 223, 149, 190, 123, 230, 195,  28, 118, 154, 235, 213,  76, 191, 199;
  67, 141,  57,  90, 153, 212, 159, 175, 234,  93, 140,   8, 180, 190,  76, 114, 193,  87, 121,  88,  90,  11, 250, 117, 251, 189, 158, 121, 144,   0, 167, 106;
  45,  61, 239, 101, 244,  14, 239, 183, 116, 233, 126,  68,  81,  57, 149,  43,  47,  70,  22,  60, 177, 248,  53,  44, 111,  15, 244, 192, 239, 208, 242, 233;
 111, 251, 125,  94, 169,  87, 159, 184, 195, 252, 157, 173,  88, 253, 222, 183, 159, 117, 253,  99, 253,  67, 255, 189, 123,  91, 237, 255,  94, 190, 222, 119;
  39,  43, 194,  93, 100, 159, 230, 228, 255, 168, 244, 204, 171, 232, 215, 164, 218, 236, 198,  79, 197, 242, 196, 248,  38,  95,  71, 160, 207, 188,  90, 141;
 233,  42, 110,  84, 124, 152, 233,  48, 233, 220, 118, 172, 107, 200, 215, 247,  34, 100, 230, 110, 228, 124, 166,  77,  94,  57,  97, 137,  71, 141,  74,  77;
 168, 156,  50, 122, 117, 189, 120,  19, 253,   9, 127,  24, 174, 155,  36,  16, 134,  59,  70,  24, 178, 188,  48, 215, 199, 253,  16,  66, 194, 136,  66, 139;
  92, 200, 190, 246, 141, 239,  87, 160, 231, 189, 175,   8, 223, 117,  99,  10, 161, 246, 109,  91,  24, 105,  59, 180, 219, 215,  69,  85, 194, 123,  68,  98;
  85, 100,   1, 160,  24,  11, 110,   8,  34, 160, 138,  72, 215, 194,  65, 146, 179, 197, 108, 247,  77,  87, 137,  30, 184, 132,  45,  52,  40,  50,   2,   8;
 128, 156, 127,  93,  83, 239, 181, 103, 189,  23, 102,  16,  60, 183,  36,  53, 163,  51,   3,   0, 114, 189,  50, 127, 103, 186,  82,  67,  83,  64, 165, 250;
 203, 153, 191, 191, 170, 198, 189, 183, 190, 223,  94,  53, 252, 255,  38, 106, 199, 119, 255, 149, 241,  77, 186, 226, 111, 127, 254, 194, 144,  85, 165, 123;
  67, 170, 140,  26, 233, 180, 140, 135, 171,  31, 132, 213, 168, 234,  86, 222, 197,  99, 251, 157, 150,  79, 222, 241,  30,  59, 222, 251, 152,  84, 187,  12;
 105, 116,  29,  77, 217, 111,  71, 127,  22, 234, 236,  28, 211,  55,   3, 112,  89, 222, 122,  40,  57,  62, 121,  31, 119, 191,  53,  52, 218, 120, 198, 250;
 246,  92, 225, 248, 203,  97, 145, 206,  19, 215, 224, 187,   8, 254, 101,  25, 223, 219, 179, 209,  46, 111, 246, 242,  27,  86, 223, 127, 245, 117,  38,  86;
  88, 113,  19, 230, 131,  78, 117,  53,  36,  66,  99,   8, 191,  23,   0, 113, 178, 159, 124, 106,  81, 184, 177,  12, 241, 232, 112,   0,  34,  18, 135,  59;
  49, 181,  49,  33, 149, 255, 224,  99, 127, 105, 251,  88, 142,  60,   4, 184, 185, 155, 228,  17, 159, 186, 115,  23, 153, 214,  82,  86, 201,  77, 198,  22;
 116,  40, 190, 116, 235, 252, 177,  66, 233, 151, 166,  25,  14, 184, 103,  27, 160, 103, 224,  80,  20, 239, 178,  96,  91, 251,  80,  11, 193,  97, 111, 198;
 195, 191,  65, 170,  58, 137,  42, 182,  63, 105, 153, 253, 173,  14, 196, 212, 182, 131, 223, 149, 151,  13, 141, 247, 188,  84,  42, 250, 156, 134, 139,  93;
  77, 187, 157,  19, 186, 157,  33, 153,  46, 249,  23, 236, 156, 214, 202, 182,  39,  86, 254,  93, 147,  88, 191, 112, 140,   1,  55, 244, 136,   6, 139, 117;
   2, 149, 123, 216, 219, 229, 177, 103, 140,  17, 108,  34,  60, 183,  36, 100, 111,  59, 147, 144,  19,  11,  50, 213, 121,  44,  26, 107,  19,   0, 165, 187;
 105,  21, 125, 127,  96,  47, 109,  51, 117,  42, 119, 112, 243,  49, 144, 121,  22, 190,  54,  40, 176, 184, 113,  29,  70, 171, 112,   0, 123, 224,  64,  41;
 208,  97, 147, 172, 147, 132,  22,  69, 172,   8, 235,   1, 126, 211, 105,  80, 178, 189, 109, 192,  73, 129, 144,  66, 241, 164,  10,  10,  40,  50, 163,   2;
 194,  48, 253, 113, 160, 108, 125,  23,  43, 251,  54, 124, 159,  31,  81, 122, 135,  21, 125,  28, 129, 212, 243,  64, 199, 251, 117, 132, 160, 224,   7, 123;
 208, 113, 159, 254,  10,  76,  69,  61, 160, 210, 131,  24, 247, 119,   8, 115,  34, 117, 125, 234, 105,  69, 187,   9, 241, 227, 111,  24,  32,  48, 135,  58;
   6,  73,   2, 155, 214, 131, 174, 197,  20,   1,  83,  18, 104, 202,  56,  64, 122,  43,  19, 211,  82, 152,   8, 254,  40,   6, 158, 192, 148,  27, 177, 128;
  95, 209, 196, 231, 165,  50, 107, 148,  35,  49,  95, 130, 217,  59, 216, 230,  38, 215, 253, 219,  25, 144, 219, 160, 142, 253, 206, 196, 175, 231, 248,  32;
 239,  89, 210,  84, 229,  28, 236, 181, 121, 202, 230,  76, 106, 248, 221, 254, 182, 230, 240,  78, 197, 119, 182, 226,  54, 122,  87,  10,  75, 246, 235,  12;
 184, 151, 118, 105, 178, 219, 127, 255,  53,  32, 126, 178,  91,  31, 132,  53,  62, 147, 151, 232, 249, 184, 101, 223, 238, 219,  36, 197, 119, 128, 230, 185;
 162,  94,  35, 156, 239, 221, 183, 230, 159,  78,  84, 239, 172, 252, 167, 133, 239, 123, 135,  67, 231,  79,  50, 255, 181, 114, 222, 187,  22, 125,  21, 255;
 233, 142, 125, 115,  32, 175, 121,  50, 117,  42, 126,  80, 243,  51, 128, 113,  23, 150,  36, 170, 168, 252, 105,  63, 207, 235, 113,   0,  96, 192,  66,  41;
  91, 185, 147, 178, 147, 220,  30, 231, 187,  65,  74,  77, 174, 254,  98, 208, 183, 107, 249, 149,  23,  25, 152, 247, 185, 247,  31, 106, 138,  86, 171,  94;
 105,  45,  60,  97, 225, 127, 101,  55,  97,  58, 110,   8, 155,  49,   1, 183, 129, 142,  68,  40,  89, 184, 113,  12, 231, 251, 101,   5, 226, 240, 202, 168;
 177,  76, 111, 223,  76,  34, 237, 124, 149,  82, 215,  82, 113, 105, 189, 111, 105, 228,  59, 235, 225, 231, 111, 253, 118,  43, 250, 144,  55, 249, 112, 232;
  68, 148, 189,  91, 188, 232, 209, 139, 254, 127, 175,  48, 210, 252, 204, 122, 193,  22, 124,  16,  59, 105, 251,  18, 203, 191, 119,  87, 208,  72, 197, 115;
 124,  45, 249, 102, 228, 114,  79,  81, 113, 132, 125, 170,  91, 101, 147,  62,  26, 246, 117, 186, 152, 242, 236,   8, 126, 238, 225, 137, 231, 243, 118, 224;
  53, 117,  91,  79,  82, 207, 103, 121, 112, 192, 105, 104, 115, 241, 169,  48,  62, 120,   0, 106,  65, 178,  56,  14, 109, 140,  37,   0, 105, 178,  98, 161;
  80,  73, 146, 190,   9, 192,  38,   1, 168,   8, 203,   0, 188, 211,  32, 210, 160,  39, 104, 194,  75, 137, 130, 107, 209, 180,  10,  11,   8,  18, 171,  10;
  33,  45,  92,  87,  85, 191,  66,  34, 117, 160, 226,  72, 178,  48,   1, 177,  88, 174,  66,  40,  61, 186,  65,  46,   6, 174,   1,  17, 224, 105,  74, 132;
  83,  16,  50, 137,  11, 208, 184,  64, 236,  65, 194,  35, 140, 158, 118, 106, 226, 145, 219, 145, 134,  11, 181, 208, 151,  32, 154, 203,  21,   4,  37,  86;
 235,  24, 210,  92,  99,  28, 126,  59, 121, 202, 118, 124, 106, 178, 133, 246, 182, 252, 244,  42, 229,  30, 178, 202,  30, 254,  85, 138,  75, 164, 107,  29;
  39, 169,  97,  67,  29, 159, 194, 232, 105, 160, 171,  74, 210, 200, 220, 164,  88, 228,  88, 123, 223, 169, 237, 108,  56,  28, 133, 116,  77, 171,  90,   4;
 103, 170, 104,  18, 252, 169, 192, 202, 219,  53, 168, 153, 130, 232,  94,  24, 137, 202,  66,  21,  62, 122, 206, 119,  30,  22,  21, 125, 197,  77, 218, 134;
   9,  52, 186,  69, 165,  62, 228,  55, 125,  75, 118,  84, 158,  56, 150, 188, 149,  14, 214,  13, 181, 184, 245, 194,  39, 127,  80,   6, 202, 236, 203, 141;
  96, 188, 189, 120, 249, 237, 145, 159, 251,  95,  52,  24, 182, 157,   4,  57, 133,  27, 117,  17, 179, 108, 242,  55, 207, 255, 116, 126, 208,   8, 214, 115;
 166,  13, 128, 158, 124,  41, 202, 200, 159, 178, 176,  26, 226, 232, 113,  75, 216, 200,  95,  99,  42,  39, 202, 250, 148,  16, 203, 184, 148, 121,  80,   0;
  31, 253,  82,  70, 179, 191,  86, 254, 127, 234, 126,  78,  78, 249, 255, 164,  55, 238, 212, 110, 237,  48, 152, 250, 186,  94,   5, 166, 238, 255, 202,  21;
 248, 199,  14, 174,  84, 130, 102, 101, 100,   0, 202,  66, 115,  35,  40,  65, 120, 166,  42, 232, 104, 155,   1,  45, 176, 161, 162,   0,  48,  26, 248,  40;
  23,  28, 108, 173, 184,  38,  79, 184,  52, 250, 159, 197, 213, 102,  27, 123,  93, 199, 125, 175, 169, 192, 125,  29, 236, 239, 239, 148, 156, 243,  57, 120;
 127,  80, 212,  31, 171, 126,  20, 185, 249, 242, 101, 244, 219, 126, 143, 255,  23,  85, 248,  39, 173, 212, 223,   8, 134, 123,  93,  22, 174, 119, 139, 150;
  34, 235, 106,   8, 220, 193, 239, 205,   3, 133, 124, 139,  32, 197, 118,  20,  88, 234,   3, 220,  90,  58, 230, 115, 125,   4, 133, 233,  83, 158, 246, 232;
 220,  17, 188, 229,  31,  79,  81,   8, 139, 180, 135,  27, 223,  93,  90, 107, 146, 213, 249, 115,  24,  97, 251, 149, 217, 249,  73, 119,  34,  43,   5,  98;
 108,  32, 145, 104, 201, 125,  81, 200, 107,  59, 165,  24,  14, 209,  73, 190, 129, 148, 236,  24,  27,  99, 218,  16, 155, 216,  65, 127, 194,  65,  66,  34;
 189, 184,  48, 105, 117, 157,  82, 248, 115,  41, 100,  40, 159, 153,  66, 180, 157,  24,  22,  89, 222,  62, 216,  19, 203, 221,  49, 126, 122, 137,  74, 135;
  40,  44,  61, 115, 125, 237,  65,   6,  99,  45, 172,   8, 178,  21,  65,  56, 137, 186,  68,  24,  10, 250, 240,  61, 207, 157,  16, 113, 194,  73,  70, 234;
 192,  29,  31, 246, 224, 172,  55, 244, 168, 138, 106,  72, 252, 243,  97,  83, 164, 119, 123,  66,  33,  89, 146, 110, 253, 178, 110,  10,   8, 115,  35,  43;
  45,  92, 237, 127, 139, 119,  95, 184, 212, 242, 103, 196, 121, 117, 131, 187,  31, 118, 241, 106, 225, 196, 127,  40, 103, 235, 101,  16, 255, 255,  68, 240;
   1, 242, 185, 217,  96, 108, 169, 223, 122, 123, 124, 100, 188, 183, 229,  44, 167,  27,  54,  24, 131, 122, 163,  81,  68, 158, 126, 168, 217, 208,  35, 249;
 102, 251, 240,  64, 255,  73, 150, 220, 203, 189, 188,  47,  74, 253,  93,  30, 159, 221, 247,  83, 146,  99, 218, 241,  63,  88,  77, 255, 215, 127, 215, 151;
 202,  68, 188, 190,  45,  98,  92,  44, 136, 242, 129,  25, 221, 126,  29,  75, 195, 197, 249, 163, 104,  69, 219, 139, 131, 243, 223,  29,  20, 121,  21,  74;
 138, 189, 149,  91, 187, 249,  48,  39, 191,  91, 107, 116, 174, 182, 132, 253, 167,  59, 238,  16,  51,  73,  19, 247, 141, 214,  90, 234, 218,  68, 137,  63;
 208, 169,  26, 178, 139, 192,  18, 232, 170, 176, 130,   9, 174, 210, 104, 211, 160, 119, 233,  83,  70,  79, 138,  53, 217, 193,  15, 123,   0,   0,  47,  10;
  33,  57, 250,  74, 117, 239, 179,  70, 235,  65, 124,   8,  58, 209,  39,  52, 152,  58,  82,  88, 131, 186,  48, 125, 103, 156,   0,  98, 203,  67,  66, 174;
  33, 239,  74,  76,  84, 141, 239, 247, 113,   4, 108, 142,  33, 129, 150,  20, 120, 168,   2, 236, 204,  58, 244, 127, 118,  44, 134,  40, 111, 154, 250, 136;
 252, 244, 184, 240, 189,  93,  87, 159,  87, 171, 164,  24, 223, 253,  73,  16, 153, 222, 125,  88, 122, 111, 249, 179, 251, 221,   5, 126, 210, 121, 210,  10;
 220, 250, 216, 115, 226,   9, 118, 145,  59, 175,  55, 253,  31, 171, 201,  24, 183, 223, 196,  18, 146, 116, 136,  99, 254, 197,  53, 237, 235, 243, 139,  19;
 232,  98, 110,  21, 110, 216, 249, 108, 233, 212, 118, 191, 107, 204, 158, 215,  42, 164, 230, 111, 230, 118, 166, 205,  86, 105,  96, 169, 103, 133,  95, 204;
 137, 209, 107,  79,  38,  19, 255, 253,  86, 106,  22, 182, 113,  93, 190,  32,  62,  16,  23, 239, 227,  53,  45,  87, 102,   9, 171, 132, 117, 186, 245, 249;
  72, 188,  61, 248, 185, 237, 145, 183, 170,  93, 188,  57, 190, 189,   0,  56, 133,  51, 253,  17,  19, 111, 114,  55, 203, 223,  60, 123, 210,  64, 135, 251;
 220,  69, 202,   4, 139,  18,  78,  43, 161, 166, 142, 130,  75, 227,  35, 214,  50, 228, 232, 238,  76, 129, 133,  74, 242, 229,  71,  21, 163, 246, 175,   6;
 117, 125, 219,  68, 240, 251, 214, 198, 105, 232, 250, 104, 114, 248, 133, 176, 186, 246,  76, 112, 141, 163, 180,  78,  58, 188,  37,  18, 201, 115,  74,   7;
 141,  58, 155, 187, 242, 189, 187,  90, 190,  95,  85, 245, 189, 198, 171, 108, 183,  43, 222,  29, 167,   5,  46, 251, 196,  87,  59, 168, 158, 197,  11, 241;
  47, 112, 150,  82, 109, 157,  84,  16, 237,  56, 183,  76, 142, 216, 223, 190, 140, 160, 254,  74, 157, 163, 242, 192, 151,  89,  80,  59, 202, 191,  74,   5;
  35, 226, 196, 155,  60, 153, 200, 137,  95,  49, 181, 214, 227,  72, 158, 172, 217,   8, 206,  28, 158,  96,  79, 149, 142,  94, 147, 253, 223, 140, 216, 132;
 166, 108, 148, 153, 172,  43, 142,  72, 140, 178, 145,  90, 214,  90,  97,  75, 203, 100,  95, 115, 112, 103, 203, 232, 148, 146, 207, 190, 156, 121,  89, 129;
 164, 167, 105,  64, 116,  75, 227,  72, 107, 236, 185,  40,  82, 192, 220,  48,  56, 136,  70, 122, 227,  35, 232,  30, 124,   8,  37, 188,  65, 171,  86, 225;
  93, 164, 236,  54, 202, 122, 156, 137, 234, 243,  15, 157,  79, 108,  95, 155, 163, 199, 241,  53, 180, 117, 143,   0, 154,  75, 125, 119, 237, 118, 155,  86;
 220, 205,  85, 229, 182,  10, 110, 191,  49, 178, 210, 210,  95,   3, 144, 119, 118, 212,  61, 234, 121, 220, 149, 142, 250, 233, 231, 196,  47, 176, 160,  33;
 176, 103, 127, 101,  18,  75, 103, 120,  52, 164, 246, 226,  83,   7, 137,  49,  62, 220,  68, 234, 105, 177,  37,  12, 241, 169,  37, 132, 101, 162, 102, 169;
 184, 157, 118, 109, 166,  27,  94, 119, 117,  98, 254, 178, 107,  63, 180,  53, 127, 183, 183, 168, 248, 188,  37, 223, 250, 255, 116, 192, 119, 224, 228,  61;
 246,  80, 109, 148,  79, 105, 129,  64, 137, 246, 144, 191, 226,  76,  23, 143, 104, 165, 219, 231, 173, 103, 246, 216,  21,  50, 218,  59, 125,  61,  86, 126;
  95,  95, 134, 190,  41, 148,  94,  50, 181, 194, 202, 197, 175, 238,  19, 210, 198, 231, 253, 199, 237, 203, 211, 235, 226, 247, 222, 153,  10, 181,  43,  30;
  95, 141, 229, 197, 166,  18, 239, 191, 107, 242, 190, 202,  89, 110, 212, 246,  55, 215, 125, 239, 209, 233, 175, 223,  58, 126, 239, 212, 103, 246, 249, 125;
 201,  26, 185, 113,  32, 238, 121,  18,  63,  75,  86, 116, 159,  31, 129, 120, 134,  29, 125,  24, 131, 148, 177,  82, 199, 255,  48, 128, 166, 193,   5, 115;
  67, 253, 138, 186, 201, 181, 156, 207, 171, 221, 136,  13, 172, 234, 118, 210, 205, 107, 251, 149, 158,  11, 218, 241, 186,  93, 143, 251, 152,  86, 187, 222;
  32, 240, 152, 218, 221, 245, 144, 206,  95,  31,  72,  16, 164, 209, 104,  76, 217,  26, 130,  16,   2,  38,  90, 179, 143, 212,  18, 107, 208,  27, 252, 142;
 200, 252, 184, 114, 137, 253,  23, 142, 251, 183,  37,  24, 190, 255,  72,  59, 129,  83, 249,  18,  50,  76, 250,  51, 207, 223,  85, 123, 210,  81, 143,  42;
 108,  32, 188, 115,  77,  77,  81, 152, 227, 179, 165,  24, 223, 243,  73,  58, 129, 220, 120,  24,  26, 103, 251,   0, 207, 255,  85, 125, 194, 163,  70,  34;
  26,  15,  94, 190, 226, 226,  61, 103, 181,  14, 120, 163,  45, 239,  35,  89, 230, 251, 135, 130, 104, 155,   2, 109, 242, 227, 250, 131,  53, 209, 167, 203;
  50, 140,  34, 159,  92, 163, 170, 238,  86,  33, 218,   2,  96, 232,  48,  64, 121, 234,  55, 161, 154, 187,  11, 255,  60,  38, 139, 132, 149,  74, 112, 136;
  75, 252, 146,  92,  81, 180, 124,  71, 187,   7, 108,   5,  44, 178, 102, 212, 225,  43, 130,  12,  70, 155, 178, 227,  55, 125, 158,  43, 138,  84, 235, 158;
 109,  30,  17, 191, 179, 251,  17,  51,  63, 111, 223, 252, 239, 102, 130, 252,  87,  62, 142,  20, 189, 154, 105, 159, 134, 247,  58, 211, 158, 204, 141, 117;
 199, 191,   1, 139, 178, 188, 170, 176,  45,  72, 155, 252, 189, 198, 220, 244,  39,  43,  94, 207, 247,  13, 237, 255, 188,  60, 170, 250,  12, 135, 131, 125;
  84, 113,  26, 228,  50, 143,  50,  48, 172, 136, 250, 108, 223, 223,   9,  80, 182, 253, 236,  99, 201, 161, 144,  14, 177, 229,  35, 140, 104,  35,  35,  51;
 157, 124, 147, 247, 131, 142,  54, 208,  52, 130,  71,  80, 223, 243, 105, 253,  51, 125, 184,  74,  97, 213, 154, 170, 145, 231,  87,   2,  42, 113, 171, 162;
  53, 181, 155,  33, 148, 239, 210,  67, 126,  97, 234,  76, 150, 188,  72, 176, 153, 155,  84,  17, 159, 186, 208,  23, 153, 213,  18,  66, 201,  75, 202,  22;
 104,  60,  55, 101,  33, 127,  81,  55, 105, 175,  46,  24, 138,  57,   4,  54, 129,  54, 236,   8, 156, 184, 241,  14, 199, 255,  16,  23, 194, 192,  70,  47;
 244, 102, 159,  38, 153, 123,  71, 232, 241, 238, 175,  25,  67, 242,  11,  23, 177, 228, 236,  98, 108, 215, 169,  46, 177, 231,  69,  23,  96, 115, 102,  70;
 171,  99,   0, 203, 237, 157, 204,  93,  79,  56, 125,  76, 143, 200, 220, 173, 216,   8, 118,  91, 223,  98, 202, 145, 166, 216, 111, 252,  94, 158, 219, 133;
 197,  27, 135, 183, 176, 142,  40,  49,  52, 169,  67, 244, 215,  99, 144, 212,  22, 100, 108,  92, 177, 220,  69,  46, 140, 182, 122, 192, 138, 161, 137,  17;
 207, 208, 238,  91, 108, 156, 249, 156, 255,  91,  86,  20, 249, 207, 254, 236,  55,  74,  55, 222, 199, 116, 174, 243,  79, 127, 246, 204, 150, 149, 249, 241;
   6, 201,   6, 154, 212, 129, 174, 228, 134,   1,  88,   2, 104, 202,  48,  64, 120, 107,  19, 211,  82, 138,  10, 245,  40,   4, 142, 200, 149,  27, 176, 136;
 241, 141,  46, 254, 204, 134,  79, 244, 196,  68, 255,   6, 115, 232,  54, 113, 216, 226,  62, 239, 252, 171, 126,  61, 115, 171, 231,  24,  29, 187, 120,  72;
 205,  65, 173, 173, 136,  14,  79,  57,  53, 226, 199,  76, 219, 103,  19, 123,  92, 196, 125, 239, 185,  82, 251,   8, 239, 251, 207,  28, 170, 178,  56, 112;
  86, 120, 235, 133, 195,  82, 191,  69, 186, 230,  70, 143,  76, 254,  71,  18,  55, 253, 243, 247, 197, 211, 188, 202,  61,  38,  79,  39, 173, 118,  47, 222;
  42,  34, 160, 168, 125, 211, 216,  75,  31, 109, 209, 171, 141, 140, 118,   8, 220, 153, 183, 149,  30, 122, 227, 209, 158, 119, 154, 239, 149,  12, 182, 215;
  62, 123, 232, 234, 141, 127, 214, 216,   3, 172, 189,  47,  74, 125,  79,  26, 220, 221, 245, 243, 142,  35, 219, 160, 251, 213, 141, 255, 243, 127, 222, 211;
  61,  77, 107, 175,  20, 131, 207, 248,  84, 192, 250,  70, 115, 233, 179, 224, 120, 236,  22, 239, 205, 179,  44, 189, 240, 237, 167, 128,  63, 187, 112, 232;
  99, 109, 226,  70,  92, 146, 238, 109, 195, 224, 252, 139,  96, 204, 247,  32,  88, 236,  23, 237, 204,  51, 236, 207,  62,  12, 135, 184, 103, 190, 114, 204;
  50, 243,  40, 250, 125, 213, 154, 217, 139, 124, 149, 175,  46, 221, 111,  16, 252, 153, 215, 209, 202,  35, 186, 241, 179, 213, 137, 191,  87,  14,  54, 215;
  74, 167, 220, 229, 184, 186, 120,  55,  41,  45, 255, 189, 143,  47,   2,  82, 167, 151, 237, 132,  24, 216, 193, 198, 198, 247,  58, 193, 162, 196, 175,  75;
  74, 188, 189, 241, 185, 236, 177, 135, 186, 127,  52,  57, 158, 191,  64,  27, 135,  55, 253,  17,  51,  76, 178, 215, 207, 247,  62, 243, 192,  64, 135, 123;
 161,  42, 232,  53, 164, 123, 233,   3, 121, 103, 246,  25, 131,  40,  22,  10,   8, 174,  99,  13, 156, 252, 229,   2, 199,  63,  80,   1, 196, 172,  94, 204;
  44, 115,  89, 109, 124,  15,  71,  56,  32, 168, 125, 108,  83,  83, 137,  16,  88, 140,  84, 106,  73, 178, 193,  28, 228, 233, 161, 180, 106, 171,  82, 163;
 229, 249,  63, 104, 252,  30,  82, 248, 235,  72, 252,  76,  94, 216,  29,  49, 216, 204,  94, 127, 159,  99, 186,  53, 251, 249,   7,  92, 200,  59, 122, 243;
  73, 249, 191,  63,  58, 220,  59, 156, 174,  93, 134, 132, 189, 215, 195, 118,  38, 117, 248, 220, 135,  73, 187,  49, 223,  97,  43, 184,  10, 183,  47, 121;
 127, 241, 228, 229, 173, 125, 222, 152, 171, 255, 191,  13, 206, 125,  95,  58, 167, 215, 253, 247, 158,  97, 251, 208, 219, 251, 205, 182, 199, 119, 215,  87;
  58,  43,  66,   0, 242, 130, 187, 113,  33, 196, 124, 231,  41, 143, 183,  20, 126, 171, 135, 212,  82, 155,   4, 236, 122,   4, 174, 193, 103, 134, 110, 217;
  38, 189,  98, 218, 223, 209, 190, 239, 159,  85,  93, 171,  40, 252, 126, 164, 249, 187, 147, 211, 118,  27,  58, 247,  59,   4, 143, 239,  23,  14, 191, 246;
 240, 253, 120, 122,  60, 205,  83, 252, 163,  12, 172,   8,  51, 215,  72,  16, 200, 250,  77,  74,  74,  43, 234,  55, 251, 221,  32, 121,  80, 139,  70, 106;
 119,  49, 232,   6, 146,  62, 154, 140,  59, 227, 143,  29, 222, 248,  95,  26, 151, 207, 121,  53, 158, 193, 221,  66, 218,  95,  13, 118, 204, 119, 155,  70;
 109, 139,  84,  78, 253,  30,  74, 185, 231,  57, 167,  76,  75, 104, 158, 246, 192, 196, 236, 124, 156,  43, 125, 221,  62, 255, 193,  86, 154, 166, 104,   4;
  65, 245, 156, 224,  56,  28,  88, 191, 239, 249, 138,  68, 159, 154, 209, 242, 134,   5, 124,  60, 143,   9, 211,  76, 174, 249,  39, 124,   8, 128,  40,  13;
  32,  45,  49,  67, 125, 237,  67,   7,  87,  41, 236,   8, 178,  53,  13,  52, 152,  26,  66,  24,  27,  58,  97,  63,  79, 156,  16, 114, 210,  74,  70, 234;
   9, 249, 183,  71, 116, 142, 235, 176, 228, 201,  95,  68, 248,  25, 148,  34,   4, 100, 122,  92, 195, 248,  57, 109,  79,  15,  38, 192,  78, 130, 113, 233;
 239, 183, 125, 110, 255,  95, 159, 184, 203, 252, 157, 236, 221, 125, 222, 179, 151,  85, 253,  99, 229,  99, 239, 159, 111,  91, 109, 255, 127, 182,  94, 119;
 130, 130,  42, 217, 104, 208, 184,   2, 174,  29,  82, 177, 140, 142, 246,  73, 198,  25, 187, 145, 134,  92, 166, 209,  70,  17, 250, 233, 148, 132,  37, 199;
 109, 176, 181,  90, 237,  61, 224, 219, 255,  89,  53,  92, 218, 248, 254, 252, 205,  10, 126,  28, 151, 107, 251, 243,  15, 126,  81, 126, 218, 205, 218, 133;
  55, 201,  96,  14,  95, 149, 150, 232, 207, 204, 252,  15, 106, 216, 183, 164, 218, 233, 214, 231, 206,  43,  78, 253,  50,  92,   5, 187,  95,  63, 122, 143;
  88,  89, 254, 236,  43,  64,  87, 103, 169, 132, 238,  34, 126, 191,  33, 114, 226, 247, 253,  66,  64, 139, 178, 233, 243, 237,  70,  11,  32, 114,  37, 107;
  38, 175, 226, 138, 223, 193, 158, 237,  23, 101,  93, 139,  96, 204, 126,   0,  89, 219, 147, 247,  94,  42,  14, 247,  59,  20, 143, 239, 183,  14, 182, 214;
 125, 115,  20, 111,  41,  29,  86,  16, 225,  24, 181, 108, 191,  81, 137, 191, 140, 144, 220, 106, 201,  35, 114, 233, 179, 249,  96, 186,  74, 247,  74, 181;
  92,  40, 190,  54, 203, 224, 177,  66, 234, 151, 229,  57,  46, 188,  99,  26, 171, 127, 235,  81,  20, 239, 162,  96, 219, 227,  94,  75, 193,  97, 175, 194;
  72, 120, 151, 118,  83, 205, 119, 148, 169, 192, 102,   8, 190,  23,   1, 191,  34, 244,  72,  72,   1, 176, 176,  40, 247, 249,  16,  18, 194, 243,  70,  59;
 151, 252, 218,  86, 246, 155, 246, 230, 123, 194, 126, 174, 106, 248, 247, 180, 179, 239, 150, 103, 229, 187,  12, 238,  58,  30,   5, 171, 239, 246, 234, 157;
  41,  19, 241, 119,  96,  46, 101,  55, 113, 107, 123,  92, 243,  51, 144, 120,  29, 174,  38,   8, 153, 184, 113,  29,  69, 239, 112,   0,  98, 224, 194, 169;
 235, 132,  26,  90,  81, 244, 121, 232, 249,  83, 229,  24,  58, 251,  62,  61, 233, 138, 211,  24,  62, 111,  58, 247,  91, 251,  16,  75, 210,   5, 106, 134;
  40, 255, 236, 125, 232, 171, 125, 191, 150, 191, 116, 181, 177, 231, 194,  11,  79, 126, 103,  12, 250, 220, 195,  49, 108, 154, 245, 176, 246, 216, 198, 249;
 134, 255,   4, 147, 203, 164, 190, 133, 172,  23, 203, 151, 204, 206, 123,  74, 103,  75, 251, 215,  86,  28, 222, 242,  36,  16, 142,  73, 156,  87, 169, 210;
 120, 104,  82, 168,  91,  75,  82,  70,  37, 161, 224,   8,  46,  19,   1, 144,  34, 189, 202, 112,   8, 171,  64,  12, 241, 229,  16,  19, 178,  25,  14,  10;
 131, 144,  51,  88, 116, 245, 168,  66, 255,  91, 112,  80, 156, 154, 180, 236, 165,  27,  18,  29, 183,  44,  50, 215,  13,  30,  26,  74, 216,   0,  33, 165;
 253, 113, 240,  70, 205,  93,  71, 184,  97, 238, 181,  12,  75, 113, 223, 190,  24, 196, 196, 106, 205,  38, 248,  42, 243, 219,  69,  61, 107, 191,  94, 102;
 208,  96, 157, 244,  42, 104,  85,  30, 160, 150, 131,  56, 247, 183,  73,  91,  39, 213, 125, 130, 104,  71, 227,   0, 209, 227, 117,  24,  32, 240,   6, 122;
   9, 185, 154, 176, 209, 141, 122, 215,  59,  73, 108,  77,  60, 151,  98,  16, 180,  43,  19, 220,  87, 154, 144, 119, 127, 141,   4, 104,  40,   0, 171, 219;
 140, 128,  50, 250, 113, 189, 112,  80, 255,  29, 117,  16, 142, 223,  44, 125, 167,  27, 151,  16, 178,  45,  50, 247, 199, 217,  18,  74, 210, 129, 227, 131;
 246, 163, 226,  50, 137,  89, 212, 201, 179, 183, 161, 155,   2, 204,  79,  26, 169, 198, 233,  83,  94, 103, 202, 176, 155,  82,  85,  63, 227,  92, 214,  70;
  92,  42, 187, 118, 168, 104,  81, 146, 162, 191, 172,  57, 183, 247,  65,  26,   7, 247, 109,  16,  26,  67, 226,  32, 217, 197, 117,  57, 224, 241,   6, 107;
 250, 157, 125, 232, 139, 118,  88, 191, 131, 116, 140,  27,  31,  63,  67, 123, 167, 151, 253, 177,  57,  75, 241, 156, 251, 227, 205, 255, 177,  96,   6, 123;
  85, 103, 139,  36,  16,  74,  71,  24,  98, 224, 139,  76, 215, 130, 195, 114,  48, 236, 108, 235,  73, 210, 237,   8, 184, 133,  39,  36,  40,  51,  50, 120;
 123, 233,  67, 172,  52, 144,  74, 116, 165,  64, 218, 199, 191, 202, 185, 244, 126, 169,  93, 239, 207,   3, 196, 157, 178, 253, 170, 184,  47, 150,  58,  92;
 110, 163, 228,  80, 233, 189, 216, 136, 235, 253,  53, 185,   8, 204, 223, 158, 135, 201, 245, 220, 150,  98, 174, 240,  94,  89,  85, 255, 215, 197, 206, 199;
  38, 233, 226, 154, 212, 129, 142, 204,   6, 128,  88,   2,  32, 232, 125,   0,  88, 106,  19, 211, 210, 186,  10, 249,  56,  12, 143, 236, 149, 123, 112, 136;
 169, 235, 238,  45,  60, 157, 232, 116, 236, 204, 244, 205, 171, 136, 182, 163, 234, 233, 238,  77, 140, 249, 198, 169, 134, 217,  35, 185,  77, 172,  91, 141;
 105,  99,  97,  72, 121,  91,  75,  56,  99, 228, 173, 137,  75,  65, 222, 180,  16, 204,  76, 110, 205,   2, 237,  29, 126, 217,   1, 125, 118, 135,  94,  76;
 209, 100, 141,  53,   8, 110,  65,  31, 118, 255, 166,  24, 183,  51,   3,  59,   1,   4, 104,  12,  41, 204, 243,   2, 197, 163, 112,  16, 200, 112,  66, 104;
  91, 243, 211, 167, 242, 152, 120,  87,  59, 193, 121, 239, 173, 143, 202, 176, 182, 191, 213, 149, 223, 218, 164, 192, 190, 253, 191, 232,  46, 134, 174,  89;
 125,  67, 120, 108, 168,  31,  95, 188,  97, 108, 190,  76, 219,  43, 155, 180,  94, 196, 204, 110, 204,  35, 101, 156, 242, 253,  32, 149, 119, 183, 202,  65;
  42,  51, 224, 168, 109, 201, 152,  72,  15, 117, 217, 171, 141, 141,  82,   8, 222, 185, 247, 145,  30,  18, 206, 145, 159, 209, 171, 255, 183,  15,  22, 211;
 185, 214, 122, 103,  38,  19, 255, 253,  84,  98, 119, 178,  89,  93, 190,  33, 127, 152, 151, 239, 232, 180,  61, 159, 114, 207, 229, 132, 119, 190, 244, 249;
 106,  38, 232,  97, 240, 104, 121,  87,  41,  47, 255, 185,  11,  47, 142,  88,  15, 151, 231, 144,  56, 218, 225, 198,  94, 247, 176, 193, 227, 192, 230, 227;
 112, 252, 120, 122,  56, 205,  83, 252, 163,  60, 164,  40,  55, 215,  72,  17,   9, 218,  77,  74, 106, 111, 234,  61, 251, 193,  49, 121, 112, 139,  70,  43;
 109, 247, 112,  71, 229,  95,  87, 184, 113, 236, 255, 108,  91, 125, 159, 181,  28, 196, 228, 110, 205, 114, 253,  12, 110, 251, 101,  23, 110, 255,  94, 117;
  15,  54, 171, 152, 176, 189,  57,  91, 191,  79,  87, 245, 221, 215, 179, 108,  55,  43,  95,  28, 183, 129,  46, 219, 206,  95,  59, 204, 158, 197,  37, 245;
  31,  95, 202, 190, 146,   2,  30, 244, 180, 134, 210, 231, 109, 234, 171,  89, 118, 233, 143, 231, 236, 211,  12, 236, 240, 103, 239, 129, 173, 247, 171,  17;
 143, 216, 254, 249,  44, 188, 251, 154, 255,  91,  86,  16, 185, 223, 255, 104, 247, 105,  63, 159, 166, 116, 190, 243,  79, 255, 179, 204,  22, 149, 113, 253;
 232,  96, 110,  94,  77, 216, 253, 104, 224,  86, 247, 187, 105, 205,  30, 155, 106, 132, 203, 231, 228, 103, 190, 221, 118, 105, 195,  13, 103, 156, 126, 246;
 210, 221, 247, 255, 178,  10, 254, 167, 189,  42, 242, 249, 111,  63,  20, 211, 239, 247, 127, 230, 233, 248,  13, 239, 182, 250,  86, 146,  93, 240, 227,  25;
   6, 172,   0, 147, 217, 132, 190, 225, 189,  23, 128,  23, 236, 238, 106,  67, 249, 195, 219, 183, 114,  11, 216, 227, 189,  22, 223, 111, 153, 100,  45, 218;
  98, 132, 113,  27,  73, 248, 177,  35, 123,  87, 121, 185, 168, 172,  22, 253, 201, 155, 162, 129,  22, 122, 246, 245,  15,  58, 210, 107, 211,  68, 198, 222;
 216,  78, 108, 101,  34,  42, 111,  48,  32, 166, 119, 237, 211,  39, 131,  27,  62, 244, 109, 238, 232, 148,  69,  10, 198, 235,  96, 128, 109, 243,  66,  57;
  92,  55, 251, 112, 184, 108,  81, 159, 163, 189, 172,  57,  23, 183,  65,  26,   7, 254, 109,  16,  26,  75, 226,  34, 219, 197,  53, 121, 160, 225, 134,  99;
 164, 179, 152, 218, 237, 233, 148, 203, 222,  63,  57,  56, 134, 248, 104,   9, 217,  26, 202,  18,  86,  99,  74, 177, 205, 144,  87, 127, 208,  89, 133, 135;
  97, 207,  45, 238,  92, 135,  79, 188, 196,  76, 254,  73, 243, 105,  58,  81, 216, 194, 110, 239, 232,  43, 107,  63, 249, 175, 231,  88,  80, 187, 244, 104;
 164,  64, 127, 122, 101, 253, 120, 192, 237,  21, 117,  17, 138, 203,  61,  89, 170, 137, 194,  90,  18, 180,   2, 241,  71, 217,  80,  67, 210, 137, 198, 130;
 244, 116, 175, 118, 153, 107,  87, 234, 177, 230, 175,  57,  66, 245,  75,  51, 185, 246, 237,  35, 104, 231, 235,  46, 249, 246,  69,  63,  64, 115, 198, 114;
  80, 153, 251, 236,  58,  64,  87, 103, 161, 132, 254,  34,  63, 191,  32,  82,  98, 247, 253, 224,  72,  11, 178, 105, 243, 225,  34,  27,  37,  48,  39, 123;
 126, 123, 250, 236, 252,  23, 223, 222,   3, 236, 188, 173,  10, 189, 231,  18, 222, 221, 213, 115, 200,  35, 233, 184, 250, 221, 173, 191, 199, 255,  30,  83;
  95, 121, 233, 230, 173,  93,  94, 152, 171, 248, 183, 109, 223, 253,  95,  58, 182, 245, 253, 111, 204,  97, 185, 224, 251, 253, 237, 191, 198, 247,  86,  83;
 236, 248, 188, 115, 137, 253,  21, 158, 251,  63,  37,  24, 190, 117,  74,  59, 129,  83, 113,  90,  50, 108, 250,  51, 207, 219,  85, 127, 194,  81, 135, 107;
 185, 234,  44, 173,  44, 153, 216, 101, 236,   4, 148, 141, 171, 136, 146,   3, 202, 169, 238,  77, 206, 237, 199, 157, 194, 217,  42,  17, 101, 140,  91,  72;
  89, 125,  26, 172,  50, 198,  27, 120, 164, 200, 255,  44, 223, 215, 163, 240, 182, 253, 220, 230, 201, 131, 176,  14, 241, 229,  42, 140,  40,  35,  41, 113;
  73, 113, 145,  71,  65,  78, 119,  28, 105,  72, 239,   8, 254,  87,   9, 246, 144, 150,  72, 106,  67, 128, 241,   9, 167, 249,   0,  18,  74, 242,  66,  58;
  45, 119,  89,  69, 116,  79, 103, 120,  96, 236, 125, 236,  83,  69, 137,  52,  30, 108,   6, 110, 193, 178, 108,  30, 116, 140,  33, 180, 127, 171,  86, 241;
  74, 191, 191, 184, 187, 228,  57, 231, 171,  29,  28,  49, 172, 191,  96,  67, 167,  51, 253,  17,  18,  73, 162, 245, 251, 215,  94, 235, 130,  68, 135, 251;
  91, 125, 132, 190,  57, 148,  94, 182, 187,  74, 206, 205, 175, 235,  19, 214, 196, 227, 253, 197, 239,  74, 211, 239, 162, 255, 218, 155,  58, 213,  42,  90;
 109, 125,  82,  68, 246, 219, 231, 231, 233, 232, 126,  40,  94, 248, 147, 180,  58, 238, 214, 113, 197, 187, 132,  76, 124,  60,  37,   8,  79, 250, 203, 141;
 199, 245, 105, 139, 254, 172, 175, 181, 236,  74,  95, 246, 244,  70, 158, 101,  55,  39,  94, 239, 243,  20, 236, 127, 164,  60, 170, 200,  12, 211, 147, 245;
 101, 110, 220, 179, 236,  41, 172, 202, 140, 178, 187, 106, 214, 106,  65,  75, 207, 229, 110, 115,  64, 103, 203, 224, 156, 146, 127, 188, 140, 123, 153,   1;
  81, 128, 233, 205, 140,  42, 239,  63,  94,  99, 218,  66, 211, 105, 180, 106, 123, 198, 127, 137, 152, 121, 231, 195, 212,  46, 223,  20, 181, 232, 208, 104;
 213,  95, 122,  78, 216, 158, 119, 176, 233, 140, 239,  76, 118, 113,   7,  81, 180, 228, 104, 110, 228,  35, 184, 109, 115, 249,   1,   8, 106, 179,  98,  67;
  41,  17, 149, 119, 244,  78, 101,  55, 113, 105, 107,  68, 247, 115,   8, 181, 148,  46,   4,  12, 145, 184, 113,  13,  37, 254, 112,   0, 202, 178, 194, 177;
  89, 233, 186, 110,  58, 220,  91, 152, 166, 204, 150,   0, 191, 215, 211, 114,  38, 117, 125, 222, 206,  73, 171, 113, 219, 233,  35, 185,  34, 163,  39, 107;
 108, 195, 104,  75,  61, 219,  67, 136,  71, 228, 175, 137,  75, 204, 223, 240,  88, 196, 238,  94,  14,  35, 237, 176, 126, 125, 133, 125, 119, 143,  92,  86;
 111, 170, 224,  25, 236, 189, 232, 154, 127, 125, 180, 221, 139, 232, 215, 170, 201, 202, 127,  29, 150, 106, 231, 241,  14,  95, 241, 252, 223, 141, 218, 213;
  75, 151,  55, 121, 177, 218, 113,  63, 189,  93, 255, 245, 207, 118, 174, 244, 215,  31, 220,  36, 191, 153, 100, 159, 174, 247,  50, 214, 158, 140, 133, 117;
 135, 175, 117,  83, 214, 187, 167, 254,  94,  53,  90, 246, 104, 104, 156, 165,  59,  74,   2, 251, 178, 248,  45, 255,  44,  14, 135, 198, 215, 143, 209, 173;
 252, 236, 191,  62, 137, 234,  87, 234, 177, 214, 231,  57,  67, 247,  11,  91, 145, 246, 236,  34, 108, 199, 235,  46, 251, 243,  85,  27, 224, 117, 102, 114;
 187, 195,  68, 171, 172, 153, 204,  13, 207,  53, 153, 207, 227,  72, 158, 200, 218, 136, 238,  87, 222,  36,  79, 145, 166,  80, 143, 253,  20, 158, 216,   4;
  36, 176, 177,  65,  85, 255, 227, 130, 123,  97,  42,  24, 146, 149,  76, 180, 153,  28,  66,  56,  19, 244, 240,  19,   7, 156,   1, 118, 194,   9, 198, 162;
  57, 107,  74, 174,  84, 131,  78, 112,  33,  64, 241, 207,  51, 203, 179,  80, 126, 168,  21, 238, 205, 146,  68, 157, 242, 237, 160, 136,  63, 166, 122, 152;
 183, 237, 250,  30, 214, 147, 254, 229, 123, 194, 245, 167,  96, 248, 190,  49, 255, 235,  22, 199, 230, 255,  14, 111, 122,  15,  55, 139, 109, 178, 107, 143;
  75, 204,  81, 245, 164,  46, 109, 183,  57, 170, 178,  96, 159,  35, 129, 253, 135, 247, 125, 138, 105,  92, 193, 235, 164, 254, 254, 132,  42, 240, 131,  57;
   3, 221, 164, 155, 189, 213, 188, 175, 222,  95,  89,  55, 236, 252, 126, 235, 201,  67, 179,  21, 247,  72, 123, 245,  44,  30, 223, 195, 156,  94, 153, 223;
 162, 253,  98, 154, 221, 243, 190, 239,  23, 244, 220, 187, 104, 236, 118, 132, 217, 187, 147, 209,  54, 251, 126, 255,  63,  22, 143, 111, 215,  15, 254, 254;
  58, 165, 104,  40, 221, 209, 215, 237,  87, 109, 157, 139,  11, 205, 122,   0,  89, 138, 151, 245,  94,  43,  44, 151, 123,  69, 133, 253, 119,  14, 254, 218;
  46, 243, 121, 106, 126, 213, 219, 248,   3, 104, 189, 237,  91, 221, 223,  48, 222, 153, 215,  98, 202,  35, 250, 157, 123, 221, 161, 252, 119, 171,  86, 243;
  27, 191,  67, 163, 242, 178, 124,  87,  51, 193, 121, 229,  61,  15, 152, 176,  62, 191, 151, 148, 223, 218, 228, 207, 238, 205, 175, 224,  47, 198, 162, 217;
 200, 124,  55, 116,  65, 221, 165, 246, 240, 206, 102,   8, 188, 151,  33, 183, 160, 126, 210, 200,  97, 223, 178, 126, 117, 243, 126,  41,   2,  16,   7, 251;
 196, 249,  29, 119, 160,  78, 101, 184,  56, 186,  98,  88, 215, 119,   8, 123, 144,  85, 124, 106, 113, 212, 217,  43, 229, 171, 101,  16,  72,  48, 131,  51;
 218, 152, 190, 188, 171, 192, 181, 231, 186,  95,  84, 177, 172, 191, 106,  75, 167,  19, 253, 129, 118,  77, 162, 241, 219, 243, 122, 203,   4,   4, 167, 219;
 114, 175, 168, 170, 249, 165,  95, 207, 171,  13, 152, 141, 174, 238, 114, 144, 221, 171, 205, 149, 158,  11, 202, 243, 248,  85, 175, 251, 144,  70, 150, 223;
 168,  72, 183, 117,  67, 223, 161,  98, 188, 226, 102,   8, 188, 183,  33, 191,  34, 117, 242,  74,  97, 253,  48, 106,  69, 123,  90,   0,  66, 117,   7, 248;
  38, 237,  66, 154, 220, 129, 142, 236, 150, 128, 216,   2,  96, 232, 113,   0,  89, 106,  19, 211,  98,  43,  10, 255,  56,   4, 143, 232,  21,  26, 240, 136;
 205, 225, 150, 254, 201,  20,  39, 252, 224,  29, 101,   0, 239, 243,  43, 247, 176,  66, 234, 110,  66,  67, 138,  45, 243, 251,  71,   9, 138, 119, 171, 133;
  50, 141,   6, 159,  92, 163, 170, 105, 150,  33, 219,   2,  96, 232,  56,  64, 120, 168,  63, 161,  58, 187,   9, 223, 184,  38, 139, 192, 149,  10,  48, 136;
 155, 249, 115, 184,  83, 208,  58, 231, 187,  64,  64,  34,  61, 222,  32, 240, 178, 187, 151, 209, 103, 159,  52, 255, 187, 229,  46, 235,  39,   4, 167, 251;
 252,  97, 185,  98,  13,  77,  65, 152, 226, 180, 165,   8, 211, 211,  73,  59, 152, 220, 104,  90,  74,  99, 250,   0, 219, 217,  69,  60,  64, 179,  70,  34;
 154, 204,  38, 191,  29, 219, 158, 167, 159,   3, 202, 147, 239, 233,  50, 193, 201, 115, 187, 133, 124, 173,  95, 191, 225, 247, 202,  17,  55,  92, 157,  10;
 220, 205, 150, 118, 137,  28,  22, 167, 249, 147, 166,  24,  78, 248,  78, 155, 161, 119, 232,  66, 116, 109, 138,  35, 187, 243,  85,  23, 194, 116, 207,  14;
  58, 171,  98, 140, 211, 210, 170,  99,  37,  68, 124, 167,  41, 143, 182, 132, 110, 171, 147, 220, 210, 154,   4, 237,  58, 108, 138, 203,  39, 134, 126, 220;
 117,  41, 170,  36, 134,  14,  91, 201,  51, 165, 194,  13,  87, 232,  83,  26, 176, 237, 125, 255,  28, 243, 186,   0, 219, 237,   5,  60, 225, 115,  98,  66;
  90, 115, 167,  84, 169,  80,  92, 157, 169, 217, 134, 232, 174, 183, 213, 191, 134, 247, 253, 128, 205,  75, 179, 192, 187, 112,  84, 155,  46, 180, 142, 125;
 232,  48, 236, 119,   5, 237, 241,  23, 113, 101, 231,  29, 179, 157,  22,  57, 200, 174, 229,  21, 140, 252, 243,   0, 199,  57,  80,  49, 193,  12,  86, 250;
  77,  94,  71,   7, 114,  26,  43, 184,  56, 232,  87, 228, 253,  71, 139, 245,  22, 100, 236, 110, 225, 144, 237,  77, 100, 103, 105, 132,  46, 183,  11, 117;
  30, 234, 190, 186, 203, 240, 176, 192, 179, 149, 245, 179,  45, 203, 107,  10, 235, 251, 231, 211,  30, 199, 138, 224, 219, 195,  95, 203, 225, 117,  47, 195;
  22, 124, 239, 113, 147, 254, 178, 198, 188, 206, 106, 177,  23, 188,  39,  57, 167, 255, 241,  81, 164, 220,  54,  46,  75,  71, 125, 195, 225, 117,  71, 251;
 232, 188, 189, 113, 237, 237, 117, 183, 242, 251,  38,  24, 190, 191,  64,  59, 129,  86, 251,  24,  51, 126, 243,  37,  79, 251, 116, 105, 194,  80, 198, 251;
 239, 118, 125,  78, 123, 127, 219, 184, 255, 238, 159, 253, 217, 125, 159, 181, 151, 245, 255, 111, 165,  69, 239, 254, 126, 127,  33, 191,  94, 183,  79, 117;
  17,  29, 127, 101,  50, 110, 117,  55,  96, 194, 126, 160,  55,  55, 128,  49,  38,  55,  84,  40, 225, 184,  49,  77, 115, 235,  96,   0, 109, 224,  39, 123;
  61, 241, 104,   1,  80,  31,  87, 248,  98, 224, 173, 236,  83,  84, 223, 176,  60, 136, 212, 238, 201,  18, 125,  29, 119,  13,  33, 180, 121, 167,  90, 245;
  41,  47, 107,  69, 116, 250, 235,  50, 108, 228, 127, 132, 185,   4, 150, 116,  58,  44,  22, 110, 129, 184, 117,  76,  71, 253, 160, 128, 103, 162,  86, 224;
  37,  95, 105,  69, 118, 223, 235, 112, 100, 232, 126, 238, 113, 101, 149, 180,  62, 236,  22, 110, 193, 178, 124,  62,  38,  12,  33, 160, 127, 171,  82, 245;
 232, 184, 188, 115, 237, 253, 117, 151, 250, 123, 164,  24, 190, 191,  64,  59, 129,  86, 251,  24,  51, 109, 251, 115,  79, 219, 116, 123, 194, 208, 199, 187;
  31,  91, 198, 174,  18,   2,  94, 248, 181, 192, 210, 231, 109, 226, 179, 209, 126, 229,  31, 239, 205, 195,  12, 236, 184,  38, 239, 128,  63, 183,  57,  21;
  34, 253,  39, 154, 223, 213, 150, 239, 158, 213, 208, 155, 168, 220, 102,  33, 221, 123, 211, 209, 246, 111, 122, 255,  61,  22, 159, 251, 149,  28, 181, 222;
 176, 176, 188, 245,  77, 109, 144, 107, 218, 183, 177,  26,   6, 184,  76,  11, 201, 221, 195,   1,  58, 111, 218, 145, 217, 146,  81, 127,  81,  41, 214, 130;
 169, 165, 107, 227, 242, 131, 126, 113,  52,  65, 127, 215, 121, 111, 152, 176, 126, 186, 151, 142, 243, 154,  77, 127, 110, 205, 166, 192, 111, 194, 226, 145;
   9, 109, 114,  76, 243, 219, 182, 119, 249, 200, 126, 104,  60, 248, 182, 181,  62, 186, 198, 233, 197, 187, 164, 204, 126, 113,   5,  43, 111, 182, 235, 141;
 161,  48, 187,  81,  85, 255, 240,   2, 126, 241,  98,  24, 150, 144,  69,  56, 128,  56,  66,  24,  33, 244, 112,  16,  15, 217,   1, 118, 200,  40,  67, 166;
  67, 205, 222, 223, 232,  10, 238, 230, 168,  18, 242, 192, 252, 106, 181, 251, 239, 247, 127, 238,  97, 201,  11, 237, 180, 186, 254, 128,  12, 241, 235, 136;
 252,  39, 251, 112, 248, 236,  81, 215,  50, 189, 172,  24,  23, 167,  65,  26,   7, 222,  69,  24,  58,  74, 226,   2, 251, 197,  53, 120, 224, 192, 134, 107;
  42, 166, 249,  65, 248, 123, 249,  75,  51,  55, 252, 187,   9,  47, 196, 184, 111, 159, 199, 144,  58, 250, 229, 198,  95, 247, 178, 197, 199, 192, 230, 240;
  75, 205, 147, 246, 229, 140, 108,  55, 185, 138,  10,  80, 188, 179,  32, 245, 165,  39, 124,   8,  97, 201, 146, 239, 181, 254,  94,   0,  10,  80, 129,  41;
 136, 244,  21, 187, 155, 239,   1, 207, 158,  55, 160,  21, 174,  80, 105, 203, 201,  27, 202,  48,  35, 109,  91,  31, 205, 130,  85, 119, 144,  88, 133, 202;
  93,  63,  58, 236,  51, 214,  91, 114, 165, 204, 222, 164, 191, 223, 163, 112, 246, 253, 221, 226, 205, 147, 176, 172, 243, 253,  42, 139,  38, 167,  47, 115;
 164,  64,  31, 250, 197, 141, 240, 192, 238,  17,  97,  17, 159, 203, 109,  27, 232,  17,  66,  82,   2, 101,  26, 112,  71, 217,  66,  77, 208,  25, 102, 130;
  82, 185, 190, 190, 219, 193,  53, 103, 175,  21, 198, 167,  44, 255,  34,  64, 166, 179, 251, 129,  86,  75, 146, 253, 251, 119,  30, 139,  16,   4, 173,  90;
 185,  75,  74, 110,  82, 131,  78, 112,  37,   0, 241, 199, 115,  75, 177,  80, 126, 168,  23, 238, 233, 182,  68,  31, 118, 233, 160, 128, 125, 178, 114, 152;
  15,  16, 246, 216, 189, 191, 123,  88, 127, 201, 215, 149, 221, 223, 183, 108, 183,  41, 255, 189, 183, 129,  63, 222, 203, 127,  59, 206, 150, 133,  33, 117;
  71, 219, 164, 155, 173, 148, 190, 172, 206,  93,  19, 165, 236, 252, 126,  98, 199,  67, 187,  85, 214,  72, 239, 241,  44,  22, 223, 222, 156,  30, 153,  95;
  69, 107, 152, 163, 172,  41, 239, 128, 174, 177, 155, 104, 215, 227, 201,  74, 111, 101, 110,  95,  16, 112, 203,  96, 220, 133, 111,  60, 132, 251, 145,   1;
 227, 170, 232,  49, 252, 189, 233, 158, 127, 253,  48, 221, 131, 140, 215,  42, 139, 142, 127,  29, 150, 126, 231, 210,  78,  93,  63, 252, 213, 204,  82, 205;
   7, 243,  66,   3, 242, 159, 170, 240, 111,  33, 123, 238,  73,  64, 188, 180,  62, 205,  22, 254, 215, 176,  12, 125,  44,  12,  37, 228, 111, 135, 139, 149;
  61,   7, 105, 111, 212,  91,  79, 189, 117, 228, 127, 174,  91,  45, 155,  52, 122, 206,   6, 238, 249, 178, 109, 142, 118, 237,  37,   5, 247, 254, 214, 112;
 153, 220,  91, 184,  82, 211,  54, 231, 244,  64, 120,  34,  61, 223,  32, 240, 114, 187, 147, 193, 103, 159,  52, 127, 115,   7,  46, 131,  53, 144,  39, 219;
  54, 231, 100, 171, 173,  25,  78, 172, 207,  54, 153, 223, 203, 200,  94, 193, 219, 194, 238, 103, 254,  32,  79, 179, 166,  80,   5, 125, 118, 223, 216,   4;
 124, 108, 183, 126, 201, 239,  87, 238, 183, 247, 233,  25, 119, 247,   9, 123, 145, 246, 232,  34,  56, 195, 251,  63, 251, 247,  85,  59, 226, 115, 230,  98;
  50,   1,   6, 141,  28, 131, 234, 105, 151,  33, 219,   2,  96, 202,  56,  64, 120, 172,  63, 161,  26, 179,  67, 221, 152,  38, 139, 192,  21,  11,  49, 128;
  91, 146, 119,  74,  49, 222, 121, 125, 173,  93, 119, 245, 206,  62, 174, 244, 247,  21, 255,  53, 151, 137,  41, 215, 187, 255,  58, 198, 158, 134, 165, 125;
 181, 226, 121, 107, 118,  15, 223, 248,  80, 232, 181, 234,  83,  93, 157,  48,  30, 216,  23, 238, 235, 182, 108,  31, 119, 141, 165, 180, 117, 187,  82, 241;
 114,  63, 248, 228, 126,  15, 223, 246,   9, 236, 188, 173,  59,  61, 135,  18, 206, 255, 213,  68, 204, 187, 225, 174, 250, 253,  36, 178, 109, 184,  94, 219;
 108, 193, 248, 234,  89,  84,  90, 204, 135, 129, 173,   0,  91, 223, 108,  82, 216, 209, 251, 210,  90,  43, 250, 160, 251, 253, 132, 127, 243,  27, 228, 146;
  38, 180,  99,  88, 253, 247, 179, 223, 159, 249, 124, 126,   8, 253, 246, 164, 221,  58, 147, 177, 179,  58,  58, 223,  47,  92, 157, 238, 215,  76, 214, 247;
 109, 156, 125,  69, 118,  95, 115, 184, 101, 228, 126, 236,  91,  37, 151, 180,  22, 196, 246, 110, 133, 176, 125,  44, 110, 111,  33,   4, 111, 175,  78, 253;
 101, 249,  24,  69,  65,  30, 118, 176, 105,  32, 110,  72, 158,  51,  12,  52, 144,  68,  72, 106,  65, 176, 241,   9, 103, 249,   0,  22,  74,  34, 202,  38;
 116, 109,  57,  98,  29,  77,  71, 184, 224, 180, 173,   8, 147,  85,  73,  50, 136, 252,  76, 122,  73,  35, 250,  40, 243, 201,   5,  60,  64, 187,  70,  34;
 157, 208, 110, 119,  38,  19, 255, 248,  84, 118, 119, 130,  89,  93, 186,  41, 126, 220,  19, 239, 232, 244,  61, 189,  99, 203, 229, 132, 119, 187, 244, 240;
 118, 123, 250, 102,  52,  28,  94, 176, 171, 232, 183, 105, 127, 223, 213,  50, 182, 253, 125, 111, 204,  35, 136, 200, 251, 253,  37, 186, 110, 179,  82,  83;
 252, 253, 106,  74,  93, 251,  83, 248, 197, 228, 173, 137,  91, 205,  63, 112,  88, 236, 207, 118, 238,  35, 124, 190, 127,  89, 129,  53,  87, 191,  94, 114;
  77, 191, 188,  40, 185, 124,  87, 187, 234,  93, 172,  13, 223, 231,  75, 246,  17, 194, 236, 110, 214,  67, 250,  53, 235, 245,  39, 125, 218, 119, 207, 115;
 103, 114, 116,  74, 108,  29, 216,  72, 203,  28, 177,  45,  76, 200, 255,  24, 158, 129, 255, 119, 134,  35, 203, 209,  18,  88,   9, 254,  95, 175,  91,   5;
  37,  17, 221,  71, 244,  14, 107,  17, 104,  97, 111,  68, 211,  33, 153,  48,  20,   6, 114,  76, 145, 176, 241,   7,  71, 188,  64,  64, 200, 139, 194, 176;
 249,  99,  44, 189,  45, 141,  89,   9, 229,  20, 210,  29, 175,   9,  19,  11, 200, 160, 109,   5, 206, 228, 195, 157, 195, 209,  82,  25,  86, 140,  94,  74;
 107, 252,  64, 190, 121, 156,  92, 190,  51,  89, 236,  77, 174, 163,  11, 212, 197, 202, 253, 204, 238,  10, 211, 255, 247, 255, 144, 187,  58, 149,  74,  26;
 241, 205,  45, 237,  28,  14,  79, 190,  68,  12, 236,   4, 243, 113,  49, 115, 200, 196, 125, 110, 232, 170, 115,  61, 241, 235, 231,  28,  16,  57,  80, 106;
 120, 121, 121, 100,  58, 203,  91, 120, 160, 228, 180, 168,  55,  85, 129,  48,  22, 185,  85, 106, 201,   3, 240,  28, 243, 137,  33, 184, 100, 163,   6, 251;
 205, 246, 189,  97, 168, 109, 117, 156, 122, 255,  53, 120, 222,  53, 200,  59, 181,  87, 124,  58, 243, 116, 169, 115, 111, 219, 117, 246, 192, 209, 199,  97;
 208,  75,  59, 252,  10, 192,  93, 103, 160, 140, 230, 161, 183, 143,   2,  83, 230, 247, 237, 192,  72,  79, 226,  73, 243, 225, 238,  25,  32, 176,  39, 107;
 218, 122, 126, 116,  34, 204,  61, 119, 169, 142, 182, 169,  63, 175,  35,  27, 166, 245, 221, 192,  72, 207, 160, 104, 243, 243, 126, 131,  97, 240, 167, 107;
  81, 133, 233, 207, 156,  46, 203,  10,  94, 165, 207,  10, 243, 225,  28, 100, 121, 206,  61, 137,  24, 250, 253, 187, 249, 174, 159,  20, 181, 235,  84,  40;
 212, 123,  56, 110,  58, 196,  91,  80, 231, 140, 148,  40,  63, 223, 211, 112,  38, 189,  93, 202, 202,   7, 171,  63, 243, 233,  33, 185,  32, 131,  38,  99;
 252, 134, 255, 122, 187, 250,  81, 154, 251,  31, 167,  57,  78, 125,  11, 121, 179, 150, 237,  49,  50, 229,  41,  95,  91, 243, 112,  87, 195, 197, 231,  99;
  64, 156,  29, 245, 160, 110, 117, 186,  60,  58, 106,  72, 247, 119,   0, 123, 149,  95, 124,  42,  65, 240, 251,  35, 197, 171, 119,   4,   8, 113,   3,  51;
  17,  19, 115,  69,  54, 219, 227,  53, 108, 237, 250, 224, 211,  52, 148, 164, 126,  52, 108, 104, 153, 184, 101,  14, 164, 236,  34, 208, 101, 138, 197, 125;
  82, 190, 174, 190,  59, 176, 186, 198, 191,  23, 210, 183, 172, 238,  35,  72, 231, 115, 191, 149,  38,  77, 142, 243, 242, 119, 218, 139, 180,  85, 173,  95;
  13, 176, 253,  87, 114, 251, 233,  24, 114, 117, 127, 148, 219,  69, 158, 188,  55,  14, 228,  30, 151, 240,  61,  53,  78, 203, 112, 193, 239, 135,  79, 213;
 197, 245, 111,  95, 174, 188, 175, 191, 252,  82,  94, 246, 217, 246, 191,  99,  55,  98,  95, 175, 241,   5, 190, 127, 102,  43, 239, 140,  28, 243, 249, 241;
   1, 241,  59, 200, 124, 133, 251, 120, 206,   8, 245,  66, 180, 211, 188,  96, 254,  56,  94, 106, 195,  35,  50,  93,  83, 136,  35, 120,  81, 138,  97, 161;
 237, 120,  59, 252,  61, 207,  83, 246, 255, 232, 244,   8, 190, 217,   1,  49, 216, 124,  92, 106, 105,  39, 242,  62, 225, 253,  39,  56,  90,  57,  67,  59;
   2, 133,  34, 138, 148, 160, 168, 107,   4,   1,  91,   2,  40,  74,  56,  64, 120,  11,  19, 177, 146, 136,   1, 213,   8,  36, 138, 192, 149,  10, 177, 128;
  58, 255,  41, 168, 112, 205,  91, 255,  15,  77,  88, 237, 167, 239,  98,  16, 220, 187, 135, 245, 154,  11,  64,  63, 251, 213, 175, 249,  20, 142, 150, 251;
  91, 157,  99, 164,  51, 246, 122, 115, 125, 201,  90,  70, 127, 254, 176, 240, 182, 239, 189, 173, 189, 153, 181, 239, 178, 239, 170, 128,  46, 166, 169,  93;
 116,  52, 183, 118, 201, 111,  23, 234, 179, 162, 169,  24,  86, 245,  73,  63, 153, 254, 249,  34,  56,  99, 250,  42, 249, 150,  85,  59, 192, 115, 134,  98;
  23, 123, 227,  15, 150, 151, 239, 248, 101, 192, 248, 198, 113,  76, 191,  36, 126, 233,  90, 255, 207, 161,  61, 110,  40,  12, 143,  64, 109, 191, 114, 244;
 248,   0,  44, 169,  45, 109,  65,  57,  37, 118, 167,  25, 207,  13,  26,  27, 200, 128, 205,  45,  56,  38,  81, 149, 215, 209,  80,  61, 114, 140,  86,  98;
 161, 112,  29,  97,  53,  79, 224,   0, 122, 232,  32,   8, 182,  25,  73,  59, 152,  12,  72,  24,  35, 244, 209,  12, 205, 152,   1,  50,  72,   8,  82, 138;
  31,  81, 182, 200, 185, 151,  89, 216, 191, 233, 151,  21,  92,  30, 254, 124, 247,  21, 255, 221, 151, 141,  49, 214, 155,  95,  27, 214, 150, 135, 161, 119;
  34, 174, 234, 113, 240, 249, 249,  71,  62,  55, 126, 177, 145, 175,  84,  57, 205, 159, 199, 144,  58, 250, 225,  66,  79, 215, 178, 197, 193, 200, 238, 176;
 240,  93, 124, 255,  46,  74,  85, 182,  84, 166, 254,  34, 247,  51,   1,  99,  66, 246, 125,  66, 104, 248,  83,  60, 245, 235, 118,  17,  60, 248,  84,  43;
 228,  77,  58,  98, 141,  13, 231, 196, 228,  18, 169,   8, 147, 217, 105,  19, 201, 210,  74, 122,  74,  39,  90,  34, 241, 153,   4,  28,  81, 123, 242,   2;
 109, 191,  41, 104, 248,  93,  87, 187, 115,  92, 124,  45, 211, 245, 202,  52, 157, 218, 197, 108, 219, 106, 250,  21, 255, 249,  37, 237, 114, 238, 214, 247;
 202, 106, 134, 180,  41, 240, 184,  70, 173, 218, 146, 181, 172, 158,  99, 203, 230, 101, 253, 213,   4, 205, 130, 224, 144, 243, 250, 139, 138,  85,  41,  95;
 188, 192, 238, 231,   6,   7, 223, 248,  68, 178, 231,   2,  83,  73,  57,  43, 122, 212,  49, 239,  72, 244, 127, 188, 195, 235, 193,  21, 119, 187, 112, 162;
 116, 107, 123, 228, 118, 136,  95, 112, 121, 160, 250, 235,  55, 219, 209,  16,  54, 253,  85, 110, 200, 178, 132,  44, 242, 237, 165, 168, 101, 179,  82,   1;
  87,  91, 199, 142,  74,   6, 106, 112, 161, 192, 195, 199, 105, 226, 177, 215, 126, 229,  59, 239, 197, 195,  28, 204,  16,  42, 207, 136,  47, 167,  56,  20;
  97, 121,  26,  69, 113,  30,  99,  48, 104, 160, 110,  76, 158,  18,   5,  48, 128, 108,  64, 104, 197, 184, 113,  44, 103, 185,   0,  64,  72, 163,  67,  46;
   8,  36, 148, 177, 141, 237, 161,  14, 142, 183, 142,  17, 174,  33,  74, 143, 137,  34, 234,  28,  50, 237,  83, 179, 205, 215,  86,  17, 210,  92, 157,  10;
  40,   4, 148, 155, 137, 255,   1,  46, 135, 183, 174,  17, 238,  33,  35, 207,  65,  34, 234,  16,  26,  72, 115, 181, 205, 214,  84,  83, 146,  77,  12,  78;
  65, 238, 184,  49, 252, 173, 249,  23, 254, 251,  58,  93, 190, 136, 212,  40, 133,  47, 127,  29, 150, 124, 194, 210, 205,  92,  54, 240, 204,  88, 211, 237;
  89,  63, 122, 108, 114, 150,  91, 114,  97, 200, 126, 237,  63, 159, 179, 112,  54, 253,  21, 238, 204, 154, 164, 236, 243, 237,  32, 138,  46, 163, 102, 123;
 166, 189,  37, 154, 223, 205, 182, 239, 158, 247, 216, 155, 232, 252, 124,  32, 201, 123, 243,  83, 119, 111, 122, 247,  61,  22, 159, 127,  85,  92, 151, 222;
  38,   1,   6, 136,  29, 167, 234,  72, 135,   0, 219,   2, 200, 200,  48,  64,  88, 160, 127, 243,  26, 163,  91, 221, 145, 180, 139,  80,  21,  11, 112, 128;
 106, 247,  96,  91, 121,  29,  93, 253,  59,  31, 253, 157, 104, 111, 158,  84, 221, 138, 231, 140, 238, 106, 251, 215, 118, 255, 144, 255,  91, 214, 206, 223;
  42, 255,  67, 232, 115, 143, 107, 255,  23,  65, 124, 234,  57, 199, 160, 148,  94, 185, 151, 248, 251, 154,  16, 223, 127, 213, 141, 224,  63, 142, 134, 249;
 124, 228, 129, 238, 221, 127,  67, 200,  83, 161, 235,  26,  83, 241,  88, 240, 217, 206,  62, 187,  58,  50, 251, 179, 219, 237, 129, 125, 179, 251, 244, 160;
  69,  73, 158, 191, 140,   8, 175, 228, 236, 146, 234,   0, 245, 226,  17,  74,  98, 103, 106, 206,  68, 201, 143, 105, 180, 174,  78,   0, 128, 243,  33, 136;
 204, 254, 188, 113, 161,  47,  53, 190, 122, 191,  36,  92, 222,  55,  65,  59, 165,  87, 109,  58, 179, 116, 185,  83, 207, 219, 117, 118, 202, 113, 135,  51;
 204,  57, 153, 231, 160, 110, 119, 185,  54, 170, 106,  88, 214, 119,   0, 112, 145,  94, 120,  10, 113, 240, 249,  42, 229, 167, 101,   4, 136, 113, 131,  51;
 115, 214, 122,  46, 114,  62,  91,  60,  41,  77, 255, 237, 255, 157, 190, 112, 246, 159, 213, 101, 143, 187, 173, 231, 242, 253,  48, 198, 110, 134,  11,  93;
 205,  26, 238, 215, 172,  62, 189,  19, 254, 222, 215, 116, 245, 120, 151, 107,  71, 102, 125, 159, 176, 212, 239, 224, 196,  43, 255, 128, 140, 241, 185, 105;
 237,  12, 207,  37, 164, 110, 111,  18,  57, 202, 118,  76, 215,  39, 147, 123,  16, 100, 125, 110, 161, 212, 177,  10, 199, 251, 226, 128, 136, 241,  74, 113;
  53,  97, 121, 101, 116,  11, 207, 120,  80, 160, 117, 234,  83,  77, 153,  48,  30, 252,  23, 238, 233, 176, 108,  29, 228, 205, 161, 180, 117, 187,  82, 160;
 230, 135,  68, 190, 172,  43,  78, 169, 159,  54, 153, 223, 199, 105,  89, 211, 219, 194, 237, 103, 124,  67, 207, 185, 186, 210, 205, 189,  52, 255, 216,   0;
  88, 223,  59, 174,  18, 196,  63, 119,  52,  12, 218,  99,  61, 151,  32,  80, 118, 191,  45, 193,  74, 155, 131, 109, 241, 164,  42, 136,  32,   2, 165, 123;
 121, 112, 106,  69,  86,  95, 251, 248, 102, 236, 126,  14,  91,  29, 151, 180,  62, 204, 119, 238, 129, 176,  53,  30, 119, 109,  33, 132, 111, 175,  90, 252;
 101, 204, 225,  65, 228,  47,  71, 159,  83, 234, 120,  76,  18,  49, 213,  52,  89, 200,  50,  60, 219,  58, 245,  82,  44,  30,  21, 108, 223, 249, 210, 164;
 217, 219, 126, 101,  50,  14, 255,  53,  44, 108, 118, 229, 255,  15, 146,  81,  54, 116, 127, 110, 224, 189,  17,  77, 246, 233,  98, 192, 111, 160, 203, 121;
 124, 101,  61, 100,  29,  79,  71, 248, 224, 168, 173,   8, 211,  85,   9,  50, 136, 212,  76, 106,  73,  35, 248,  12, 241, 201,  37,  60,  98, 187,  70,  34;
  91, 189, 119, 164,  54, 214, 110, 117, 249,  72, 210,  98, 127, 254, 176, 245, 182, 255,  29, 237, 253, 219, 164, 205, 177, 235, 170, 194,  37, 164, 163, 109;
 126,  61,  18, 236, 153, 207,  94, 123, 173, 140, 173,   9,  47, 255,  33,  16, 216, 187, 221, 226,  24,  11,  88, 223, 243, 221, 137,  59, 210,  54, 230,  82;
  88, 120,  59, 252,  57, 207,  83,  82, 253, 232, 246,  40, 190, 151,  33, 112, 160, 125,  92,  64,  41, 171, 176,  14, 211, 247,  51,  27,  66,  41,   7,  43;
  93, 184, 153, 179, 184, 253,  27, 154,  62, 125, 183, 221, 191, 246,  74, 248, 151,  79, 252,  21, 159,  88, 251,  51, 201, 247,  63, 252, 136,   1, 143, 113;
 120, 235, 120,  98, 120, 141,  87, 252, 163,  44, 172,   8,  55, 199,  65,  16,  20, 218,  69,  74,  74,  43, 216,  55, 243, 197,  33,  60,  98, 147,  70,  42;
  72, 184, 188, 115, 169, 221, 117, 159, 250,  63, 164,  24, 190, 191,  72,  58, 129,  83, 251,  24,  18, 109, 250, 115,  79, 223,  84, 123, 194,   0, 199, 187;
  71, 249, 164, 131,  62, 153, 186, 172, 142, 121,  27, 167, 236, 220, 122,  98, 134,  65, 255,  87, 214,   9, 175, 245, 172,  20, 143, 254,  20,  14, 145,  87;
 162, 188, 178,  30,  73, 244, 176, 227, 187,  95, 108,  25,  44, 252,  46, 159, 141,  59, 211,   1,  54, 111, 178, 227,  19,  54,  90, 107,  82,  68, 175, 223;
 218,  72, 142, 189,  11, 128,  60,   7, 174, 150, 194, 167, 173, 175,   3, 203, 226, 103, 253, 133,  76, 205, 195, 169, 210, 227, 254, 147,  36,  52,  61,  75;
 152,  92,  91, 158, 114, 227, 191, 102, 180,  66, 122, 162,  61, 247, 161,  96, 122,  59,  18, 194, 101, 159,  36, 127, 114,  39,  50, 129,  61, 208,  37, 187;
 163, 173,  56,  26, 245, 177, 178, 199, 222,  85,  88,  55, 172, 152,  54, 128, 201,  43, 146,  21, 182,  42,  70, 247,  46,  29,  26, 107, 221,  12, 249, 142;
   2, 253, 178, 219, 247, 233, 180, 206, 159, 187, 120,  58, 172, 248, 108,   8, 187, 123, 147,  17, 114, 124,  26, 247,  61,  22,  31, 111, 209,  88, 133, 139;
 195, 141, 147, 214, 245, 156, 108, 103, 185,  11,  98,  80, 172, 242,  36, 255, 161, 103, 106,   8, 117, 205, 146, 235, 181, 254,  86,  10, 138,  80, 235,  44;
  84,  67, 156, 174, 138,  13,  28,   9, 172,  18, 139,   9, 199, 226,   9,  90, 130, 229, 108,  34,  92,   1, 203,   0, 209, 227,  79,  29, 176, 115, 137,   2;
  85, 107, 159, 167, 164,  10, 111, 128, 238, 180, 139,  64, 215, 227, 201,  66,  50, 108, 110,  94,  16, 240, 207,  32, 236, 140,  39,  84, 160, 251,   1,   0;
 205,  93, 254, 127, 172,  62, 255, 190, 252, 218, 222, 176, 221, 255, 155, 107,  55,  94, 255, 238, 229, 225, 175, 106, 226, 235, 255, 148, 174, 241, 105, 121;
   6, 190, 234, 190, 242, 160,  59, 194, 159,   5,  92, 167,  44, 239,  35,  64, 119, 251, 183, 149, 150,  26, 142, 255, 222,  55, 158, 139, 180, 215,  61,  91;
  34, 188, 113, 209, 255, 231, 187, 215,  31, 233,  88, 122, 144, 188, 228,  36, 159,  59,  19,  17, 179, 250, 114, 222,  47,  30, 159, 238, 213,  72, 215, 255;
  41, 105,  59, 101,  85,  14,  99,  48, 104, 128,  98,  76, 178,  17,  17,  49, 128,  44,  64, 110, 193, 184, 113,  12, 229, 249,   0,   0,  72,   3,  66, 168;
  87,  24, 183, 149, 131, 242, 184,  67, 190, 211, 194, 182, 204, 254,  37, 238, 231,  55, 187, 145,  21, 221,  23, 198, 152,  54,  91, 194, 142, 101,  33,  55;
 231, 143, 132, 180, 172,  11,  76, 171, 187, 182, 162, 221, 199, 232,  87,  95, 193, 231, 111, 103, 124,  75, 206, 217, 188,  18,  79,  60, 144, 124, 218,   4;
  85, 184, 185, 178,  48, 141,  91, 218,  54, 109, 124,  61, 183, 215, 194, 112, 183, 157,  93,  28, 159,  92, 249,  55, 219, 197,  61, 244, 168, 128,   7, 115;
 119,  91,   6, 142,  72, 150, 234, 112, 161, 192, 195, 199, 104, 194, 181, 214, 252, 229, 123, 239, 205, 131, 158, 236,  48,  56, 139, 136,  13, 183,  59, 148;
 200, 176, 156, 178, 137, 125,  80, 139, 151, 247, 133,  25, 142, 183,  74, 143, 129, 147, 232,  16,  31,  71, 251, 145, 155, 211,  81, 127, 154,  77, 140,  86;
  60, 112, 109, 104,  44,  79,  83,  88,   5, 168, 181, 104,  83,  85, 129,  53,  92, 148,  93, 106, 201, 163, 121,  28, 211, 201, 161, 180, 115, 187,  86, 115;
 152,  15, 126, 254,  82, 242,  63, 114, 116,   6, 124, 178, 121, 103, 179,  97, 126, 251, 151, 226, 224, 158,  36, 111, 114, 167, 234, 129,  55, 241,  36, 233;
  41,  97, 106,  70, 116, 215, 239, 116, 116, 192, 255,   8, 112, 221, 150,  52,  88, 236,  83, 238, 192, 178, 180,  78, 119,  45, 165, 136,  71, 186, 118, 228;
  57, 183,  41, 109, 176,  95,  87, 191, 107, 124, 125,  45, 219, 125, 214,  52, 157, 222, 213,  44, 219,  58, 251,  29, 239, 217,  37, 254, 114, 238, 214, 251;
  46, 252, 167, 155,  95, 201, 179, 236, 158, 119, 208, 171, 236, 252, 124, 128, 251, 123, 251,  67,  83, 111, 123, 255,  61,   6, 223, 123,  85,  63,  21, 250;
  49,  73, 123, 110, 114, 134, 123, 116,  97,  64, 124, 162, 113,  95, 179, 112, 118, 184,  23, 236, 192, 154,  36,  63, 119, 173,  32, 128,  53, 130,  98, 233;
   0, 171,  42, 241, 177, 237, 248, 231, 174,  29, 110,  17, 132, 175,  98,  24, 205,  59,  75,  20,  18, 152,  16, 117, 207, 215, 158,  65, 192,   0, 207, 202;
  37,   6, 165,  77,  44,  47, 199, 152,  70, 122, 145, 104, 210, 120, 157, 175, 217,  68, 126, 111, 169,  38, 111,  25,   4,  26,  97, 188, 212, 251,  80,  37;
  72, 248, 184, 114, 169, 205, 113, 159, 250,  61, 166,  24, 190, 191,  72,  58, 129,  86, 125,  24,  18, 105, 250,  49, 219, 223, 117, 127, 194,  16, 199,  43;
 205,  62, 191, 245, 164, 126, 125,  22, 121, 206, 118, 116, 159,  55, 209,  59, 167, 100, 124,  28, 177, 220, 161,  98, 199, 251, 100, 128, 194, 241, 198, 113;
  35, 169,  90,  89, 215, 177, 232, 231,  87,  21, 124,   2,  40, 203, 246, 164, 121, 186, 130, 216,  22, 186,  54, 245,  79,  29, 146,  99, 115, 136, 235, 172;
 122, 185,  16, 236, 249, 143,  94, 253, 171, 140, 172,  13, 174, 255,   5,  20, 220, 243, 221,  96,  74,  11,  90, 255, 243, 221,   5,  59,  90,  22,  70,  11;
  85,  99, 158, 165,  56,  14, 107, 152, 238, 160, 130,  68, 215, 195, 193,  66, 182, 109, 108, 126,  64, 193, 137,   8, 232, 201,  47,  84,  40, 179,  33,  32;
 196,  52, 153, 119, 240,  78, 103, 189, 118, 235,  99,  88, 214, 119,   9, 112,  17,  94, 106,  74, 113, 252, 249,  42, 109, 175,  37,   4, 200, 241, 131, 178;
  61, 101,  25, 102,  21,  79,  71, 184, 112, 232, 173,   8,  83, 117,   9, 176,  24, 212,  68, 106, 105, 178, 121,  14, 241, 207,  37,  20,  98, 187,  70,  34;
 189,  73, 111, 101, 100,  75, 239, 112,  68, 160, 118, 194, 115,  65, 145,  33,  58, 252,  23, 234, 201, 176, 125,  28, 100, 201, 161,   0, 101, 187,  80, 160;
  88,  44,  55, 118,  27, 205,  51, 226, 175, 132, 170,   8,  46, 215,  97,  82, 162, 115, 232,  64,   2, 201, 178, 127, 209, 244,   3,  43,  66,  33,  39, 106;
 164,  45, 201, 217, 221, 103, 103, 203,  83, 187, 252,  26,  18, 241, 119, 121,  89, 206,  90, 250,  58, 103, 251,  58, 127, 143, 229,  61, 211, 249, 222, 162;
  72,  75, 251, 255,  36, 200,  87,  53, 244, 142, 246,  32, 247, 247,   1,  82,  66, 246, 109,  66,  72, 188, 195,  43, 229, 231, 118,  17,  34, 184,  69,  43;
 173, 228, 111,  91, 221, 123, 239, 239,  84,  51, 255,  18,  81, 113,  30,  59, 121, 206, 122, 186, 122, 231, 127, 127, 127, 139, 231,  69, 243, 217, 250, 226;
 217, 220,  95, 101,  34,  78, 124, 118,  45,  74, 114, 231,  63,  31, 128, 115,  38, 245, 125, 236, 229, 189,   1,  79, 246, 235,  98, 128, 109, 176,  33,  91;
 180,  65,  14, 170,  60, 227, 202, 200, 142, 136, 209,   2, 215, 216,  57,  64, 216, 168, 127, 115,   8, 167,  75, 190, 209, 181, 171, 217,  20,  27, 116, 130;
   2, 252, 182, 147, 247, 233, 180, 239, 222, 179,  89,  50, 236, 254, 104,   9, 187,  59, 147,  17, 114, 249,  26, 247,  61,  22,  31, 107, 208,  88, 133, 139;
   8, 169, 146, 169, 159, 229, 146,  71, 206, 129, 138,   2, 188, 249,  96, 132, 201,  59, 234,  17,  18,  41, 218, 209, 169, 213,  15, 123, 210,  74, 169,  10;
  34, 167,  96,  74, 233,  29, 252, 253, 123,  63, 253, 189,  72, 238, 222,  20, 223, 159, 231, 164, 254, 115, 238, 215,  63,  94, 215, 239,  87, 206, 230, 245;
 154, 155,  83, 237,  82, 198,  63, 117,  53,  12, 210, 231,  61,  23,  32,  84, 118, 187,  15, 194,  73, 154,  16, 255, 245, 164, 170, 128,  51, 128, 164, 123;
 174, 114, 189, 226, 109,  37, 155, 216, 139, 250, 177, 105,  92, 221,  77,  43, 140,  85, 213, 119, 136, 103, 216, 160, 211, 217, 233, 190, 213, 123,  23, 243;
 195, 132, 146, 222, 245, 156,  36, 111, 251,  19, 227,  16, 174, 242,  44, 255, 163,  11, 106,   8, 119,  79, 146, 199, 185, 190,  86,  74,  24,  64, 171,  12;
   2, 162, 167, 145, 234, 225, 185,  71, 190, 255,  19, 243, 140, 142, 254,  78, 167,  59, 255, 149, 150, 221,  39, 210, 156,  22, 191, 231, 132,  68, 165, 221;
 221, 152, 254, 119, 172,  94, 125, 152, 127, 250, 150,  32, 255, 127, 211, 107, 247,  85, 253,  47, 228, 197, 175, 170, 203, 255, 119, 149, 166, 241, 105,  89;
  35, 189, 117, 219, 246, 167, 187, 119,  94, 169,  88, 242, 180, 252, 148,  32, 159,  59,  23,  17, 179, 248,  80, 191, 109,  30,  63, 234, 221,  72, 147, 187;
 165, 168, 233,  93, 108,  79, 227, 216,  94, 250, 116,  92, 147, 201, 213,  57,  88, 232,  70,  78, 227, 246, 238, 115,  70,  26,  97,  44,  89, 169,  82, 160;
  85,  67, 156,  40, 138,   8,  72, 140, 166,  53, 131,   9, 199, 226,  75, 218,  66, 197, 108,  93,  30,  67, 203,   0, 144, 225, 111,  61, 160,  50,  11,   0;
 181, 236, 141, 190, 156, 199,  78, 232, 214,  82, 201,  19, 243, 248,  56,  33, 217, 202,  17, 239, 127, 230,  90,  63, 233, 206, 141,  60, 249, 123, 240, 210;
 204, 252, 156, 179, 168,  44,  93, 191, 186,  23,  44,  29, 223, 103,  74,  27, 135,  91, 105,  30, 114,  76, 218,  49, 207, 211, 125, 124, 128, 240, 143, 115;
  76, 252, 189, 119, 139, 237,  21, 158, 187, 255,  45,  12, 222, 255,  73,  59, 135, 119, 249,  18,  51, 112, 186, 113, 207, 219,  85,  55, 202, 115, 135, 115;
 126,  94, 186, 236, 111, 125, 159, 248, 129, 238, 156,  46, 218, 253, 183,  38, 221, 245, 255, 227, 169,  39, 250, 186, 115, 255, 235, 191,  87, 255, 118, 247;
  34, 169, 151, 189, 217, 171, 165, 103, 138, 149, 104,   1,  44, 226, 100, 134, 233,  59, 163,  17,  18, 219,   2, 209,  13, 150,  95,  99, 144,  74, 167, 170;
 219,  90, 246, 245,  35,  58,  61,  22, 189, 194, 214, 230, 189,  51, 147, 255,  38, 245, 253, 201, 161, 220, 181, 232, 150, 251, 122, 130,  46, 245,  43,  61;
  90, 108,  50, 126,  27, 228,  51,  70, 175, 132, 238,   9,  44, 215,  33,  84, 162,  51, 233, 192,   2,  11, 178, 255, 209, 244,  18,  11,  34,   5,  39, 106;
 250, 199, 104, 174,  27, 144,  94, 255,  17,   4, 252, 151, 107, 207,  58, 208,  92, 139, 133, 230, 126,  14,  78, 191, 242, 229, 174, 233,  55, 150, 174,  90;
 173, 189,  85,  71, 245,  63, 103, 190, 125, 234, 110,  92, 218, 113, 157, 181,  25,  78,  82, 106, 225, 240, 121, 190,  47,  94,   5,  22,  75, 255, 210, 164;
  85, 190, 187, 226,  48, 142,  91, 154, 126, 237,  86, 109, 151, 159, 209, 112, 183, 221,  61,  28, 139, 220, 185,  31, 249, 175,  63, 228, 168, 130,   3, 123;
 136, 137,  30, 186, 145, 205,  49, 103, 174,  29,  78,  17, 190, 155,  34,  64, 161,  35,  91,  20,  54, 137,  18, 117, 201, 211,  30,  75, 144,   0, 165, 202;
 153,  89,  94, 101,  38, 158, 246, 113, 124, 200, 114,  98, 127,  26, 165, 241, 182, 229,  46, 106, 229, 181,   5, 110, 242, 233,  34, 128, 105, 162, 105,  13;
  34, 179,  63,  89, 252, 237, 177,  79, 222,  89, 120,  65, 176, 220, 124,  32, 205,  59,  83,  17, 147, 170, 114,  21, 109,  28,  54,  74, 209,   8, 247, 251;
 141, 180, 149,  87, 241, 110, 103, 191, 112, 234,  99,  88, 222, 115,   8, 189,  17,  94,  98,  42, 113, 212, 249, 110, 109, 190,  85,   4, 202, 240, 195, 176;
  39,  34, 232, 195, 237,  61, 203, 216,  75, 189,  61,  24,  11, 205,  95, 188, 221, 216, 247,  94, 154, 114, 234, 242,  15, 221, 133, 255, 211, 255,  86, 229;
   2, 245, 182, 154, 255, 225, 180, 237, 158,  51,  89,  50, 236, 254, 108,  64, 251,  59, 187,  17, 114, 121,  27, 247,  61,  22,  95, 107, 149,  74, 181, 139;
 185, 127, 121, 109,  56,  31,  79, 124,   5, 232, 188,  76, 115,  85, 145,  48,  30, 240,  84, 106, 233, 162, 113,  30, 227, 201,  37, 176, 122, 186,  66,  57;
 111,  50, 149, 192, 105, 125,  81,  24, 139, 253, 173,  28, 206, 119,  75, 191, 133, 212, 236,  58, 139,  99, 251, 208, 159, 216,  65,  62, 218, 255,   6, 119;
 223,  78, 231,  93, 163,  50,  92, 186, 245, 202, 198, 244,  75, 102, 151, 255,  55, 228, 252, 174, 237, 197, 167,  10, 130, 107, 101, 129, 170, 245,  40,  85;
   0,  14, 127, 223, 114, 226, 169, 254,  84,   7, 126, 178, 113, 103, 167, 105, 127, 242,  38, 168,  32, 142, 103, 127, 102,  39, 250, 129, 245, 209,  36, 233;
 200,  78, 187, 252,  17, 204, 115,  51, 189, 142, 110,   0, 191, 231,  32,  82, 132, 125, 109,   8,  72, 173, 178, 139, 195, 245,   2,   8,   2, 160,   5, 106;
  45,  18, 245,  69, 166,  47, 165,  25,  78, 162,  55, 108, 210,  49, 137,  47,  22,  20, 110,  42, 145, 240,  89,  24,  68, 138,  97,  52, 222, 251,  65, 161;
  66, 162, 163, 145, 178, 224, 169,  71, 190, 205, 219, 243, 140, 198, 252, 108, 119,  59, 191, 149, 147, 153, 167, 210, 156,  22, 159, 194, 132, 196, 165, 245;
 124,  70,  26, 169, 188,  67,  75,  88,   4, 172, 255,  42, 215,  91,  57,  73, 216, 133, 127, 115,  72, 163,  73, 156, 241, 225, 171, 149,  20,  59, 116,   2;
  72, 240, 184, 112, 169, 205,  81, 223, 235,  61, 164,  24, 190, 151,  74,  26, 133,  95, 237,  16,  90, 107, 250,  49, 219, 217,  53, 127, 194,   0, 199,  43;
 166, 167, 224,  74, 237,  63, 254, 233, 155,  63, 253, 187,  72, 236, 254,  28, 223, 159, 231, 179, 182, 119, 238, 214,  63,  30, 199, 255, 215, 239, 246, 199;
  65, 173, 158,  30,  57, 184, 144, 102, 252,  19, 172,   0, 174, 242,   6, 183, 163,  35, 106,   9,  38, 107, 130, 109, 152,  62,  90,  27, 200,  64,  43,  14;
 204, 188, 255, 115, 167, 254, 119, 146, 251, 251,  63, 124, 158, 191, 197, 187, 167, 119, 253,  18, 177, 253, 184, 226, 239, 223, 119, 199, 138, 245, 207, 115;
 217,  32,  31, 161,  42,  15, 105,  16, 228, 184, 166,  80, 223,  19,  65, 123, 166,   5, 108, 124,   9, 213, 161,  12, 193, 235, 115,  20,  40, 129,   1,  33;
  32, 175, 252,  93, 252,  75, 213, 223, 214, 191, 180,  56, 146,  49,  69,  59,  73, 254,  74,  16, 120, 107, 227,  26, 255, 139, 245,  61, 209, 248, 214, 170;
 163,  41, 106,  94,  85, 217, 239,  96,  91,   4, 116,  10,  48, 217, 182,  36,  88, 234,  19,  74, 226, 190, 254, 255, 119,  60, 130,   9,  71, 174, 118, 236;
 146,  91,  87, 205,  82, 134, 111,  49,  37,   8, 246, 230, 125,  87, 160,  85, 102, 185,  31, 234, 105, 158,  49, 109, 181, 162, 162, 128,  59, 178,  36, 185;
  92,  38, 248, 231,  60,  62,  89,  24, 115, 238, 247,  57, 255, 127, 211, 122, 247, 245, 125,  61, 168, 244, 233, 202, 223, 255, 247, 133, 166, 226, 102,  97;
  20, 204, 237, 249, 140, 107, 237, 238, 230, 186, 190,   0, 211,  59,  21, 106,  73, 198, 127, 168,  72, 233, 107,  20, 207, 171, 247,  85, 209, 120, 116,  42;
  33, 190, 121,  73, 112, 239, 107,  90,  62, 105, 125, 252, 115,  87, 132,  48,  31,  56,  22,  60, 163, 180, 105,  31, 108, 142,  33, 196, 249, 138,  66, 241;
 197, 181, 156, 176, 168, 237,  92, 159, 187, 155, 164,  29, 191, 243,  75,  27, 131,  67, 125,  20,  62,  79, 218,  19, 203, 211, 125,  63, 152, 112, 139,  91;
  56, 123, 118, 110, 125, 159,  94, 124, 237, 140, 244,   8, 106, 217,  36,  52, 220, 249, 215, 106, 200, 171, 120, 189, 243, 221,  36, 155,  83, 154,  70,  47;
 193, 203, 142, 148, 237, 141, 101, 103, 239, 182,   2,  29, 174, 160, 114,  95, 161, 103, 106,  13, 112, 111, 146, 204, 152,  50,  95,  56,   8, 108, 139,  12;
 186, 205,  39, 253,  85, 215, 101, 103, 149,  68, 198,  18,  46, 183,  50, 229, 104, 170, 179, 137, 121, 186, 112, 223, 247, 243, 154,  67,  51,  12, 180, 238;
 220, 129, 148,  58, 157, 248,  80, 202, 251,  21, 161,  17, 142, 250, 106, 219, 225, 139, 232,  16,  62, 111, 138, 181, 155, 243,  82, 111, 210,   5, 235,   6;
  16, 203,   6, 167,  18, 139,  34, 228,   4, 161, 194, 195, 100,   3,  32,   0, 120, 238,   3, 204,  82, 153,   1, 109, 172, 166, 174,  64,  41,  10, 161, 138;
 146, 196, 102, 223,  23, 208, 117, 103, 189,  71, 198,  18, 106, 255,  46, 101, 232, 186, 187, 128, 110, 157, 115, 255, 183, 115, 210,   3,  51,  12, 244, 238;
  88,  13, 158, 188,  27, 230,  16,  71, 173, 133, 206,   3,  62, 187,  34,  82, 226, 247, 233,   0,   4, 137, 146, 237, 243, 229,  26,  27,  32,  80, 173,  10;
 184,  71,  67, 111,  20,   6, 111, 120, 100,   0, 123,  66, 115,  65,  57,  96, 120, 136,   2, 234,  73, 178,  25,  31,  97, 237, 160,   0, 121, 187,  96, 160;
 209,  20, 215,  69,   2,  46, 169,  18,  60, 138, 122, 228, 251,  55, 133, 127,  54, 245, 108, 232, 161, 180,  53,  74, 133, 186,  98, 128, 105, 241,  33,  61;
  65, 167, 156,  30, 155, 184, 176,  47, 238,  21, 172,  24, 172, 242,  10,  95, 163,  35, 106,   1,  54, 107, 130,  85, 220,  50,  90,  27, 208,  64, 171,  14;
  41,  36,  89,  73, 112, 175, 235,  26, 118,  97, 127, 208, 211,  85, 148,  52,  63,  60,  22,  60, 179, 176, 109,  31, 108, 142,  33, 196, 237, 139,  66, 176;
 236, 100, 233,  70, 236, 121, 207, 200,  83, 166, 189, 170,  67, 109, 223,  63,  91, 220, 246, 234, 108, 118, 236, 162, 119, 223, 229,  61, 199, 251,  86, 228;
 199,  92, 254, 215, 226, 246,  62,   6, 189, 199,  87, 145, 236, 255, 183, 239, 166, 127, 255, 214, 181, 221, 178, 234, 135, 127,  90, 131, 142, 243, 175, 220;
  40,  15, 110, 255, 216,  54, 127,  59,  20,  14, 126, 135, 105, 107, 179,  64,  93, 242, 167, 174, 152, 152,  79,  63, 103, 239, 242, 129, 183, 234, 124, 200;
  33,  44, 121,  97, 112, 175, 107,  90, 118, 169, 102,  64,  55,  23, 145, 112,  23, 156,  23,  28, 131, 148,  97,  31,  77, 143,  49, 228,  32, 129,  66, 233;
 229, 120, 249, 100, 108,  95,  94, 152,  75, 224, 180, 140,  83,  12, 215,  58, 158, 212, 100, 110, 205, 102, 253,  26,  22, 221,   5,  60, 101, 187,  74,  84;
  82, 104,  26, 222,  91, 192,  19,  64, 175,   5, 236,  35,  44, 215,  35,  84, 226, 187, 235, 192,  10,  11, 130, 125, 211, 228,  26,  43,  49,   3,  39, 106;
  13, 177, 149,  87, 245, 127, 100, 189, 127, 251, 111,  76, 250, 112, 222, 189, 145,  78, 226,  62, 149, 240, 249, 108,  47, 255,  85,  70, 202, 247, 203, 245;
 138,  76, 102, 223,  37, 240, 125, 230, 189,  70,  86,  18, 236, 255,  54, 237, 226, 251, 187, 143,  96, 157,  34, 239, 183, 123, 218, 131,  23,  84,  53, 238;
  88, 240, 188, 112, 185, 205,  81, 159, 171, 189, 174,  28, 190, 215,  74,  18, 133, 223, 109,  24,  90, 107, 250,  49, 219, 217,  21, 126, 202,   0, 199,  59;
  27, 184, 147, 176, 211, 240,  58,  67,  63, 193,  75, 167,  45, 218,  96, 208, 179, 171, 147, 149,  23, 154, 150, 230, 152, 229,  26,  74, 172,   6, 171, 150;
 166, 231, 230, 219, 253, 191, 190, 203, 159, 191, 185, 187, 200, 236, 126,   8, 253, 223, 239, 247, 178,  99, 234, 246,  63,  30, 143, 255, 213, 127, 215, 215;
 200, 136,  62, 250,  49, 204, 113, 167, 191,  29, 102,  17, 174, 151,  34,  81, 129,  50, 105,   0,  58,  13,  18,  55, 201, 247,  18,  75,  18,   0, 133, 106;
  65, 233, 158, 148, 206, 137, 181, 103, 234, 151, 238,  25, 166, 178,  98,  86, 162, 111, 106,  77,  84, 111, 130,  96, 248,  50,  94, 123,   0,  16, 171, 142;
  41, 133, 113,  77,  52,  15,  79,  57,  84, 162, 126, 232, 243,  97, 144,  53,  30, 174,  22, 110, 233, 184, 101,  31, 102, 174,  97, 128, 127, 250, 194, 168;
  70, 191, 190, 242, 163, 253,  54, 245, 187, 251,  55, 236, 206, 255, 239, 191, 183, 119, 255,  82, 183, 113, 170, 240, 251, 223, 127, 231, 206, 247, 143,  87;
 134, 181, 182, 187, 255, 225, 182, 233, 158,  59, 217, 178, 236, 254, 104,  64, 251, 187, 255, 147, 114, 103,  75, 247,  61,  87, 111, 239, 149,  74, 165, 131;
 237, 250, 236,  21, 232,  28, 188, 183, 250, 250, 118, 221,  89,  44, 215, 191,  39,  68, 240, 142, 245, 126, 238,  96,  78, 123, 117, 172, 203, 244, 203, 221;
 205,  54, 253, 119, 178, 126,  59,  18,  58, 203,  95, 244, 221, 119, 203, 186,  55,  87, 181, 190, 161, 212, 189,  46, 206, 239, 127, 192, 174, 231,  11, 113;
  40, 235, 120, 106, 124, 143,  94, 253, 235,  44, 252,   9, 255, 223,   6,  16, 220, 249,  71, 110, 202,  42, 106,  61, 255, 221,  37, 249,  80, 154, 198, 203;
  37, 176, 185, 105, 188, 141, 152,  73,  78,  57,  57,  89, 151, 220,  92,  32, 221,  25,  83,  21, 146,  42, 218,  17, 205, 157,  59, 124, 208,  10, 195, 177;
  66, 248, 158, 158,  91, 192,  49, 231, 171,  21, 200,  49,  44, 247, 110,  82, 163, 115, 233,   0,  66,  75, 154, 117, 249, 182,  94,  75,  16,   0, 167, 123;
 229,  16, 213,  69, 166,  15, 161,  29, 110, 161,  50, 124, 215,  49, 204, 174,  22,  84, 110,  56, 145, 244, 245,   0,  12, 168, 101,  84, 238, 232, 193,  33;
 124,  67,  27, 233,  60,  79,  83,  88,  36, 172, 255,   8, 215,  71,  41,  80, 216, 148, 111,  98,  72, 163,  73,  28, 243, 229, 163,  21,  16, 187, 116,  35;
 231, 124, 246, 158, 237,  60, 126, 206, 251, 234, 253, 125, 110, 248,  87, 250, 255, 239, 254, 167, 173, 103, 222, 234,  54, 126,  71,  63, 207, 119, 234,  31;
 220, 168, 149,  56, 137, 249,  80, 202, 251,  53, 160,  25, 143, 138, 107, 219, 225, 129, 232,  16,  62, 103, 202,  18, 219, 209,  83, 127, 242,   5, 111,  66]