[ 92, 123,  59, 102, 178, 143,  50, 240, 252, 136, 186, 104, 215, 249, 129,  32, 182, 125, 204,  99, 128, 177, 128,  46, 249, 229,  39, 144,  96,  51,   7,  51;
  71, 184, 132, 154, 201, 180, 152, 207, 139,  89, 141,  77, 168, 234, 126, 254, 197,  99, 250, 157, 151,  75, 222, 241,  14,  62, 223, 250, 154,  71, 187,  22;
  18, 206,  94, 190, 114, 162,  62, 230, 189,   6, 216, 179,  45, 239,  34,  81, 230, 251, 135, 131, 124, 223,   2, 255, 178, 227, 250, 139,  53,  85, 175, 203;
 102, 178, 173, 179, 236, 108, 152, 185, 171,  83, 145, 221, 199,  76,  94,  27, 133, 151, 253,  21, 191, 103, 219, 133, 223, 115,  89, 255, 204,   5, 222,  83;
 105,  45,  62,  97, 161, 127, 101,  55,  97,  42, 238,   8, 155,  49,   1, 182, 137, 142,  76,  40,  89, 184, 241,  14, 231, 255,  21,  71, 194, 224,  74, 174;
 124, 178, 184, 112, 234, 237,  81,  83, 163, 191, 173,  57,  23, 181,  74,  26,  35, 158, 109,  16,  26, 107, 170,   0, 219, 197, 117, 125, 226, 193, 134,  99;
 109,  96, 208,  66, 205, 125,  66, 200, 227, 182, 173,   8,  10, 209,  79, 190, 153, 192,  72, 122,  14,  99, 250,  16,  23, 217,   1,  63, 194, 251,  74,  38;
  22, 123, 210, 127, 186, 140, 190, 180, 172, 140, 250, 229, 237, 231, 133,  82, 166, 119, 237, 198, 195, 137, 154, 111, 160, 246,  46, 138, 136, 114, 163, 155;
 213, 177,   9, 160, 178,  73,  67, 216,  50, 121,  65, 236, 215, 214, 203,  52,  55, 217,  84, 254,  11,  22, 237,  51, 152, 133,  41, 236,  56,  35,   3, 113;
 103,  51, 228, 159, 235,  61, 158, 152, 139, 255, 153, 189, 236, 108,  95,  10, 143,  83, 255,  87, 150,  97, 251, 243, 143,  94,  93, 191, 215, 127, 151,  87;
 113,  25,  63, 172,  10,  71,  87, 105, 160, 196, 237,  13, 119, 254,  35,  48, 252, 253,  85, 227,  77, 131,  50,  12, 241, 225, 107,   8, 104,  35,  38,  90;
  93,  23,  30, 108,  27,  62,  19,  56, 228, 136, 239,  68, 223, 115,   1, 245,  52, 117, 236, 106, 129, 161,  19,  76, 241, 233,  35,   0, 106,  35,  43,  35;
 134,  54,  38, 155, 104, 184, 184, 128, 172,  87,  91, 183, 140, 206, 254,  74, 239,  11, 251, 151, 150, 148, 238, 240, 132,  48, 218, 194, 140,  71,  53, 213;
 120, 233,  56, 122,  60, 205,  87, 254, 130,  29, 172,   9,  50, 243,  66,  16, 201, 242, 109,  72,  90,  43, 202,  53, 251, 221, 180, 121,  80,  26, 214, 106;
 108,  97, 121, 101,  92,  79,  87,  56,  33, 164, 172,   8, 211,  19,  67,  48,  24, 204,  80, 106,  72,  50, 249,  12, 239, 141,   5,  52,  96, 186,  70, 226;
  26,  30,  39, 183,   2,  38, 105, 115,  60, 206,  91, 215, 253, 111,  16,  81,  54, 191,  31, 165, 176, 144,  17, 206, 213, 230, 234, 128, 172, 230,  37, 113;
  35, 226,  68, 153, 124, 147, 232,  92,  95,   3, 112,  86, 160, 192, 188, 164,  89, 168,  14, 156, 191, 174,  71, 255,  46,  30, 147, 232, 159, 156, 216, 132;
 229, 245, 125,  71, 252,  13, 230, 156, 106, 184,  49,  72, 210,  89,  92,  51, 152,  68, 127, 123, 195, 100, 219, 115, 109, 184,  37,  60,  73,  59, 210, 163;
  50,  57,  99,  76,  83, 215, 155, 120,  33, 204, 252, 174,  56, 220,  53,  52, 126, 249, 215, 227, 203, 171,  52, 255,  49,  28, 139, 250, 103,   7, 118, 247;
   3, 235, 166,  19, 165, 157, 190, 196, 254,  29, 119,  85, 238, 232, 158, 136, 173, 107,  78,  79, 182, 248,  78, 241, 166,  95,  62, 195, 205,  93, 219, 205;
 123,  30, 113,  63,  59, 255,  18,  51,  55, 111, 223, 253, 175,  54, 162, 245, 215,  62, 206,  36, 173,  15, 101, 191, 178, 247,  51, 186, 190, 140,  13, 117;
 169, 184,  80, 112, 105, 157, 112, 240, 115, 169, 100,   8,  31, 153,  64, 176, 156,  56,  82,  88, 135,  62, 210,  21,  95, 221,  49, 126,  90, 137,  74, 131;
 168,  98, 110,  21, 110, 216, 249, 108, 234, 212, 116, 171, 169, 204, 214, 167,  42, 108, 226,  93, 198, 124, 166, 193,  94, 105, 107, 169, 103, 172,  95, 236;
 216,  38, 190, 252,  56, 106,  89, 127,  59, 143, 252, 185, 143, 175,   2,  83, 167, 151, 237, 160,  58,  77, 163,  75, 211, 247, 122, 137, 162, 192, 167,  75;
  62,  16,  99,  44,  71, 115, 210, 104,  69, 192, 249, 171,  75,  92,  55, 176,  90, 184, 149, 227, 141, 178, 116, 140, 147, 233, 129,   3, 127, 175, 126, 246;
 183,  69,  98, 138, 132,  27, 207, 192,  85,  96, 245, 142,  75,  72, 191, 165, 120, 192,  94, 239, 253, 163, 108, 234, 178,  72, 130, 184, 127, 255, 250,  84;
 186, 216, 108, 111,  15, 221, 222, 252,   7,  76, 117, 175, 123,  93, 151,  32,  62, 185, 151, 199, 206,  52, 127, 189,  99,  77, 161, 163, 119, 191,  84, 255;
  30, 252, 174,  90, 223, 247, 180, 223, 255,  87,  93, 151, 108, 252,  63,  43, 175, 123, 179, 145, 166, 233,  58, 241, 123,  95,  95,  75, 255,  85, 245, 255;
  10, 158, 163, 158, 115, 251, 191, 251, 159, 206,  92, 175,  44, 252, 167, 228, 127, 123, 151,   7, 231, 155,  46, 255,  50,  54,  27, 171,  31, 108,  21, 253;
 143, 192, 246,  91, 228, 156, 121, 153, 255,  89,  87,  16, 249, 223, 190, 108, 183,  75,  63, 220, 183, 212,  62, 241,  79, 255, 246, 196, 150, 133, 241, 245;
 168, 132, 114, 251, 117, 189, 112,  23, 253,  25, 119,  24, 174, 153,  52,  53, 140, 187,  70,  24, 186, 188,  32, 247, 199, 253,  16,  66, 194, 136, 194, 137;
 121,  22,  54,  45, 113, 126,  80, 119, 117, 207, 254, 117, 107,  54, 138, 245, 248, 166, 206, 160, 189, 187,  97, 142, 246, 247, 242, 211,  42, 196, 238, 223;
 246, 120,  99,  64,  73,  89,  81,  64,  97, 236, 176, 169,   2, 156,  87,  60, 220, 180, 213,  83, 141,  35, 228, 152,  19,  88,   1,  63,  99, 191,  86,  94;
  16, 254,  90,  39,  50, 138, 126, 180,  52, 200, 126, 229, 119,  67, 130,  16,  54, 109,   5, 110, 200, 144,   1,  47, 230, 173,  32, 128,  40, 147,  42,  27;
 212, 157, 159, 236,  10,  78,  87, 185, 160, 210, 138,  64, 247, 119,   8, 115,  38, 117, 125, 234, 121,  73, 187,  45, 241, 227, 111,  20,  40,  35, 163,  50;
  88, 121, 147, 103,   3,  76, 117,  53,  33,  66, 106,   8, 190,  23,   1, 116,  34, 254,  76,  74,  65, 184, 177,  40, 241, 240,  80,   0, 106, 114, 135,  59;
  11, 122, 239,   5,  98, 118, 185, 214, 170, 207, 126, 229,  24, 190, 215,  58, 167, 117, 119, 157, 129, 209, 183,  72,  93,  29, 111, 130, 207, 245,  39, 253;
  93,  77, 172, 237, 140,  46,  79, 186,  54, 226, 142,  68, 211,  39,  19, 123, 221, 197, 125, 239, 169, 200, 251,  60, 205, 191, 239,  20, 152, 241,  88,  56;
 195, 178, 165, 155, 162, 140, 173, 191, 126,  91,  95, 244, 244, 118, 156, 100,  39,  11, 126, 141, 211, 220, 239, 115, 140,  58, 126, 192,  28, 196, 129, 125;
 248, 160, 148, 114,   9, 237,  64, 136, 163,  49, 161,  24, 134, 211,  72, 158, 129,  20, 104,  16,  10, 101, 219,  17, 153, 208,  81, 127, 194,   3,  67,  34;
 103, 185, 130, 154, 217, 149, 138, 205, 171,  81, 140,  77, 168, 202, 126, 244, 204, 107, 250, 221, 159,  11, 222, 241,  26,  92, 159, 126, 154,   7, 171,  20;
   3, 191,  87, 151, 115, 219, 178, 226, 255,  73, 121, 231, 108, 252, 164, 133, 182, 123, 134,  65, 247, 249,  14, 253,  44,  22,  31, 194,  93,   6,  11, 159;
 208, 112, 189, 116,  10,  72,  85,  61, 176, 214, 163,  56, 119, 119,   8,  91,  34, 212, 109,  98, 105,  71, 243,  13, 241, 163, 116,  28,  96, 176, 167, 114;
  52,  53, 123, 109,  50, 203,  99, 120, 100, 224, 107,  96,  83,  87, 169,  48,  58, 252,   4, 106, 105, 177,  45,  12, 113, 172,  37,   0, 105, 162, 102, 177;
 245, 157,  79,  47, 152,  74,  71, 177, 100,  64, 239, 133, 243, 100,  10, 115,  88, 230, 108, 238, 125, 233, 125,  61, 249, 162, 226,  80, 105,  34, 116, 112;
 220, 197,  95, 229, 182,  10, 127, 191,  52, 176, 214, 210, 223,  71, 152,  83, 118, 213,  61, 234, 120, 212, 161, 142, 254, 233,  47, 196,  38, 177, 160,  33;
 126, 243, 252, 232, 207, 103, 150, 216,   3,  61, 189,  59,  74, 125,  78,  26, 221, 213, 255, 243, 154,  99, 219, 160, 251, 247, 205, 255, 227, 127, 190,  83;
 246,  98, 236,  18, 207,  73, 212, 205, 147, 183, 161, 155,   2, 200,  95,  26, 137, 194, 225,  17, 110, 103, 206,  18,  27,  22, 149, 127, 241,  92, 214, 198;
  31, 127, 106,  71, 242, 147, 255, 244,  53, 164, 126, 231, 121, 207, 243, 132,  62, 109, 151, 254, 193, 144,  61, 252, 110,  73, 165, 164, 111, 182, 106, 249;
  80, 168, 158, 112,  25, 237,  80, 207, 187,  27, 162,  25, 134, 211,  64,  26, 161,  20, 104,  16,  26,  77, 130,  19, 219, 231,  80,  95, 224,   0,  14,   2;
  13, 200, 140, 123, 140, 162, 110, 142, 126,  19, 106,   0, 245,  98,  25, 120, 113,  66, 104, 218,  34, 192,  11,  59, 233, 239, 223,   4, 144, 115, 233,   8;
  38, 237, 226, 154, 212, 131, 174, 204,  22,  16,  89,   2,   0, 200, 125,   0, 120, 106,  19, 211, 210, 186,  10, 224,  56,   8, 143, 236, 213, 123, 240, 128;
 175, 236,  80,  91,  77, 185, 226, 200, 255,  18,  57, 216, 232, 200, 253, 189,  75, 234, 194, 243, 167,  36,  94, 247,  14,  94,   5,  47, 127, 255,  74, 132;
  92, 252,  59, 190,  25, 229,  19, 216, 186,  95, 133, 173, 253, 214,  43,  83, 245, 255, 237, 195,  43,  71, 186, 119, 209, 225, 171,  57,  16,   3,  39, 115;
 201,  80,  27, 109,  33,  14,  97,  48, 121, 202, 102,  76, 222,  19,   1, 115, 148, 116, 120, 106, 225, 244, 241,  14, 199, 251,  64,   6,  72,  48,  99,  59;
  72, 184, 157, 183, 162, 104,  57, 150,  43,  55,  14, 161, 189,  55,  64,  90,  39,  87, 253, 128,   2,  72, 187, 225, 205, 247,  94,  15, 162, 208,   5, 123;
  86, 111, 234,   5, 226, 114, 191, 198, 115, 230,  94, 163,  73, 238, 215,  38,  63, 237, 245, 231, 196, 210, 173, 202,  62, 109, 239, 133, 231, 247,  47, 213;
  72, 240, 184,  49, 185,  93,  20, 143, 123, 125, 160,  61, 174, 184,  74, 138, 129,  27, 236,  17,  30, 104, 219,  49, 239, 213,  84, 127, 218,  20, 143,  11;
 178, 132, 102, 221, 220,   3, 140, 107,  86, 226, 208,  18,  64, 232,  52,  33,  89,  34,  51, 161, 240, 251,   7, 159,  42,  14, 223, 180, 213, 172, 240, 204;
  95, 205, 245, 197, 230,  18, 239, 191, 107, 240, 190, 202, 120, 111, 148, 182,  63, 215, 125, 239, 209, 105, 175, 253, 126,  63, 239, 212, 167, 246, 209, 117;
 183, 249,  93,  93,  66,  79,  71, 250,  61, 226, 224,   8,  18,  23,   5,  53,  46, 244,  86, 110, 105, 255, 113, 125,  51, 154,  69,  22, 105, 185,  66, 244;
  37,  56, 191, 122, 125, 191,  83, 208, 235,  89, 253,  76, 222, 217,  21,  56, 136, 236, 126,  95, 143, 227, 250, 116, 219, 253,   1,  94, 200, 187, 122, 211;
  95, 125, 179, 162, 181, 252, 111, 198, 107,  65, 138,  12, 190, 246,  81, 244, 177, 115,  93,  87, 143,   1, 184, 235, 177, 252, 143,  10, 138, 119, 179, 126;
 127, 239,  72, 170,  50, 147,  78, 244,  37,  96, 216, 207,  63,  75,  50,  80, 126, 233, 149, 239, 207,  26,  76, 191, 242, 205, 175, 236,  63, 150, 250,  88;
  22, 141, 166, 158, 220, 163, 174, 237, 214, 128, 216,   2, 104, 234,  49,  64, 121, 235,  59, 227, 242, 171,  10, 255, 184,  38, 143, 136,  21, 123, 176, 136;
  47,  73,  98,  78, 125,  19, 234, 232, 197, 192, 253, 230,  72, 200, 191, 180,  88, 228, 214, 238, 205, 163, 108, 252,  50,  60, 129, 159,  95, 191, 122, 148;
  53, 165, 213,  93,  94,  11, 196, 168,  94, 162,  98,  74, 114, 240,  12,  33,  91, 236,  34,  40,  40, 240, 207,  29,  44, 174,  69,  20, 229, 104,  80,  32;
  41, 225, 145, 219, 253, 141, 228, 221,  95,  25, 112,  76, 152, 209, 252, 173, 216,   8,  22,  89, 211, 106, 202, 145,  44,  88, 246, 236,  94, 152, 211, 173;
   6, 205,   2, 154, 156, 129, 174, 228, 132,   1,  89,   2,  40, 202,  56,  64, 120, 107,  19, 211,  82, 154,  10, 244,  40,   4, 142, 200, 149,  27, 177, 128;
 167,  12, 192, 158, 236,   1, 174,  73, 156, 130, 209,  94, 212, 200, 113, 203,  90, 232,  95, 115,  49, 103, 202, 202,  20,  16, 235, 184, 156, 105, 113, 128;
  40,  44, 185,  91, 117, 237,  65,  15, 115,  63, 101,  24, 178, 117,  13,  60, 137,  26,  64,  24,  43, 188, 114,  59,  71, 220,  16,  48, 194,  90,  70, 234;
 127,  84, 229,  87,  41, 122,  44, 140, 121, 243, 167, 248, 219, 118, 221, 255,  55,  85, 248,  35, 165, 212, 255,  64,   6, 123,  95, 148, 138, 245,  75, 148;
  75,  88,  59, 108,  48, 204,  51,  50, 252,  72,  86, 100, 190, 151, 160, 240, 134,  61, 253,  73, 195, 153,  48,  77, 193, 189,  42, 138,  10,   4,  39,  57;
 101, 125, 223,  65, 244, 127, 230, 192, 105, 232, 186,  76,  82, 120,  87, 178, 185, 228, 122, 123, 157, 179, 221,  44,  60, 158,  69,  86, 201, 123, 218,   6;
 217,  69,  44,  47, 152,  31,  79, 188, 100, 230, 135, 141, 243, 103,  27, 115,  92, 196,  89, 239, 233,   7, 125,  46, 241, 235, 207,  16,  44, 243, 178, 120;
  77, 225,  21, 101,  48,  11,  71, 184, 100, 168,  43,  72, 214, 113, 200, 180,  16,  68, 108, 106,  73, 240, 201,  12, 173, 156,  37,  20,  66,  35,  66,  33;
 218, 165,  50, 254, 195, 212,  61, 101, 249,   5,  71,  16, 172, 222,  40, 245, 162, 187, 249, 129,  82,  15, 186, 231, 145, 240,  26,  11,  34,   6, 167,  46;
 242,  92, 182, 222,  75, 228, 188, 230, 185, 206, 210,  55, 108, 254,  39,  91, 237, 247, 247, 129, 160, 207, 146, 239,  51,  54, 222, 139, 129, 117,  39,  95;
  49,  32,  77, 173,  24,  15, 232,  75,  54, 160, 226, 194, 177,   2,  16, 105, 120, 172, 106, 140,   8, 220,  85,  92, 133, 170, 219,   0,  33, 128,  98, 172;
   2, 142,  44, 155, 125, 249, 184,   3, 223,  95,  86,  17, 172, 204,  62,  73, 129,   3, 171,  21, 182, 108,  34, 245,  15,  62,  90,  75, 212,  12,  93, 207;
  10, 250,  58, 154,  61, 189, 147, 198, 223,  13, 220,  41, 174, 220,  38, 132, 136,  59, 207,  81, 198,  43,  34, 245, 243,  53,  26, 251,  82,  15,  29, 239;
 103, 184, 248,  90, 203, 245, 148, 239, 203, 123,  61,  57,   8, 252,  94, 190, 143, 155, 243,  17, 151,  46, 222, 243,  31,  30,  29, 255, 217,  70, 202, 151;
 234,  96, 118, 242,  45, 233,  80,   4, 239,  55, 167,  25, 239, 159,  76,  27, 130, 149, 253,   2,  42, 229, 219, 197, 135, 249,  16, 115, 198,  15, 199,  82;
  80,  33, 157,  97, 176, 110,  81,  23,  32,  41,  99,  24, 151,  55,   8,  24, 144, 158,  76,  48,  25, 154,  81,   0, 201, 229, 112,  84, 192,   0, 134,  42;
 109,   6,  24, 101, 112,  31, 107,  48,  37, 232, 126,  76, 223,  85, 147, 180, 150,  60,  84, 108, 129, 144,  97,  14, 228, 253,  33, 176,  74, 171,  74,  97;
 237, 249,  27, 146,  73, 213,  54, 220, 178, 220, 132,  12, 172, 214, 235, 180, 169, 250, 234, 218,  79,  79, 186, 242, 251,  81, 143, 123,  10,  23,  47, 126;
  61, 189,  61,  35, 172, 127, 230, 184,  78, 248,  59,  72, 215, 120, 217, 163, 145,  78, 124, 123, 213, 112, 253,  52, 233, 201, 101, 116,  64, 123, 211, 224;
 239, 104, 226,  94, 109, 216, 236,  65, 233, 138, 244,  24,  42, 216, 245, 190, 169, 225, 246,  11, 228, 231, 166, 234,  19, 126, 208, 139,  71,  53, 122, 164;
 205,  16, 251, 248,  96,   4, 121,  81, 186, 222, 117, 116, 157, 151, 241, 121,  54,  61,  55,  12, 193, 214, 178, 192,  87, 251, 122, 136, 136, 160,  35, 241;
 231,  96, 214, 140, 105,   1, 209,  72, 175, 128, 164, 136,  78, 214, 103, 182, 250, 177, 234, 224,   8,  39, 226, 216,  17,  16,   3,  58,  83,  38, 103, 164;
  86,  13,   6,  68, 137, 106,  70, 163, 181, 134, 138,   9,  67,  99,   1,  94, 112, 246, 105, 170, 120, 129, 131,  12, 241, 230, 197,  19, 163, 114,  36,  34;
  71, 181, 128,   3, 249, 121, 178, 143, 239, 249, 159, 173, 222, 120, 222, 166, 147,  70, 250,  21, 151, 105, 221, 112,  62,  85,   5, 255, 206,  78, 153,  87;
  38, 173, 226, 158, 220, 163, 142, 239, 214, 128, 216,   2,  96, 232,  53,   0,  88, 234,  19, 227, 178, 171,  10, 255,  56,  14, 143, 168, 213, 123, 240, 136;
   2,  90, 194, 188,  98, 160, 169,  66, 190, 134,  82, 231, 173, 167, 227,  75, 110, 105,  39, 197,   0, 222, 134, 224,   4,  50, 250, 138, 133, 245,  37, 217;
 230, 250, 168,  82, 153, 249, 147, 194, 155,  61, 140, 185, 170, 141,  71,  26, 141,  91, 233,  81,  14, 107, 234, 243, 155,  85,  29, 123, 194,  77,  30,  95;
 236, 176,  17,  69, 233,  79,  65,  57, 123, 171,  37,  24, 214,  23,  72,  63, 145,  28, 104,  26,  81, 116, 249,  18, 207, 216,  21, 118,  66,   0, 198, 162;
 109,  49,  20,  97, 249, 189, 104,  80, 171,  57, 119,  76, 157, 147, 192, 254, 134,  62, 254,  88, 147,  88, 210, 208,  79, 249,  35, 224, 202, 131,  75, 177;
 165,  97, 171,  52, 237,  93, 101, 239, 218, 242,   2,  24, 246, 216,  89, 187, 153, 110, 122, 127, 237, 247, 250,  18, 189,  26,  69,  58,  64, 120, 210, 110;
  65,   4,  31, 117,  48, 206, 107,  50, 116,  64, 110,   0, 243, 247, 176, 112,  54, 124,  48,  40, 161, 152,  52,  15,  97, 175,  34,   0,   8, 160,  99,  56;
 220,  33, 122, 234, 165, 121, 127, 208, 237,  86, 191,  56, 223, 223, 251, 121, 178,  83, 221, 122, 112,  33,  40, 224, 243, 249,  69,  95, 230, 243, 231,  99;
 117, 125, 215,  92, 250, 122,  70, 134, 249, 202, 234, 104,  58, 246, 133, 254, 162, 246, 108,  66, 105, 195, 160, 106,  51, 254,  69,  18,  66, 241,  98,  45;
  89,  29, 121, 239, 114,  44, 127, 214,  45,  72, 254, 237, 253,  63, 139, 112, 182, 223,  95, 206, 139, 154, 225, 107, 247, 253,  50, 128,  40, 211,  39, 123;
   9, 114, 251, 193, 180,  47, 233, 211, 126, 105, 126, 100, 157, 149, 249,  44,  55,  28,  22,  28, 131, 176,  37,  66,  70, 157,  50, 196, 206, 129,  67, 241;
  11, 191, 232,  65, 246, 182, 187, 247,  90, 109,  92, 246, 153,  45, 214,  32,  47,  94, 147, 157, 147, 184, 181, 210, 110,  13, 190, 228, 143, 192, 159, 249;
 198, 255,   4, 155, 203, 160, 190, 132, 174,  23, 203, 151, 236, 198, 123,  75, 111,  75, 171, 215,  86,  20, 223, 243, 180,  48, 206, 193, 156,  87, 169, 208;
 242, 112, 101, 172,  79,  73, 208, 100, 129, 238, 144, 255,  98,  92,   5,  31, 236, 177, 223, 225, 173,  39,  82, 158, 145,  82, 201, 186, 109,  61,  86,  95;
  65, 122, 149, 197,  60, 135,  41,  18,  86, 160, 130,  68, 176,  19, 193, 238,  68, 116, 122, 200, 129,  92, 213,  92,   4,  62, 131,  16,  10, 169,  17,  32;
 124, 245, 156, 101, 184,  47,  87, 187,  34, 185, 188,  72, 215, 125,  73,  27, 157,  84, 125, 122,  56,  98, 209,   0, 233, 223, 101, 116, 202, 241, 202,  35;
 203,  86,  86,  90, 107, 176,  56,  16, 169,  88, 119, 244,  56, 215, 143, 255, 102, 184, 182, 202, 167,  86, 223, 245,  22,  57, 114, 138,  14, 149,  42,  29;
 168,   2, 114, 251, 113, 188, 120,  80, 253,  29, 117,  16, 142, 203,  44,  29, 229, 155,  71,  24,  50,  52,  34, 245,  71, 217,  18,  75, 210, 137, 198, 131;
 141, 234, 174, 187,  45, 157, 250, 192, 254,  29, 144,  21, 175, 200, 250,   3, 175,  97, 239,  85, 198, 109,  14, 241, 202,  89, 110, 217, 212,  28,  89, 207;
 163, 227,  68, 139, 172, 145, 204, 205, 207,  52, 217, 247, 232, 200, 254, 196,  88, 138, 238, 215,  94,  34,  79, 211, 182,  16, 143, 249,  23, 158, 216, 132;
 192,  57, 158,  84, 193, 204,  53,  39, 185,  31, 102,  24, 172, 147,   4,  27, 160,  55, 226,   0,  96,  92, 146,  72,  39, 179,  86,   3,  66,   0, 135, 171;
 121, 151, 246,  45, 161,  94,  84, 119, 229,  75, 254, 117, 235,  63, 134, 246, 252, 183, 236, 160, 189, 187, 117, 143, 242, 247, 112, 195, 107, 132, 238,  95;
 138,  98, 110,  53, 111,  88, 249, 108, 241, 214,  85, 187,  41, 140, 222,  15,  42,  13, 231, 167, 228, 247, 166, 129,  86,  97, 122, 169, 103, 157, 127, 254;
 135, 188, 132, 147, 203, 165, 190, 160, 174,  87, 203, 151, 204, 234, 123,  75, 237, 203, 251, 151, 118,  16, 223, 243,  60,  20, 206,  79, 156, 118,  57, 210;
  72, 139, 150,  61, 170, 136,  36,  39, 190,  25,  74, 249, 175, 163, 128, 214,  39, 103, 236,   0,  82,  73, 135,  33, 140, 166, 126,  65,   2, 192, 139,   9;
  72, 113, 151,  71,   3,  76, 101,  21,  41,  72, 239,  72, 190, 119,   9, 182,  50, 254,  76,  74,  65, 144, 177, 105, 231, 249,   4,   2,  74, 242, 134,  59;
  56,  89,  63, 174,   9, 199,  87, 112, 161, 204, 229,   9, 127, 151,  34, 113, 200, 253,  93, 195,  72, 139, 112,  44, 241, 225, 104,  24, 114,  34,  38, 226;
 119, 171, 168, 170, 249, 181,  94, 207, 139,  29, 152,  13, 174, 234, 126,  16, 204, 235, 255,  85, 158,  11, 202, 241, 250,  85, 143, 251, 144,  86, 155, 207;
  29,  77, 111, 175,  20,   2,  79, 248,  68, 192, 222,  70, 115, 105, 177, 224, 122, 236,  29, 239, 201, 179,  45, 173, 242, 237, 163, 128,  63, 175, 112, 112;
 118, 177, 225, 230, 172,  45, 254, 152,  59, 251, 153, 239, 221, 127,  93,  26, 191, 215, 125, 247, 158,  65, 203, 243, 191,  94, 239, 190, 205, 247, 211,  87;
  62, 113,  49, 226,  45,  85, 146,  88, 133, 232, 149,  43,  10, 157,  95,  47, 204, 145, 223, 115, 158,  35, 248, 128, 211, 217,  40, 255, 199,  15,  22, 215;
  92, 123,  26,  36,  48, 206,  63, 176, 172, 200, 254, 237, 223, 215, 131, 208, 182, 117, 237, 230, 201, 145, 145, 110, 248, 229,  47, 128,  72,  35,  41,  49;
 185, 212, 106,  99,  54,  23, 255, 252,  22,  98, 118, 183, 121,  29, 190,  33,  63,  24,  23, 239, 227,  52,  61, 191, 114, 203, 169, 228, 119, 158, 244, 249;
 185, 245, 104,  70, 112,  31,  79, 248, 114, 100,  61,  12, 123, 117, 158,  52,  54, 138,  85, 238, 225,  18,  60,  63, 123,  13,  33, 188, 127, 131,  86, 249;
  92,  34, 185, 118, 168, 104,  81, 154, 162, 159, 172,  57,  55, 247,  73,  26,   7, 214, 109,  24,  26,  99, 226,  34, 219, 231, 117,  57, 224, 241,   6, 107;
 101, 121, 155, 100, 240, 219, 182, 230, 232, 232, 250, 104, 214, 248, 133, 178, 186, 245, 126, 113, 197, 179, 164,  76,  60, 189,  37,   2, 201, 114,  75, 141;
 207, 216, 254, 121,  44, 156, 249, 156, 255,  89,  86,  16, 217, 223, 254, 108, 183,  73,  63, 222, 199, 116, 190, 243,  79, 255, 183, 204,  22, 149,  97, 245;
  23, 255,  98, 131, 150, 179, 186, 205,  78,  97,  26, 231, 232, 104, 254, 164, 127,  75, 151, 213, 151, 184,  13, 252,  46,  20, 143, 231, 205,  31, 185, 157;
 199,  36, 162, 155, 172,  40, 186, 200, 172,  86, 153, 151, 204, 238, 127,  75, 239,  75, 223, 183, 166,   5, 206, 226, 148,  16, 202, 236, 148, 119,  53, 213;
  90, 182, 188, 249, 185, 172,  88, 119,  57,  31, 252,  29, 174,  47,   2,  90, 167, 151, 237,   4,  58,  75, 209, 199, 219, 247, 114, 219, 130,  68, 175,  91;
 237, 127,  62,  70, 104,  30, 119,  48, 233, 140, 111,  76, 110,  97, 147,  55, 164, 100, 108, 110, 196, 225, 171,  45, 115, 249,  97,   8,  66, 179,  78,  65;
 105, 227, 120, 105,  60, 157,  91,  49, 111, 109, 191,  13, 139, 136, 222,  48, 158, 140, 238,  78, 222,  57, 229, 209, 246, 221,  33, 125,  70, 142, 206,  69;
 109, 252,  56, 101, 108,  15, 231, 184, 104, 170,  56,  72, 222,  17,  25, 177, 153,  84,  94, 107, 193,  48, 217,  63, 229, 157,  37,  52,  72,  59,  91, 161;
  37, 119,  89,  79, 124,  75,  71, 184,  97, 236, 253, 108, 210,  83, 139,  20,  88,  76,  68, 106, 201,  50, 233,  60, 102, 156, 161, 188,  90, 187,  82, 225;
 253, 243,  97,  70, 237,  95,  71, 184, 113, 238, 181, 108,  75, 120, 159, 182, 152, 196, 228, 106, 237,  54, 249,  42,  55, 219, 101,  55, 107, 191,  94, 101;
   9,  95,  91,  39, 114, 170, 107, 176,  53, 200, 122, 229, 119, 103, 129,  16,  54, 237,  20, 110, 161, 144,   5,  47, 228, 173,  32, 128,  44, 179,  98, 217;
 216, 252,  85, 245, 164,  42, 108, 190,  49, 178, 146, 226, 159,   7, 129,  91, 103, 215, 125, 170, 233, 220, 209, 237, 230, 250, 247, 132,  44, 240, 131,   9;
  11,  59, 227,  65, 114, 246, 185, 214,  39, 232,  94, 229,  60, 159, 213, 166,  46, 125, 247, 221, 129, 216, 181, 200,  79,  93,  43, 194, 207, 165,  39, 249;
 176,  70, 125, 101,   2,  10, 111,  48,  52, 166, 247, 224, 115,   7, 128,  17,  62, 212,  77, 234, 232, 180, 101,  14, 244, 171,  96, 128, 101, 178, 102,  41;
 187, 237,  74, 174, 114, 131,  78, 240,  49,  64, 212, 207, 127,  75, 179, 209, 126, 233, 149, 239, 237, 146,  12, 189, 242, 201, 175, 160,  63, 183, 122,  24;
  87, 177, 232,   1, 179,  57,  82, 140, 123, 225, 166, 189, 223, 248,  95,  58, 151, 207, 221,  21, 159, 232, 221,  66, 154,  93,  21, 118, 204, 231, 139,  86;
 133, 102, 158, 155, 238,  43, 172,  88, 156, 178, 211,  82, 213, 193, 249, 207, 123, 108, 106,  63, 113, 247, 207, 192,  28, 130, 239, 228, 156, 251, 185, 129;
  22, 159, 206, 190, 146, 178, 190, 224, 188,   6, 210, 231, 109, 234, 171, 217, 119, 235, 143, 231, 180, 211,  12, 237, 176, 103, 250, 129,  61, 119,  43, 145;
 173, 227,  24, 101, 173,  31, 102, 156,  70, 188,  53,  12, 223,  65, 219, 134,  24,  76, 236, 126,  78, 244, 235,  48, 238, 217,  37, 117,  98, 187, 218, 129;
 120, 251, 120, 122, 184, 205,  83, 254, 162,  61, 172,  41, 183, 215,  74,  18, 129, 210, 205,  64,  90, 107, 234,  53, 251, 197,  53, 121, 112, 152, 198, 235;
 204, 248, 188, 115, 137, 253,  21, 142, 123,  55,  36,  24, 190,  63,  74,  59, 129,  83, 249,  16,  50, 108, 251, 115, 207, 219,  85, 127, 194,  81, 135,  43;
 126, 123, 232, 108, 237,  31, 214, 222,   3, 172, 188,  47,  10,  61,  71,  26, 236, 213, 253, 119, 204,  59, 209, 168, 251, 253, 173, 183, 235, 127,  94,  91;
  75,  22,  55, 217, 177, 251,  49,  51, 189,  77, 223, 253, 207, 246, 170, 237, 215,  58, 223,  52, 189, 144, 100, 159, 134, 247,  50, 210, 158, 204, 132, 117;
 108,  49, 145,  97, 240, 110,  97,  25,  96, 169, 107, 120,  87,  83, 136,  56,  18,  20,  76,  56,  25, 144, 209,   0, 205, 237,  33,  68, 232, 163, 194,  33;
  87,  88, 174,   5, 137,  62,  28, 139, 123, 243, 239,   8, 219, 186,  95, 254,  51, 213, 252, 163, 141,  81, 159,  64, 147, 127,  79,  23, 235, 117, 139,  22;
 252, 124, 183, 246,  61, 220,  87, 152, 227, 188, 166,  40, 238, 215,  65, 247, 128, 244, 236, 122, 106,  71, 250, 175, 251, 249,   5,  59,  34,  51,  70, 107;
 104, 111,  18,  69,  48, 155,  98, 178, 237, 168,  42, 104, 166, 177, 129, 148,   0, 100, 108,  74, 104, 249, 193,  44, 168, 244,  37,  51,  66, 177,  74,  13;
 129, 151,  31,  61, 176, 142,  37,  55, 188,  91,  98,  84, 214,  50, 160,  81,  33,  38, 110,  44, 241, 220,  49,  29, 236, 162, 122,  64,   8,   0, 163,  57;
  58, 225, 104,  42, 221, 209, 223, 237,  71,  69, 204, 139, 107, 204,  62,   0, 216, 138, 147, 197,  78,  43,  62, 191, 123,  93, 141, 125, 119, 158, 254, 222;
 108, 233,  16,  98,   9, 221,  82, 136, 227, 180, 165,   8, 143, 209,  73, 182, 129,  84, 232,  90,  74,  99, 218,  48, 139, 217,   5, 127,  66,  27,  74,  38;
  23,  47, 234,   5, 242,  18, 239, 118, 113, 236,  94, 231,  73, 174, 215,   0,  62, 237, 151, 239, 204, 152, 165, 202, 126,  45, 175, 129, 167, 246, 118, 205;
 210,  28, 238, 158, 203, 228, 188, 102, 185, 198, 218, 179, 108, 254,  39,  74, 239, 255, 179, 129, 160, 207, 146, 234,  27,  38, 222, 139, 133, 116,  39, 223;
  15,  54, 187, 152,  48, 189, 185,  90, 191,  79,  85, 245, 189, 199, 171, 108,  55,  43, 158,  28, 183,   5,  38, 211, 194,  87,  59, 170, 222, 205,  47, 245;
  27, 111, 106,  71, 214, 146, 254, 121,  53, 196,  94, 167, 105, 239, 191, 164, 126, 234, 151, 238, 197, 144,  60, 239, 122,  77, 167, 128, 111, 182, 232, 252;
  27,  20,   7, 173, 129, 102, 105,  51,  37, 203, 219,  87, 221, 103,  24, 204, 118, 167,  63, 172, 153, 144,  81, 206, 133, 246, 218, 128, 174, 230, 161, 113;
 120, 173, 184, 112, 157, 205,  85, 167, 227, 181, 172,  24, 178, 177,  64,  19, 129, 214, 104,  24, 122, 107, 242,   2, 251, 213,  21, 125, 224,  72, 198,  42;
 173, 192, 126,  90,  93, 252,  97, 204, 251,  81, 229,  16,  90, 211,  46, 253, 201, 128,  82,  88,  59, 231,  58, 245,  83, 251, 144,  75, 202,  17, 234, 230;
  50, 132, 228, 221,  28,   3, 136, 111,  86, 163, 210,  18,  32,  40,  52,  64,  89, 140,  63, 161, 184, 189,  69, 223,  24,  46, 219, 148,  53,  44, 240,   8;
 195, 176, 173,  55,  56,  92, 169,  25, 186, 249, 135, 212, 252, 118, 218,  63, 135,   7, 120,  29, 167,  76, 255,  69, 141,  59,  91, 184, 136,   4,  11, 125;
 104, 251, 165,  93, 232, 169, 165, 183, 174, 189, 124, 236, 160, 167, 192,   6,  78, 126, 111,  88, 210, 105, 226,  97, 108,  60, 118, 184, 194, 222, 199, 233;
  21, 121,  11,  32, 114,  75, 107, 216,  50, 224,  68, 168, 215, 214, 195,  52,  23, 220,  84, 250,  73, 146, 252,  26, 253, 133,  45, 228,  44, 179,  38, 240;
 182, 141,   6, 158, 156, 131, 142, 237, 150, 128, 216,   2, 104, 234,  49,  65, 121, 235,  63, 227, 122, 203,  10, 255, 184,  38, 207, 152,  21, 122, 176, 136;
  33,  96,   7, 173,  76, 163, 232,  70, 102,  33, 227,  66, 145, 130,  16,  72, 104, 172, 106, 204,   8, 222, 195,  80, 148, 160, 154,   0,  33,   9, 112, 136;
 169, 120, 119,  92,  67, 207, 165, 230, 248, 234, 226,   8,  58,  23,   5, 187,  40, 245, 114,  74,  97, 255, 112, 126, 117,  10, 117,  16,  67,  56,  71, 248;
  77,  57,  26,  96, 185, 157, 122, 208, 239,  45, 190,  76, 159, 147, 195, 244, 134,  48, 222,  92, 151,   9, 242, 240, 255, 221,  34, 120, 202, 131,  75, 129;
   3, 166, 227, 129, 246, 182, 169,  87, 122, 253,  90, 242, 153,  14, 214,  44,  63,  15,  23, 157, 179, 216, 165, 214,  12,  30, 190, 228, 133, 196, 183, 237;
 246, 100,  50, 188,  27, 241, 210,  72, 239, 134, 161,  26, 110, 218,  45, 244, 216, 161, 202, 163, 110,  39, 210, 219, 147, 208,  11,  59,  81,  45, 111,   6;
 168, 114, 120,  97, 124, 153, 225,  93,  98, 172,  52,  76, 179,  65, 219,  16,  26,   8,  70, 120, 194,  54, 242,  30, 125, 201,  37, 109,  69, 138,  95, 235;
  13, 125, 121, 239, 240,  44, 127, 157,  44,  72, 251, 100, 255, 127, 137, 112, 182, 223,  95, 238, 251, 146, 121, 109, 231, 249,  38, 128, 136, 211, 163, 249;
 117, 121, 191, 250, 219, 236,  51, 196, 235, 200, 236,   8, 126, 223,  37, 120, 240, 125, 122,  81,   3, 227, 186, 120, 251, 249,   7,  26, 200,  51,  39, 179;
 201,  52, 159, 101,  33, 110, 113,  18, 121, 234, 103,  92, 158,  19, 129,  59, 144,  20, 124,  40, 161, 244, 241,  10, 199, 251, 112,   2,  74,  96,  67,  59;
  41,  31, 117, 119,  96,  46, 109,  51, 112,  42, 123,  68, 243,  33, 128, 121,  20, 174,  38,  12, 145, 184,  81,  29,  69, 175, 112,   0, 106, 224, 194, 169;
 160, 204,  78, 201,  86, 211, 165, 231,  92,   4, 122, 134,  32,  32,  38, 132, 105, 170,   2, 128, 101, 190,  53, 223,  44,   6, 150,  65, 125,  24, 252, 140;
 134, 205,   2, 138, 220, 129, 174, 228, 148,   0, 216,   2,  40, 234,  49,  64, 121, 106,  19, 211, 114,  11,  10, 255,  56,   4, 142, 200, 149,  27, 176, 136;
  82, 187, 154, 242, 186, 192,  51, 231, 174, 153, 154, 227, 189, 247,  96,  98, 167, 119, 253, 144,  19,  75, 139, 112, 249, 197,  63, 235, 160,  66, 173,  27;
  88, 176,  27, 250,  27, 236,  17, 119, 174,  81, 163,  24, 190, 215,  72, 114, 163,  51, 121,  16,  19,  73, 178,  53, 217, 160,  18,  88, 160,   0, 167,  59;
  95, 121, 179, 162, 215, 222, 127, 197, 107, 193,  72,   8,  63, 254,  49, 240, 176, 235,  20,  89, 143, 154, 184, 172, 185, 253, 142,  42, 162,  55, 243, 254;
 109,  25, 164, 239, 221,  14,  79, 184,  55, 248, 230,  12, 255,  51,  19, 119, 204, 236, 121, 206, 137, 218, 217, 232, 253, 250, 197,  20, 138, 167,  80,  56;
 172, 113, 252, 103, 229, 107, 245,  80, 193, 182,  53,   8,  83,  81, 215,  63,   8, 124,  64, 122, 104, 244, 121,   8,  71, 219,  69,  55, 103, 251,  86, 242;
  19,  31, 238, 190,  50, 210, 154, 117, 156, 205, 223, 167, 119, 252, 162,  96, 254,  61, 159,  37, 181, 137,  45, 158, 250, 103, 170, 147, 181,  46,  61, 127;
 195, 180, 237,  91, 230, 188, 173, 159, 126,  91,  95, 244, 244, 118, 156, 109,  55,  14, 127, 141, 179, 220, 239, 115,  76,  58, 254, 192, 140, 192, 145, 253;
 234,  80, 231, 150,  79, 105, 165,  68, 153, 118,  21, 191, 138, 156,  55, 143,  42, 181, 243,  35,  97, 103, 246, 232, 149,   3, 218,  59, 111, 125,  23, 250;
 212, 100, 157, 244,  42, 104,  85,  30, 162, 190, 167,  56, 247, 183,  73,  27,  39, 212, 109, 130, 104,  71, 235,   2, 209, 227, 117,  28,  32, 240,   6, 115;
  59, 241,  99, 234, 119, 151, 218, 252,  65,  72, 248, 110, 123, 220, 181, 180, 254, 185, 151, 229, 207, 162, 124, 157, 179, 205, 169, 170, 127, 142, 114, 253;
 222, 234, 158, 250, 155, 209,  30, 197, 183, 151, 132, 153, 111, 206, 106, 218, 237, 251, 237, 208, 126,  79, 138, 243, 251, 199, 159, 251, 179,  52, 175,   2;
  51,  85,  99,  10,  85,  87, 198, 104,  69,  72, 253,  78,  74, 216, 191, 164, 216, 168, 214, 111, 205, 163, 124, 157,  51,  88, 128,  58,  91,  63, 250, 213;
 158, 249, 229, 121, 219, 209, 190, 199, 215, 209, 212, 179,  41, 252, 116, 170, 111, 251, 251, 209, 214, 235, 127, 241, 127,  67, 223, 111, 255, 116, 181, 222;
  69, 115, 171, 183, 168, 104,  44, 149, 190, 203, 219, 245, 213, 254, 217, 122, 247, 247, 125, 145, 159, 209, 239,  34, 172, 167, 255, 200, 140, 115, 177, 113;
  54, 179, 123, 234, 124, 199,  95, 248,  19, 104, 181, 107, 118, 223,  45,  49, 220, 153, 215, 227, 238,  35, 120, 189, 243, 215, 169, 191,  21, 155, 118, 219;
 217,  44, 189, 117, 137, 126,  65,   7, 244, 247, 174,  24, 179,  49,   3, 123,   1, 102, 104,   8,  44, 205, 243,  42, 195, 239, 112,  17, 224,  64,  70, 106;
 162,  64, 134, 159,  12,   3, 168,  72,  22, 177, 211,  18, 224, 136,  56,  74,  88,  44,  59, 193,   0, 245,  75, 221,   4,  34, 219, 144,  21,  11,  48, 128;
 216, 144,  60, 190,   9,  77,  21,  61, 132,  63, 165,  57, 183,  31,  34,  91, 192, 147, 237,   0, 104,  79,  83,  21, 211, 227, 112,  59,  48,   8, 133,  91;
  52, 243, 125, 234, 126, 135,  91, 248,   7,  56, 121, 235, 115,  95, 153,  48, 222, 217,  23,  98, 202, 162,  75, 189, 202, 201, 161, 188, 117, 171,  82, 179;
 164,  64, 127, 122, 229, 237, 120, 192, 239,  17,  97,  17, 138, 203, 125,  25, 171,  25, 194,  82,  18, 229,  26, 241,  71, 217,  82,  73, 208, 153, 199, 130;
 116,  39, 249, 112, 184, 236,  81, 223, 163, 189, 172, 185,  23, 167,  73,  26,   7, 223, 109,  16,  26,  75, 226,   2, 217, 197,  53, 120, 224, 193, 134,  99;
  18, 141, 102, 158,  28, 131, 174, 105, 150, 128, 219,   2, 104, 232,  48,  65, 120, 237, 127, 227, 248, 235,  11, 221, 184,  38, 207, 136,  21,  42,  48, 136;
  84, 102, 153, 244,  40, 104,  77,  22, 162, 191, 171, 185,  23, 167,  65,  90,  39, 215, 109, 144,  10,  71, 227,   2, 209, 231, 117,  60, 160, 241,   6,  99;
  65, 205, 147, 245, 164, 172, 109, 183, 185, 170,  18,  80, 188, 179,  17, 127, 165, 119, 127, 140,  97, 217, 129, 234, 229, 190, 254, 128,   8, 240, 129,  41;
  75, 151, 103,  88, 176, 254, 121, 123, 189,  93, 127, 245, 207, 254, 190, 253, 215,  23, 255,  53, 191, 137,  38, 221, 138, 127,  58, 222, 158, 132, 141, 117;
 112,  13,  25, 236, 156, 103,  71,  47,  23,  34, 234,  74,  19,  55,  33, 112,  89, 182,  57, 136,  40, 155,  81,  30, 241, 174, 128,  20, 176, 248, 112,  42;
 112, 254, 120, 122,  60, 205,  83, 252, 163,  60, 164,   8,  55, 213,   9,  17,   9, 218, 205,  66, 106, 111, 250,  61, 251, 201,  49, 121, 112, 155,  70, 107;
  86, 168, 130, 154,  73, 133, 184, 224, 175,  21, 129, 135, 108, 230, 107,  91, 253, 201, 203, 213,  10,  67, 218, 241, 157,  18, 207, 111, 144,  38,  38, 210;
 201, 244, 189, 115, 169, 109,  85, 156, 122,  63,  53,  24, 254, 117,  72,  59, 149,  83, 125,  90, 243, 124, 251,  51, 207, 219, 117, 246, 192,  80, 199, 107;
 181,  72, 122,  76,  84, 223, 203,  88,  83, 232, 117,  12,  83, 217, 183,  48,  24, 232,  22, 110, 205, 182, 124,  26,  83, 221,  33,  40, 123, 187,  66, 246;
 109, 221, 109,  71, 125,  95,  67, 184,  65, 228, 127, 172, 219, 109, 159, 180,  30, 204, 246, 110, 205, 178, 125,  44, 110, 127, 101,  20, 111, 175,  90, 245;
  62, 249, 225, 220, 207,  81, 191, 205,  27, 244, 148, 171,  40, 252, 246, 164, 122, 216, 147, 211,  87,  75, 254, 240,  59,   0, 207, 191, 183,  60, 156, 254;
 179,  86,  71,  45, 160,  46,  78,  62,  61, 234, 248, 253, 215,  38, 131, 153, 220, 133,  84, 103, 237, 150,  65,  14, 160, 246, 104, 148,  72, 241, 130,  85;
 158,  77,  78, 191, 142, 131, 156, 237, 148, 146, 147, 130, 125, 110,  49,  75, 126, 245,  63, 227, 104, 199,  10, 221, 176, 227, 239, 148,  53,  58, 177, 152;
 214, 189, 238, 146, 211, 192, 189, 231, 191, 199, 198, 179,  44, 206, 118,  72, 239, 255, 251, 211, 118, 223, 182, 238,  59,  50,  31, 203,  69,  20, 167, 222;
 213,  95, 122,  78, 219, 158,  87, 176, 249, 132, 239,  76, 126, 113,  15,  17, 180, 228, 104, 110, 228,  35, 185, 111, 115, 249,   1,  24,  98, 243,  98,  67;
 225,  77, 198, 222, 236,  10, 238, 230, 185, 162, 250,  74, 115,  34, 181, 251, 110, 231, 126, 234, 105, 231,  73, 239, 180, 170, 206,  16,  77, 249, 234, 136;
  15,  50, 178, 216,  56, 183, 121,  90, 127, 207,  85, 181, 157, 223, 247, 108, 183,  41, 223,  29, 151,  65,  55, 216, 211,  95,  59, 142, 158, 197,  33, 245;
  74, 167, 190, 242, 249, 173, 121, 119,  59,  29, 126,  29,  46,  47,  10,  16, 165, 155, 231,  20,  18,  90, 179, 199, 223, 255,  18, 203, 194, 196, 167,  75;
   5,  35, 148, 163, 174,  43, 238, 216,  78, 179, 219, 210, 213,  98, 217,  74, 123,  76, 106,  62, 148, 240, 207, 128, 204, 142, 231, 100, 164, 251, 145, 128;
  87, 241, 233, 230, 180,  15, 222, 152,  43, 248, 179, 237, 223, 255, 221,  50, 183, 221, 125, 247, 201, 114, 141, 192, 186, 220, 175, 182, 205, 183,  83,  23;
  62, 105, 226,  16, 211, 249, 176,  70, 171, 228,  46,  11,  40, 156, 103, 156, 169, 253, 195,  81,   4, 255, 144, 234,  27,  68,  29,  43, 231,  93,  95, 222;
 194,  57, 174, 158, 219, 196, 189,  71, 186, 199, 194, 183, 108, 254, 103,  74, 237, 255, 251, 209, 178, 207, 146, 235, 121,  54, 223, 203, 133,  36, 167, 219;
 240, 247, 120, 114,  56, 205,  83, 254, 163,  61, 164,  56,  55, 135,  74,  19,   5, 210, 205,  80, 122, 111, 202,  55, 251, 193,  53, 125, 112, 152, 198,  43;
  35, 185,  74,  73, 213, 142, 239, 247,  61,  73, 124,  69,  48, 147,  54,  52, 120, 106,  19,  92, 211, 152,  16, 239, 111,  28, 134, 128,  75, 144, 250, 155;
   2,   4,   2, 138,  20, 160, 168,  66,   4,   1,  91,   2,   8, 202,  56,  64, 121,   9,  19, 145,  18, 144,   0, 215,   0,  36, 154, 192, 149,  14,  48,   0;
 205,  70, 205,  39,  32,  46, 110,  16,  49, 234, 119, 205, 255,  99,  27,  27,  22, 229, 125, 238, 169, 212, 209,  40, 198, 251, 224, 128,  40, 243,  10,  80;
 182, 205,  34, 154, 220, 129, 174, 237,  86, 128, 217,   2,  96, 232,  57,  65,  88, 235,  19, 211, 226, 107,  10, 255, 184,   0, 143, 232,  21,  26, 176, 136;
   7, 235,  97,  67, 112, 159, 239, 248, 126, 104, 122, 200,  81,  68, 157, 180,  63,  72,  82, 238, 199, 144,  45, 127,  46,  14, 165, 228,  71, 183,  83, 229;
 205, 117,  89, 231, 176,  14, 127, 185,  61, 232, 255,  96, 255,  87, 137, 112, 150, 223, 124, 238, 235, 144, 249,  47, 231, 253,  39, 128,  74, 178, 195,  33;
  41,  17,  21, 103, 228, 174, 108,  49,  96,  73, 123,  68, 247,  49,   8, 184,  20,  46,  38,  12, 145, 184,  81,  13,   5, 255, 112,   0, 202, 194, 194, 176;
 229,  54, 245,  85, 240, 107,  71,  59, 122, 238,  43, 120, 211,  48, 203,  59,  17,  78,  68,  58,  49, 244, 237,  14,  45, 142, 117,  52, 224, 232, 198, 225;
 122, 123, 250, 228, 124,  31, 223, 118,   9, 236, 190, 175,  62, 189, 199,  18, 238, 247, 255,  85, 204, 187, 225, 168, 250, 253,  36, 179,  79, 190,  94,  91;
 122, 211, 238,  44,  49,  92,  84,  55, 169,  77, 254, 237, 174, 188, 134, 242, 206, 215, 253,   5, 221, 187, 225, 231, 242, 255, 116, 211,  78, 132, 238,  95;
 152, 234, 172, 185,  44, 157, 216, 185, 238,  28, 144, 133, 175, 204, 123,   3, 203, 129, 239,  85, 206, 101, 195, 145, 202, 209, 111, 253, 116, 140,  29,  75;
  94, 236, 214,  86, 139,  56,  54, 172, 251, 147, 171,  56, 110, 242,  77, 222, 163,  87, 232,  66,  36,  71, 138, 226,  58, 246,  85,  63, 227, 119, 171,   6;
 251,  55, 112,  70, 187,  52,  91,  59,  57, 238, 189,  60, 110, 115, 206, 247,  23, 230, 252, 174, 252,  75, 228, 206, 250, 125,  33, 187, 166, 230,  10,  69;
 124, 246, 104,  65, 141,  91,  71, 184,  83, 230, 188, 141, 195,  69, 219,  36,  25, 204, 204, 110, 220, 118, 253,  30, 239, 213,   5, 125,  98, 191, 222, 246;
 220, 121,  59, 248,  31, 205,  19, 196, 236, 200, 226,   8, 222, 223,  33, 112, 176, 113, 124,  83,   1, 163, 178,  62, 249, 245,  39,  90, 200,  51,  39,  35;
 165,  64,  61, 123, 141, 237, 209, 140, 206,  85, 165,  24, 210, 221,  30,  59, 200, 128, 123,  94, 191, 231, 115,  49,  71, 184, 208,  88,  65,  25, 214, 242;
 143, 248, 250,  91,  61, 183, 123, 218, 255,  90,  86,  17, 189, 223, 119, 104, 183,  41,  63, 157, 166, 165, 186, 211,  71, 127, 187, 172, 150, 213,  97, 253;
  45, 132, 107, 173, 244,   2, 111, 121, 116,  99,  95, 214,  81, 103, 152, 112, 127, 204,  23, 173, 185, 146, 109,  15, 116, 239, 171, 196, 165, 162, 242, 241;
  90, 238, 138, 248,  57, 161,  27, 238, 183, 143, 188, 169, 239, 203,  98,  80, 219, 249, 237, 144,  78,  71, 202, 223, 250, 215, 175, 191,  50,  50,  46,   3;
  91, 156, 227, 166,  51, 254, 122,  50,  61, 201,  91, 199, 127, 254,  54, 240, 182, 231, 189, 173, 189, 153, 149, 239, 186, 239,  42, 194,  46, 167,  41,  85;
 252, 121,  51, 254,  41, 211,  83, 112, 165, 140, 245,  40, 127, 215,  33, 245,  88, 252, 221, 106,  72, 131,  98, 172, 211, 249,  96, 155,  34, 183,  38,  99;
  44, 200, 156, 123, 196, 173, 113, 187, 246,  31, 101,  16, 247, 241,  40,  89, 145,  42,  32,  24,  50, 244,  90,  53, 207, 207, 117,  77, 208,  64,  70, 130;
 215,  44, 135, 181, 170, 100,  45, 130, 189, 250, 146, 213, 221, 102, 219, 255, 167, 197, 125, 191, 173, 197, 191, 226, 148, 122, 255, 132, 140, 117,  33, 117;
 114, 175,  40, 170, 252, 169,  95, 223, 139, 109, 152, 237, 167, 238, 122,  16, 221, 203, 197,  85, 158,  11, 202, 183, 250,  85, 175, 253, 148,  94, 150,  91;
 137, 180, 237,  91, 228, 188, 173, 159, 126, 123,  86, 244, 249, 246, 154, 233,  55,  14,  63, 157, 179, 220, 239, 115,  76,  47, 255, 196, 140, 192, 153, 249;
 164, 243, 145, 187, 216, 205, 148, 205, 222,  55,   1,  93, 132, 192, 104,   9, 201,  27, 138,  18, 119, 102,  90,  51, 173, 144,  23,  63, 216,  88, 133, 155;
 177, 112,  92,  33,  48, 223,  80,  94, 127, 240, 180,  45, 191,  24,  70,  57, 134,   9, 204,  16, 207, 252,  81,  29, 194, 217,  48, 115, 104, 144,  75, 155;
 130,  48,  48, 219, 111, 165, 184,  64, 175,  25, 113, 115, 172, 154, 124, 136, 238,  57, 151, 145, 131,  62, 210, 209,  23,  24,  26, 234, 217,   5,  43, 147;
 189,  85, 104, 239, 118,  27,  79, 248,  81,  96, 125, 170,  91,  77, 155,  52,  62, 200,  21, 238, 233, 178, 108, 191, 242, 205, 161, 188, 127, 187,  82, 225;
  61, 107, 105,  98, 244, 219,  75,  84,  97, 108, 252, 141,  11, 141, 151,  52,  88, 168,   6, 126, 203, 186, 228, 188, 246, 221, 161, 232, 103, 159,  86, 252;
  37,  95, 113,  77, 118,  91,  71, 120, 109, 232, 124, 236,  83,  68, 141,  52,  30, 236,  70, 110, 193, 178, 108, 158,  54, 252,  33, 180, 127, 191,  86, 245;
 185, 201,  74, 174,  84, 147,  78, 240,  53,  64, 244, 207, 115,  67, 179,  81, 126, 232,  23, 238, 237, 146,  76,  61, 242, 233, 160, 128,  63, 183, 122, 152;
   9, 127,  67,  69, 114, 170, 107, 246,  52, 192, 126, 230, 121, 103, 149, 244,  62, 236,  18, 238, 161, 144,  21, 111,  38, 110,  32, 128, 111, 247,  98, 184;
 182, 167,  64, 139, 157, 153, 206, 239,  15,  50, 153, 251, 195, 104, 222, 192,  73, 130, 207, 167, 126,  47,  79, 183, 190,  84, 143, 253, 117,  94, 216, 134;
 197, 124,  22,  87,  35,  14, 100,  48, 249, 186,  99, 124, 198,  83, 129, 255,  34, 116, 108, 106,  97, 245, 153,  14, 164, 178,  97,  22,  74,  49,  75,  37;
  89, 127,  26, 172,  50, 214, 127,  48,  36, 200, 223, 228, 223, 215, 131, 244, 182, 189, 220, 238, 205, 145, 161, 142, 242, 253,  43, 128,  10, 166,  43, 113;
 109, 109,  20, 101, 244,  11, 231, 191, 120, 164, 118,   8, 223,   1, 145, 181, 152, 196,  68, 104, 105, 248,  97,  14, 236, 223, 101,   4,  66, 184,  74,  40;
 117,  96, 170,  32, 144,  14,  83, 201, 122, 225, 135,  13,  87,  56,  91,  26, 177, 205,  93, 181,  30, 227, 153,   2, 217, 205,  13, 117, 233,  32,  10,  66;
 216, 220, 255, 125,  34, 122,  85,  55, 245,  94, 246,  48, 127,  55, 131, 123, 167, 246, 236,  40, 237, 221,  35,  47, 195, 235, 116, 131,  34, 240, 100, 123;
 185, 212, 104, 127, 102,  87, 255, 252,  21,  98,  87, 179, 123, 125, 191,  41, 127, 217, 151, 174, 232, 244, 125, 191, 119, 203, 241, 165, 119, 253,  84, 250;
 173,  94, 106,  62, 244, 191, 214, 251,  85,  78, 125, 247, 123, 105, 187,   1, 223, 234, 151, 111, 237, 182, 124, 191, 102,  79, 161, 129, 255, 255, 216, 211;
 152, 123, 115, 101, 243, 218, 182, 244, 109, 168, 126, 104,  15, 188, 129, 180,  62, 125, 230, 112, 197, 185, 164, 142,  63, 253,  39,   3,  99, 180,  47, 173;
 252, 115, 248, 100, 160,  46,  95, 152,  34, 190, 191, 237,  91,  45, 217,  26,  55, 212, 253, 114, 200, 115, 137,   2, 123, 205, 101, 180, 235, 243,  70,  51;
  87,  95, 202, 174, 146,  18,  46, 248, 180, 194, 211, 231,  93, 234, 187, 193, 118, 229, 223, 231, 253, 193,  12, 236, 176, 103, 239, 140, 173, 247, 169,  85;
 207,  87,  67,   7, 114,  30,  43,  48,  61, 200,  95, 228, 221,  71, 139, 245,  22, 100, 252, 110, 225, 144, 125,  78,  36, 109,  41, 132,  46, 183,  11, 117;
  73,  49, 145,  71,   1,  78, 118,  56, 105,  64, 231,  72, 254, 115,   8, 182, 144,  84,  88, 106,  67, 144, 249,  65, 167, 249,   0,   6,  74,  50,  66,  50;
  80, 208, 152, 190,   8, 109,  21, 141, 183,  23, 129,  57, 247, 119,  74,  90, 193, 147, 237,   3,  74,  68, 218,  51, 213, 183,  80,  59,  16,  90, 135,  90;
  41, 249, 106, 234, 116, 135, 255, 249,  68,  72, 125, 231, 113, 221, 186,  32, 126,  40,  23, 239, 199, 178,  12, 125, 102,  13, 163, 136, 125, 138, 122, 217;
  91, 181, 243, 167, 242, 176, 122,  91,  51, 225, 123, 239,  29, 142, 208, 240,  55, 223, 151, 149, 159, 218, 236, 226, 254, 253, 187, 232,  46, 198, 162, 249;
  60, 119, 105, 101,  21,  95,  87, 252,  87, 238, 244, 175, 211,  60, 215,  52,  93, 220, 213, 102, 233, 178, 125, 158, 231, 223, 165, 183, 115, 188,  86, 247;
 184,  84,  21, 187, 137, 255,   1, 207, 150, 247, 132,  16, 174,  86,  43, 205,  65,  18, 138,  16,  42, 108, 123, 159, 141, 210,  87, 119, 146,  92,   5, 126;
  68,  54, 247,  85, 226, 106, 101,  26, 112, 254, 111, 104,  83,  38, 137,  63,  55,  94, 108,  42, 129, 240, 161,   8,   5, 170, 113,   4, 224, 241,  70, 245;
 101, 249,  24,  69,  81,  30,  99, 176, 105,  40, 103,  76, 158,  18,  12,  49, 144,  68,  72, 106, 197, 176, 241,  73, 199, 249,   0,   6,  72,  35,  75,   6;
 106, 166, 179, 120, 249, 172, 121,  87,  59,  29, 124,  89,  12, 175,  64, 156, 165, 159, 231, 148,  50,  90, 130, 215,  95, 247,  16, 239, 194, 196, 230, 227;
  95, 219, 198, 174,  18,   6, 122, 248, 165, 192, 222, 231, 109, 195, 179,  86, 126, 229,  63, 239, 204, 131,  30, 236, 248,  32, 143, 140,  47, 183,  42,  21;
  23, 235,  66,   3, 210, 155, 170, 208, 111, 164, 122, 231,  73, 200, 215, 148,  62, 233, 134, 254, 148, 176,  12, 252,  62,  12,  37, 228, 239, 151, 107, 133;
 155, 107,  83, 124, 211, 208, 190, 119, 241, 128, 126, 224,  41, 238, 164, 180,  46, 187, 134, 192, 197, 187, 166, 205,  55, 253,   6,  11,  99, 180, 175, 141;
 161,  48, 159, 113,  69, 255, 240,   2, 254, 115,  34,  24, 150, 144,  69,  58, 129,  24,  74,  24,  35, 252, 242,  18,   7, 217,  17, 118,  72,   8,  67, 174;
 164,  65,  30, 122, 205, 173, 244, 192, 236,  16, 161,   9, 147, 217, 109,  27, 232, 144,  74,  82,  74, 165,  18,  32,  71, 217,  64,  89, 193,  91, 194, 130;
 252,  39, 249, 112, 248, 236,  81,  87,  50, 189, 172,  25,  23, 167,  65,  26,   7, 222,  77,  24,  58,  74, 242,   2, 249, 197,  53, 124, 224, 192, 134, 107;
 253, 112, 185, 242,  45, 109,  85, 216, 187, 250, 181,  29, 159, 223,  75,  27, 141, 213, 253,  86, 237, 103, 250, 162, 211, 219, 117,  62, 202, 121,  66,  83;
 176, 180, 149, 245,  13, 109, 144, 107, 154,  55, 161,  27, 134, 184,  76,  11, 137,  23, 203,  33,  58, 111, 218, 151, 137, 146,  89, 127,  81,   9,  87, 130;
 205, 246, 189,  97, 160,  47,  53, 186, 122, 191,  55, 124, 222,  53, 200,  59, 181,  85, 124,  58, 243, 116, 185,  82, 111, 219, 117, 246, 194, 241, 199,  33;
  89, 127, 122, 108, 114, 214, 123, 114,  37, 204, 126, 236, 189, 159, 179, 112,  54, 189, 221, 238, 205, 155, 164, 236, 242, 253,  34, 136,  46, 167,  47, 113;
 205,  32, 207,  37, 160, 110, 110,  16,  57, 202, 115,  93, 223, 103, 147,  27, 150,  68, 125, 110, 185, 212, 241,   8, 198, 251,  97, 128, 200, 241,  75,  81;
  87, 235, 250, 230, 118,  10,  94, 160,  43, 160, 178, 234, 127, 203, 213,  18, 190, 253, 117, 247, 200, 178, 204, 232, 250, 237, 175, 164, 101, 179,  83,   1;
  61,  64, 238, 103,   6,  91, 253, 248,  70, 118,  87, 130,  81, 125,  59,  43,  58, 220,  51, 238, 200, 244,  63, 157,  71, 235, 197,   5, 119, 187, 116, 224;
 189,  79, 111,  77, 214,  19, 239, 248,  84, 226, 126, 194,  81, 101, 185,  37, 127, 204,  22, 238, 233, 180,  45,  62, 102, 175, 229, 132, 119, 251, 240, 225;
 216, 249, 187, 252,  57, 205,  23, 223, 255,  24, 164,  40, 190, 215,  33,  48, 131, 115, 236,  80,  75, 111, 170, 115, 241, 245,  55,  59,  82,  16, 167,  43;
  58, 191,  97, 168, 240, 201,  95, 253,  31, 108,  88, 237, 189, 207,  32,  16, 222, 155, 151, 117, 218,  26,   8, 191, 249, 213, 175, 252,  54, 142, 150, 251;
 107, 210, 122, 110, 112,  88,  90, 125,  41,  77, 247, 173, 191, 157, 190, 112, 222, 149, 255,  69, 207, 187, 161, 199, 210, 253,  48, 195,  78, 134, 206,  91;
  95, 147, 119, 234,  57, 158,  90,  89,  47,  93, 247, 245, 207, 158, 182, 244, 230,  21, 255,  85, 151, 139,  47, 212, 155, 127,  26, 222, 158, 134, 173, 117;
 177, 203, 110,  79,  84, 131, 111, 244,   4,   4, 118, 134, 113,  67, 179,  17, 126, 232,  23, 238, 200, 186,  76,  61, 118, 169, 160, 128, 127, 155, 114, 232;
  20, 107, 201, 163, 172,  43, 111, 200, 230, 166, 139, 194, 195, 226, 217,  74, 123, 108, 106, 222,  24, 242, 207,  32, 172, 132, 231,  60, 164, 251, 209, 128;
  41, 121, 105, 106, 116, 223,  79, 124,  97, 236, 253, 204,  51,  29, 149, 180,  92, 188, 151, 238, 203, 186, 252,  63, 119, 205, 161, 168, 103, 158, 214, 248;
 216, 161,  44, 171,  44,  77,  89,  41, 166, 116, 133, 137, 207,  77,  90,   3, 200, 128, 205, 125, 106,  96, 251,  21, 203, 209,   1, 125, 116, 142,  86,  66;
 118, 238,  64, 185, 157,  59, 206, 238,  31,  55, 152, 187, 195, 104,  30, 129,  89, 195, 207,  39, 124,  47,  77, 191, 184,  86, 223, 127, 181, 125, 216,   6;
 105, 252, 104,  69,  87,  95, 227, 184, 103, 236, 126, 142,  91,  61, 151, 180,  62, 196, 246, 110, 197, 176, 125,  28, 127, 109,  37, 132, 111, 175,  90, 252;
 145,  83, 127,  69,  50, 139, 251,  53, 108,  44, 126, 228, 251,   5, 156, 116,  54,  52, 111, 108, 241, 185,  37,  15, 230, 237,  34, 192, 101, 162, 197, 113;
  37,  93,  97,  69, 118, 219, 239, 112,  85, 224, 122, 238, 113, 108, 149, 180,  62, 236,  22, 111, 197, 176, 125,  63,  54,  12,  33, 132, 125, 187,  82, 245;
 189,  93, 106, 190, 246,  59, 222, 255,  85,  78, 125, 191, 123, 125, 191,  33, 159, 235, 151,  47, 237, 182,  44, 191,  98,  79,  37, 128, 127, 255, 216, 211;
 216, 120,  59, 252,  27, 197,  83, 254, 245, 200, 244,   8,  62, 215,  97, 112, 224, 249, 252,  80, 107,  47, 178, 255, 241, 253,  39,  27, 114,  48,  39,  43;
  54,   7, 114, 234, 108,  49, 222,  88,  73,   4, 185,  15,  75,  72, 191,  16, 222, 129,  23, 231, 136,  35,  44, 192, 178, 217, 138, 189, 119, 255, 122, 133;
 252,  52, 219, 100, 226,  46,  95,  24,  48, 174, 175, 221,  83,  39,  73,  27,  54, 220, 117, 238, 105, 215, 153,  10, 122, 237, 101, 164, 235, 243,  66, 113;
 244, 205,  45, 253,  12,   6,  71, 184, 212, 142, 196,   4, 243, 113,  49,  65, 216, 236, 125, 110, 232, 231, 115,  45, 225, 235, 231,  24,  48, 121, 116,  98;
 153, 217,  23, 254,  52, 142,  71, 252, 245,   8, 114,  64, 119,  83,  41, 245, 212, 112,  28, 106, 235, 161,  26,  61, 225, 250,  36,   0,  58, 147,  97,  41;
  41,  27, 113, 101, 117,  91, 101,  55,  97, 236, 126,  76, 211,  33, 146,  52,  24, 172, 102,  40, 201, 184, 101,  12, 110, 223,  37,   1,  99, 170, 214, 249;
 254, 117, 124, 202, 207,  87, 159, 248, 129,  94, 157,  42, 122,  93, 159,  55,  92, 208, 223, 227, 233, 103, 123, 189, 115, 121, 235, 191,  87,  63, 118, 243;
 111, 254, 195, 211, 241,  62, 110, 254,  51, 203, 254, 220,  75, 227, 216, 189, 127, 206, 150, 254, 251, 218, 205, 254, 190, 127, 149, 228, 174, 245, 250, 181;
 195, 252, 147,  84, 241, 156, 108, 247, 187, 138, 114,  88, 188, 179,  36, 253, 167, 127, 119,  28, 227, 220, 146, 235,  43, 250,  94,   2,  10,  20, 131,  61;
  22, 252,  62, 183, 155, 235, 191, 198, 174, 231, 138, 135, 253, 255,  33,  66, 167, 247, 251, 131,   0, 193, 155, 255, 249, 231, 143,  19, 133,  82, 165, 122;
 205, 125, 121, 229, 180,  14, 127,  51,  61, 234, 247, 104, 255,  55, 129, 241,  86, 252, 124, 106, 233, 220, 249,  15, 231, 255,  39, 132,  74, 240, 194,  97;
  61, 189, 145,  35, 149, 237, 166, 207, 102,   9, 235,  72, 211, 120,  72, 176, 153, 202,  72,  19,  31, 178, 217,  39, 237, 197,   7, 112, 201,  91, 203, 130;
 195, 201, 147, 214, 229, 140, 108,  55, 187, 139,  98,  80, 188, 179,  32, 254, 161, 102, 122,   8, 113, 221, 146, 227, 189, 190,  86,  10, 136,  80, 129,  44;
 160, 221, 125, 223,  82,  34, 111, 250,  21,   2, 124, 178, 113,  39, 177,  97, 127, 218,  23, 238, 224, 158,  45, 127, 118, 171, 242, 128, 117, 241,  96, 185;
 104,  41, 169, 100, 148, 207,  71, 151,   2, 228,  46,   8, 147, 189,  83,  48, 152, 254,  81,  88,  26,  56, 240,  60, 239, 221, 133, 117, 210, 187,  84, 122;
 214, 188, 174, 186, 137, 192, 191, 231, 190, 215, 200, 147, 173, 238, 118,  64, 239, 251, 251, 147, 114, 207, 187, 247, 249, 119, 158,  75,   5,  84, 183, 250;
  31,  16, 182, 202, 185, 183, 121,  88, 207, 237, 213,   5,  92, 158, 191, 108, 246,  57, 223,  29, 151, 129,  49, 244, 219,  95,  26, 210, 150, 135,  33, 119;
  33, 237, 106, 202, 118, 131, 239, 248,  70,  72, 124, 198, 113, 201, 186,  32, 126,  40,  23, 238, 195, 179,  12, 125,  98,  13, 163, 172, 125, 187, 122, 177;
 180,  96, 121, 109,  62,  11, 219, 248,  20, 168, 117, 234,  83,  93, 153,  32,  30, 216,  87, 110, 224,  36, 109,  31, 102, 205, 161, 180, 117, 187,  80, 177;
 164, 146, 156, 121, 136, 173,  81, 155,  54,  29,  97,  85, 119, 113,   8,  89, 145,  10,  96,  16,  34, 100,  27,  23, 205, 199, 117,  68, 248,  96,  66, 130;
   3, 236,  66,  95,  82, 151, 174, 118, 116,  74, 126, 198, 120, 226, 180, 164, 122, 170,  18, 140, 231, 184,  53, 255,  38,  46, 170, 128, 111, 148, 123, 172;
 206, 254, 154, 178, 185, 173,  26, 134, 190,  31,   4,  61, 174, 175, 107,  75, 135,  83, 237,  21,  54,  77, 154, 243, 235, 215,  31, 251, 136,  85, 141,  91;
  37,  17, 221,  71, 180,  14, 235,  17, 108,  97, 111,  84, 210,  33, 156,  52,  28,   6,  98,  76, 145, 176, 121,  67,  70, 188,   0,  80, 200, 139, 202, 144;
  45, 165,  75, 227, 240, 178, 106, 216,  51,  97, 121, 215,  25, 239, 216, 176, 127, 223, 151, 158, 159, 154, 220, 231, 126, 237, 162, 228, 175, 195, 234, 144;
 252, 150, 124, 122, 219, 182,  17, 186, 243,  23, 167,  61,  77,  43,  10,  91, 167, 151, 233, 177, 182, 111,  91, 223,  91, 247,  88,  95, 243,  69, 111,  67;
 116,   0, 133, 207,  13, 111, 203,  40,  30, 167, 207,  18, 211,  97,  60, 110,  89, 196, 122, 171,   8, 103, 251, 179, 153, 254, 195,  20, 177, 123, 116,  32;
 220, 180, 188, 112, 169, 236,  85,  31, 187, 187, 167,  24, 223, 191,  72, 123, 133, 151, 253,  16,  58,  79, 243,   0, 219, 251, 117, 127, 226,  64, 135,  51;
 245,  29, 121, 126, 145,  46,  87, 184, 120, 134, 234,  77, 246, 113,  29,  17, 180, 229,  72, 110, 232, 231, 249,  47, 115, 170,  69,  24,  96, 115,  98,  98;
 242,  29, 255, 116, 170, 108,  85,  39, 249, 135, 170,  61, 110, 190,  71,  91, 167, 247, 109, 145, 188, 107, 178,  98, 219, 183,  84,  27, 192, 112, 230, 123;
 213, 233, 115,  74,  60, 141, 203, 252,  79,   0, 188,  74, 115, 209, 188, 100, 126, 232,  30, 106, 203,  35,  57, 253, 249, 156,   7, 124,  93, 138,  97,  44;
 229, 163, 148,  72,  13,  29,  65, 168, 199,  57, 165,  24, 194,  80,  92,  55, 201, 128, 106, 120,  42, 103, 235,  17, 153, 152, 197, 125, 208,   8,  82,  36;
 189,  29, 126,  62, 246,  51, 222, 255,  85, 198, 124, 191,  95, 124, 179,  41, 191, 251, 151,  39, 253, 242,  44, 190, 122, 207, 101, 128, 247, 253, 240, 217;
 190, 173, 103, 186, 223, 227, 191, 239,  30, 247,  89, 187, 105, 236,  60, 140,  59, 251, 163, 145,  50, 251,  46, 255,  61,  70, 223, 239, 215,  92, 181, 254;
  35, 154,  66,  31, 116, 146, 170, 119, 118,  73, 246, 230,  96, 200, 182, 164,  92,  42,  22, 141, 231, 186,  71, 255,  38,  62, 186, 128,  79, 140, 120, 157;
 188,  77, 108, 255, 198, 163, 127, 243,  20,   2, 125, 131, 113, 111, 161,  89, 127, 250,  23, 238, 232, 182, 109,  63, 102, 171, 230, 128,  53, 251, 224, 241;
 138, 164, 149, 189, 137, 125,  20,  11, 151, 247, 133,  24, 142, 182,  74, 238, 193,  18, 234,   0,  63, 109, 123, 147, 139, 215,  85,  63, 146,  76, 141, 118;
  10, 173, 114,  30, 215, 249, 177, 103, 235,  69, 124,  43,  40, 248, 182, 148, 170, 171, 211, 129, 150, 186,  38, 255,  63, 125,  18, 107,  87,  68, 239, 206;
  34, 174, 138, 121, 241, 253, 248,  71,  59,  29, 108,  25,  12, 175,  68,  24, 237,  59, 227,  16,  18, 218, 162, 213, 223, 255,  18, 107, 192,  64, 239, 242;
  56, 189, 120,  98, 176, 141,  87, 247,  35, 165, 172,   9,  55, 135,  64,  16,  21, 186,  69,  24,  90,  11, 242,  55, 251, 205,  52, 120, 224, 194, 134, 234;
  88, 176, 188, 112, 169, 236,  85, 159, 187, 187, 164,  24, 159, 191,  72, 123, 133, 215, 253,  16,  26,  75, 242,   0, 219, 251,  84, 127, 194,  80, 134,  59;
  51, 205,  99,  74, 223, 211, 142, 229,  69,   1, 232, 194, 104, 204,  52, 228, 120, 178, 130, 234, 223, 171,  60, 255,  57,  76, 142,  75,  83,  14, 244, 172;
  98, 180, 169, 183, 108,  36, 188, 175,  59,  59,  27, 249, 244, 191,  92,  26, 141, 215, 117, 129, 146,  94, 219, 211, 221,  22, 255, 238, 132,  64, 215, 123;
 245,  97,  73,  37,  84,  63, 206,  24, 116, 232, 243,  92, 211,   8, 153,  49,  88, 204,  78, 239, 173, 178, 213,  10, 180, 169, 161,  52, 233, 251,  90,   4;
 220, 201, 111, 239,  13,  69, 199, 232, 196, 142, 151,   2,  81, 221, 121,  35, 120, 244, 123, 234, 104, 103, 107,  56, 243, 203, 231,  29, 115,  59, 116,  98;
  92,  49, 253, 101, 226,  78, 117, 181,  96, 253, 110, 141,  83,  55, 136,  26,  54, 222, 100,  60, 145, 248, 177,  12, 111, 175, 117,   4, 235, 242, 198, 243;
 248,  89, 124, 253, 172,  74,  87, 182,  84, 166, 246,  32, 247,  49,   3,  67,  66, 228, 125,  66, 104, 236, 241,  46, 229, 235, 102,  16,  60, 121,  84, 107;
 214, 180,   5, 184, 155, 229,  22, 235, 159, 242, 136,  27, 204, 246, 105, 207, 145, 115, 249, 179,  55,  71, 154, 246, 185,  86, 143, 127, 152, 117, 165,  86;
 181, 105,  74, 229, 116, 138, 111, 112,  32, 160, 242, 138, 115, 203,  17,  16,  62, 237,  85, 239,  72, 178, 204,  46, 244, 237, 165,  32, 101, 179, 114, 128;
 181,  97, 105, 229,  52,  11, 111, 120,   4, 160, 183, 138,  83,  71, 145,   0,  62, 244,  85, 238, 104, 180,  77,  30, 228, 205, 161, 180, 117, 187,  82, 160;
  99, 245, 123, 166, 116,  12, 251, 116,  40,  73, 251, 173, 191, 159, 154,  48, 222, 157,  95, 229, 202, 139, 224, 239, 241, 253,  42, 152,  68, 139,   3, 217;
 119,  75,  70, 142,  89, 134,  74, 248, 165, 192, 192, 199, 104, 199,  55, 212, 124, 225, 123, 238, 205, 131,  30, 237, 178,  56, 139, 152,  27, 167,  58,  92;
  41,  55,  63, 103, 113, 255, 113,  55,  97, 237, 127, 125, 251,  53, 130,  52, 156, 190, 228,  44, 157, 184, 241,  14, 231, 255,  48, 130,  98, 142, 198, 255;
  85, 107, 218, 163,  52,  10, 107, 136, 102, 164, 131, 128, 215, 227, 217,  66, 114, 236, 108, 254,  72, 241, 205,  40, 236, 141, 167,  84, 164, 187,  97,  32;
  69,  50, 174, 243, 164,  62, 121, 150, 122, 255,  87, 116, 215, 247, 219, 122, 245, 239, 125, 157, 154, 212, 239,  96, 207, 255, 255, 196, 128, 241, 179,  97;
 173, 165,  79, 227, 214, 115, 238, 252,  52, 115, 245, 146, 217, 107,  25, 177, 127, 202,  83, 254,  51, 246,  93, 127, 110, 207, 167,  68, 239, 147, 234, 128;
   6, 175,   2, 158, 242, 131, 190, 226, 190, 140,  90, 231,  44, 234,  39, 192, 239, 107, 163, 215, 198, 155,   6, 255,  56,  54, 143, 203, 141, 117,  41, 221;
 237, 100, 203, 236, 221, 118, 110, 202,  83, 163, 233,  26,  83, 251, 121, 248, 121, 204, 115, 250,  47,  86, 251, 178, 255, 237, 165,  45, 179, 251, 250, 160;
  24, 157,  51, 237,  83, 192,  63, 119,  37,  13, 218, 227,  61, 119,  40,  80, 118, 187, 143, 192,  26, 154,   0, 125, 245, 164,  42, 200,  51, 128, 165, 123;
  35, 241, 107,  68, 116, 223, 235, 116, 119, 236, 254, 140,  82, 220, 150,  52,  60, 236,  87, 111, 193, 179,  60,  94, 119,  29,  37, 128,  79, 190,  82, 245;
 205,  62, 175, 229, 164, 110, 111,  18, 121, 202, 118,  84, 159,  55, 209, 187, 144, 100, 124, 126, 185, 212, 225,  10, 199, 251, 101, 132, 202, 241,  66, 113;
  76, 252, 189, 115, 139,  47,  53, 190, 107, 255,  37,  76, 222,  55,  73,  59, 135,  87, 253,  26, 131, 112, 251, 113, 207, 219, 117,  54, 202, 115, 135,  51;
  33,  15, 104,  37,  52,  11, 207,  55,  68, 164, 250,  76, 179,  40, 146,  32,  88, 238,  70, 109, 236, 184,  69,  12, 228, 249, 164,  16, 125, 186,  90, 140;
  88, 159,  19, 172,  18, 198,  47,  55,  52,  12, 218, 231, 125,  55,  32,  80, 118, 191,  45, 193,  89, 153, 129, 109, 241, 164, 186, 128,  32,  18, 165, 123;
  94, 188, 174, 191,  24, 226, 187, 224, 166, 194, 143, 163, 253, 255,  57,  64, 251, 247, 251, 131,  42, 139, 155, 255, 249, 231, 143, 129, 172,  98,  45, 122;
 165,  20,  61,  77,  76, 111, 199,  57,  86, 122, 181,  88, 210, 113, 153,  41,  89,   0, 114,  42, 185,  38, 123,  31,  69,  10,  97,  60,  89, 251,  82, 160;
  37, 237, 225,  73, 245, 127, 231, 159,  83, 105, 120,  76,  18, 176, 213, 180,  89, 138,  18,  60, 147,  58, 245, 210,  45,  28,   5, 108, 223, 250, 210, 164;
  34, 188, 178,  30, 203, 244, 176,  99, 187,  95, 108,  25,  44, 252,  38, 159, 169,  59, 211,   1,  54, 111, 178, 243,  19,  54,  90, 107, 195,  68, 175, 223;
  61, 174, 152,  33, 176,  47,   7, 223,  66,  41, 232, 108, 215, 113,  75, 144, 221,  78,  76,  29, 154, 186, 201,  34, 232, 215,  53, 116, 200,  91, 202,   1;
 252, 176,  45, 161,  13, 109,  67, 120, 165, 244, 133,  13, 211,  85,  88,  19,   8, 148, 221, 107,  42, 103, 217,  29, 219, 209, 129, 117,  50, 171,  86, 114;
  35, 117,  97,  77, 116,  31, 239, 125,  87, 104, 124, 206,  17,  28, 180,  52, 126, 136,  22, 238, 217, 186, 109, 223,  54,  28, 161, 164, 127, 158, 242, 253;
  69, 125, 127, 229, 160, 158, 126,  53, 233, 232, 122,  72, 223, 251, 129, 114, 134, 117, 124, 106, 201, 176, 184,  76, 231, 255,  39, 132,  72, 242, 195,  41;
 118, 143, 196, 188, 157,  43,  70, 170, 143,  54, 136, 139, 231, 106,   1, 211, 233, 199, 239, 103,  60,  75, 207, 189, 184, 242, 207,  63, 180, 125, 152,   4;
  43, 169,  90,  91, 211, 151, 170, 231,  23,  33, 124,   2,  41, 147, 164, 180, 127, 187, 146, 216,  19, 186,  52, 255,  63, 141, 151,  97, 251, 128, 234, 172;
  80, 248,  27, 252,  27, 196,  19, 198, 175,   4, 160,   0, 174, 215,  33,  80, 132, 113, 233,  64,  66,  15, 178, 127, 243, 245,  23,  59,  16,  16,  39, 107;
 217, 220, 126, 101,  34,  14, 253,  52,  44,  74, 118, 229, 255,  31, 130,  67,  54, 117, 125, 110, 225, 181,  49,  77, 246, 235,  98, 128, 111, 176,  73, 123;
 236, 246, 159,  50, 200, 102,  23, 248, 178, 190, 163, 125,  86, 215,  72,  27, 129, 213, 105, 115, 105,  71, 202,  34, 249, 131, 109, 124, 192, 113, 182,  19;
 105, 121,  24, 101,  17,  14,  99,  48, 104, 160, 110,  76, 146,  19,   5,  48, 144,  44,  64, 108, 197, 184, 241,  12, 231, 185,   0,  64,  72,  34,  66,   8;
  17,  47, 122, 108, 118, 134, 127, 112,  97, 128, 126, 233,  57, 223, 177, 112,  54, 253,  21, 238, 196, 154, 164, 237, 118, 237, 161, 136,  45, 163,  98, 137;
 169, 159, 111, 103, 245,  95, 103,  55,  97, 236, 126, 124, 251,  61, 146,  52, 140,  46, 230,   8, 213, 184, 113, 174, 231, 253,  32, 129,  99, 142, 214, 255;
 214, 205,  98, 170,  52, 137,  78, 224, 223,  32, 153,  10, 239, 200,  57,  64, 122, 171,  31, 227, 234,  39,   8, 191, 176, 212, 139, 184,  52,  27,  17,   8;
  39, 234, 204,  83, 252, 155, 252, 254, 127, 191, 246, 246, 104, 232, 222,  53, 127, 202, 102, 220, 190, 250, 111, 247,  62,  30, 215, 231, 239, 252, 234, 141;
 221,  80, 118, 229,  39,  30,  95,  56, 125, 226, 214,   2, 223,  95,  25, 123, 246, 245, 253, 235, 232, 213,  33, 142, 243, 251,  99, 144,  38, 183,  48,  35;
 193, 252, 147, 222, 245, 132,  36, 103, 250,  11,  98,  80, 188, 242,  36, 245, 161,  43, 122,   8, 115, 207, 146, 111,  61, 190,  22,  10,   8,  80, 235, 172;
 109,  48, 156, 178, 233, 125,  81,  26, 131, 255, 165,  28, 222, 119,  75,  31, 133, 132, 238,  62,  43, 103, 251, 144, 223, 211,  81, 127, 218, 237,  14, 115;
 250, 207,  72, 238,  25, 144,  94, 253,  23,  12, 252, 231,  43, 207,  58, 208,  92, 155, 133, 228, 238,  14,  78, 191, 250, 237, 174, 249,  51, 150, 170,  11;
  32, 169, 154, 251, 241, 237, 240,  71, 190,  29, 108,  17, 172, 191, 102,  24, 201,  59,  67,  20,  22, 154,  82,  85, 207, 221,  26,  99, 192,   0, 239, 202;
 219,  90, 246, 229,  34,  58, 125, 118, 125, 202, 214, 226, 127,  62, 145, 247,  38, 245, 253, 227, 233, 221,  37, 206, 148, 235, 122, 128,  47, 180,  35,  57;
 169, 105,  49, 101,  21,  15,  99,  48, 105, 168,  98,  76, 146,   1,  17,  49, 128,  36,  64, 110, 192, 176,  81,  12, 229, 249,   0,  16,  66, 139,  66,  40;
 120,  74, 190, 255,  36, 206,  87, 178, 228, 142, 238,   0, 247, 243,  35,  82,  64, 244, 109,  66,  72, 188, 209,  42, 229, 247, 100,  17,  34, 250,  68,  42;
 219, 213, 103, 254,  23, 134, 239, 117,  20,  64, 199, 151, 121,  79,  56, 193, 126, 183, 187, 237, 249, 159,  21, 223, 251, 235, 154,  64,  63, 142, 240, 120;
  85, 182, 187, 241, 180, 174, 123, 158, 126, 237, 154, 116, 215, 123, 217, 120, 151,  95, 125,  61, 155, 217, 169,  46, 203, 191, 191, 196, 136, 195, 227, 115;
  37,  70,  21,  65,  44,  47, 199, 152,  78, 186,  57, 104, 194,  96, 221, 173, 153,  68, 110, 111, 137, 116, 109,  28,   4,  26,  97, 180,  92, 251,  80,  37;
 189, 236,  79, 121, 156, 107, 239, 239, 244, 178, 190,  18,  83, 115,  27,  59, 105, 206,  90, 250,  62, 229, 123,  62, 255, 203, 231,  85, 225, 249, 246, 194;
  90, 124,  18, 252,  27, 193,  51,  70, 175, 132, 238, 161,  44, 215,  35,  80, 226, 189, 235, 128,   2, 139, 146, 127, 209, 244,  10,  27,  50,   0,  39, 106;
 123,  55, 248, 229,  52,  31,  95,  63,  57, 232, 191,  44, 251,  63, 214,  50, 158, 255,  93,  44, 216, 250, 225, 206, 235, 221, 165, 176,  70, 230, 210, 121;
 124, 120,  61, 224,  60,  15,  83, 216,   1, 172, 180,  12,  83,  85,   1,  48,  92, 244,  93, 106, 201, 163, 121,  12, 243, 217, 161,  52,  98, 187,  86, 113;
  61, 157, 254, 255, 246,  55, 222, 255,  85, 234, 124, 131, 123, 125, 187,  33, 127, 255, 151, 165, 252, 250,  45, 158, 127, 239, 117, 132, 247, 254, 240, 217;
  77, 254, 255,  99, 164, 126, 119, 147, 121, 255,  55, 124, 159,  55, 210,  59, 167, 116, 124,  26, 145, 252, 177,  32, 207, 219, 117, 198, 202, 241, 199, 115;
  48,  69, 107, 110,  86, 130, 107, 116,  96,   0, 124, 130, 115,  75,  48, 112, 122, 168,  23, 236, 200, 154,  36, 125, 119, 173, 162,   0, 117, 130,  98, 168;
 177,  75, 126, 101,  52, 142, 231,  53, 108, 172, 118,  76, 243,   8, 179,  97, 178, 100,  78, 111, 196, 185,  21,  44, 228, 185,  36,  16,  76, 186,  89,   9;
  59, 183, 123, 101, 240, 127, 123,  55,  57,  77, 127, 125, 251,  61, 150,  48, 158, 158, 213,  44, 185, 184, 241,  47, 231, 253,  32, 194,  98, 198, 198, 241;
  26, 155,   3, 237,  82, 198, 111, 119,  53,   8, 218, 231,  61, 247, 160, 212, 116, 187, 159, 224,  91, 154,   0, 253, 245, 164, 170, 128,  50, 128,  36,  57;
 161, 179,  91,  93, 106,  79, 229, 121, 123, 232, 117,  74,  84, 209, 132,  49, 126,  60,  82, 110, 225, 254, 232,  93,  87,  24,  99,  44,  65, 168,  67, 225;
  53, 237,  13, 191, 156,  71,  71, 168,  86, 210, 201,   0, 247, 124,  25,  33, 217, 202,  89, 239, 111, 226,  91,  63, 233, 142, 133,  28,  56, 123, 240,  98;
  60,  77, 206, 255, 230,  34, 127, 253,  21, 130, 125, 130,  81, 111, 185,  89, 127, 250,  23, 234, 104, 208,  72,  40, 102, 235, 231, 128, 181, 243, 224, 128;
  44, 160, 193, 107, 201, 121, 101, 153,  18, 183, 109,   8, 219, 225,  73, 154,  25,  94, 226,  26,  19, 114, 219,  16,  77, 199, 117, 109, 243, 234, 206, 160;
 246, 120, 157,  86, 168,  74,   5, 172, 169, 154, 160, 109,  86, 119,  77,  31, 133, 244, 109, 114, 105,  67, 219, 104, 184, 146,  85,  30, 200, 113,  34,  57;
  34, 157,  63, 243, 180, 239, 151, 247, 156,  73,  90, 242, 245, 117,  32,  33,  31,  59,  23,  25, 179, 184,  80,  63, 237, 142, 190, 208, 221,   8, 149, 185;
  40, 169, 150, 237, 153, 169, 166,  71, 142, 129, 104,   0, 172, 247,  96, 198, 200,  59, 163,  16,  18, 137, 130, 145,  41, 244,  15, 107, 211,  78, 135, 170;
 165, 224, 239,  93, 108,  15, 229, 217,  94, 234, 116,  78, 240, 200, 255,  45,  88, 104, 114, 111, 225, 246, 127, 218, 100,  26, 103, 172,  93, 184,  83, 245;
 237, 212, 119,  78, 109,  31, 231, 248, 125, 234, 247,  72,  90, 121, 157, 183, 222, 212, 118, 106, 225, 247, 251, 255,  55, 122,  69,  30,  67, 191, 210, 229;
 167, 105,  99,  94, 117, 223, 239, 113, 125, 196, 125,  10,  58, 220, 182,  52,  90, 232,  22,  79, 205, 186, 246, 255,  53,  28, 129, 136,  71, 190, 118, 244;
 221,  34,  29,  37,  44,  14, 107,  56, 124, 184, 163,  68, 215,   3, 211,  91,  48,  68, 108, 126, 105, 245, 201,  12, 204, 235,  99,  20,  40, 161,  65,   0;
  93, 245,  59, 170, 180, 174, 255, 252,  40,  72, 254,  73, 223,  95,  58, 112, 246, 223,  95, 239, 235, 163,  57, 223, 241, 253,  42, 212,  68, 147, 163, 241;
 237, 181, 248, 113, 244,  61, 253, 191, 123, 127, 189,  60, 159,  61, 222,  57, 143,  91, 213,  24, 183, 126, 249, 151, 111, 221,  53, 246, 198, 204, 198, 247;
 232, 108, 217, 220, 205, 107,  85, 207,  83, 186, 236,  26,  18, 241,  65, 121,  89, 222, 106,   8, 106, 103, 227,  26, 119, 175, 245,  61, 147, 120, 222, 170;
 215,  48, 147, 145, 179, 240, 184,  71, 191, 219, 195, 247, 140, 190, 194, 206, 167,  61, 253, 149,  55, 221, 135, 194, 156, 118, 223, 202, 174,   4, 169,  87;
 120, 177, 184, 112, 233, 205,  81, 223, 171,  57, 164,  24, 159, 191,  72,  58, 133, 215, 125,  16,  26, 107, 242,  49, 219, 223,  85, 127, 194,  16, 198,  43;
 228, 100, 132, 147, 204,  45, 204, 154,  26, 179, 137,  93, 210,  97,  89,  15,  25,  70, 123,  31, 186, 102, 219,  48, 205,  26, 213, 124, 200, 121,  82, 160;
 127,  94, 240, 236, 125,  87, 223, 254,  83, 234, 180, 170, 223,  61, 151,  37, 223, 213, 255, 227, 237,  38, 233, 158, 243, 255, 239, 191,  87, 253,  86, 247;
  76, 185, 191, 118, 171, 237,  55, 213, 171, 249,  63,  44, 222, 255,  73,  50, 183, 119, 253,  82,  17,  81, 186, 112, 235, 223, 101, 182, 202, 115, 135, 115;
  71, 143, 132, 149, 156, 175, 237, 163, 174, 180, 138,  13, 166, 160,  19,  71, 137, 231, 106,  13,  52,  73, 198, 252, 172,  18,  95, 112, 144, 108,  17,  76;
 188, 205, 106, 186, 148, 171,  78, 252,  21,   2, 217,  10, 127, 235,  57,  81, 123, 235,  23, 227, 232, 183,   8, 191, 178, 195, 175, 168,  53, 251, 240,   0;
 195, 128, 150, 218, 223, 128,  32, 235, 255,  19, 225,  16, 140, 242, 108, 253, 227,  27,  42,  24,  54, 111, 138, 215, 153, 186,  82, 110, 144,   0, 169,   4;
  76, 164, 156, 179, 168,  44, 125, 159, 170,  63,  12,  29, 159,  99,  74,  27, 129,  67, 125,  30, 114,  76, 219,  33, 205, 195, 127, 252, 160,  80, 131,  66;
 249,  80, 254, 244,  13,  30,  93,  57, 253, 226, 166,  18,  95,  95,  25, 123, 244, 181, 125, 234, 232, 231,  49, 142, 211, 251,  67,  16,  35, 176,  96,  66;
  17,  77, 107, 109,  86, 202, 235, 112, 100, 192, 122, 194, 113,  13, 177,  32, 122, 228,  19, 238, 193, 184,  53,  44, 101, 172, 162, 128, 101, 170, 112, 168;
 103, 114, 221,  68, 104,  93,  91, 152, 139, 254, 181, 236, 202,  69, 207, 190, 141, 212, 236, 126, 137, 103, 251, 208,  22, 216,  69,  62, 202, 255,  70, 117;
 103, 120, 213,  70, 104,  77,  69, 204, 235, 186, 176, 108,  86, 240, 205, 158, 141, 213, 108,  82,  65, 103, 251, 112,  24,  18,  85,  62, 200,  51,  66,  61;
 219,  92, 246, 255,  35,  54, 125,  22, 189, 194,  87, 134, 237, 127, 147, 255,  38, 247, 253, 203, 161, 213, 183, 234, 214, 251, 218, 130,  47, 247,  41,  60;
  88,  76, 187, 252,  21, 236,  81,  51, 173, 132, 238,   8, 191, 183,  32,  82, 224, 190, 105,   0,   8, 169, 178, 171, 227, 245,   0,  25,  34,  40,   5, 106;
   0, 157,  63, 249, 188, 143, 132, 255, 132,   9, 202,  64, 247, 125,  32,   1, 204,  50,  91,  97, 115, 169,  81,  61, 233, 135,  62,  64,  88,   8, 181, 186;
  76, 185, 247, 115, 167, 254, 119, 148, 235, 249,  63, 108, 222, 255, 204, 190, 167, 119, 253,  82, 147, 241, 184, 224, 239, 223, 103, 230, 206, 247, 143, 115;
  82, 104,  51, 254,  91, 209,  19,  70, 173,   4, 236,   8,  46, 215,  33, 212, 226, 187, 235, 192,   2,  11, 178, 125, 147, 244,  18,  43, 114,   3,  39, 106;
 136, 137,  30, 186, 153, 205,  49,  39, 174,  29,  32,  17, 190, 159,  34,  16, 129,  59,  75,  16,  50,  13,  18,  53, 201, 211,  30,  75, 144,   0, 167, 202;
 101,  76, 127,  97,  20, 107, 103,  18, 116, 226, 111,   8, 211,  17, 145,  57,  17,  76,  68,  58,  41, 180, 101,  14, 229, 175,  33,  68, 224, 249,  86,  32;
 231,  71, 108,  84, 232,  58, 109, 191, 233, 250, 182, 253,  80,  44, 151,  59,  39, 198, 124, 174, 181,  67, 239,  76, 126,  58, 101, 148, 205, 244, 202,  85;
 104, 251,  56, 110, 124, 157,  94, 252, 235,  44, 252,  12, 251, 219,   5,  16, 220, 249, 199,  98, 200,  43, 106, 189, 243, 221,  37, 187,  82, 186,  70, 139;
  41, 132, 236, 237, 126,  23, 250,  59,  86, 233, 255,   3, 121, 125, 154,  96, 127, 245, 255, 173, 156, 184, 109, 143, 111, 111, 165, 196, 247, 170, 240, 211;
 217,  90,  94, 101,  34, 158, 182, 115, 116, 136, 242,  98, 127,  26, 164, 241,  38, 181, 110, 226, 229, 189,   5,  78, 242, 235,  98, 128, 105, 160, 105,  13;
 130,  88,  79, 237, 114, 198, 109, 117, 165,  64,  71, 197,  53,   7,  32,  85, 102,  60,  31, 238,  97, 148,  16,  77, 245, 162, 170, 128,  60, 160,  37, 248;
  37,  16, 221, 101, 228, 107, 101,  31,  87, 227, 118, 124, 215,  49, 137,  47,  23,  84, 102,  40, 177, 240, 113,  24,  68, 158, 117,  52, 252, 248, 194, 177;
  41, 157, 127, 105, 176, 158, 123, 183, 109,  77, 126, 108, 159,  63, 146,  48, 134,  95, 213, 124, 155, 184, 113, 173, 239, 255,  48, 196, 194, 134, 198, 241;
 185, 127,  89, 101,  52,  15,  79,  61,  81, 232, 252,  76, 115,  85, 145,  48,  30, 244,  84, 106, 233, 176,  97,  14, 227, 205,  37, 144, 106, 186,  66,  57;
  69, 252, 187, 225,  52, 142, 123, 154, 118, 233, 114,  96, 151,  23, 209, 112, 151, 221,  29,  28, 139, 220, 233,  62, 237, 175,  55, 196, 128, 130,  99, 105;
 194, 184, 156, 184, 169, 245,  84, 143, 187, 251, 128,  25, 190, 242,  67,  27, 129,  19, 253,  17,  62,  79, 219,  19, 203, 211,  95,  63, 152,  96, 143,  11;
 120, 241, 184, 112, 185, 204,  81, 223, 171, 189, 172,  24,  31, 223,  72,  18, 133, 223, 109,  24,  90,  75, 242,  17, 251, 217,  53, 127, 194,   0, 199,  43;
 252, 160, 148,  58, 221, 248,  80, 202, 251,  21, 161,  25,  14, 218, 106, 219, 225,   1, 232,  16,  62, 111, 138,  17, 155, 243,  82, 127, 208,  13, 111, 198;
  35, 151,  69, 143, 118,  39, 170,  57,  92,  64,  91, 230, 240, 104, 156, 228,  94,  38,  54, 173, 181, 184,  77,  95,  36,  46, 170, 128,  93, 170, 112, 141;
   2, 227,   0, 154,  89, 133, 152, 239, 159,   5, 200, 135, 172, 206,  62,  64, 221, 171, 163, 149,  14,  10,  90, 253, 141,  20, 154, 235,  16,  14,  45, 222;
 221,  32,  28, 101,  40,  62, 113,  16, 108, 190, 167,  80, 223,  19,  67, 123,  36,   4, 108,  12, 168, 213, 177,   0, 195, 235, 113,  20,  32, 161,  65,  97;
 251, 197,  15, 254,  29, 214, 207, 121,  21,  80, 199,  22, 249,  95,  58, 229, 120, 145, 187, 239, 123, 135, 123, 255, 243, 235, 218,  64,  59,  14, 248, 114;
   0, 179,  61, 121, 156, 229, 177, 207,  78,  93, 248,  85, 176, 156, 126,  32, 205,  27,   3,  17, 147, 169, 115,  21, 109, 220,  62, 106, 209,   8, 229, 251;
 164, 173, 120,  89, 210, 195,  17, 239,  22,  21, 100, 178,  17,  71,  42,  17, 123, 154, 131, 176, 122, 126, 108, 119, 127,   3, 149, 109, 117, 128, 230, 226;
 120, 249, 188, 112, 185, 205,  81, 222, 251,  61, 164,  24, 190, 179,  72,  26, 129, 223, 109,  88,  26, 107, 218,  49, 219, 221,  21, 127, 192,   0, 198,  43;
 103, 114, 209,  64, 109, 125,  80, 152, 203, 253, 189,  76,  74,  25, 207, 190, 141, 212, 236, 122, 143, 103, 251, 144,  27, 217,   1, 191, 218, 255,  94,  53;
 129, 114, 191,  77, 108,  79, 225,  89,  94, 234, 119,  86, 208, 209, 189,  44, 122,  44, 126,  47, 225, 245, 109,  90,  68,  30,  39, 132,  92, 184,  81, 181;
  65, 173, 158,  30,  25, 185, 176, 103, 238,  21, 172,  16, 172, 242,  38,  39, 163,  35, 106,   9,  54, 233,   2, 125, 220,  58,  90,  27, 200,  64,  43, 142;
 195, 201, 142, 148, 173, 140, 237, 103, 170, 182, 130,  29, 166, 162, 114,  79, 128,  38, 106,  13, 112,  77, 146, 192, 189,  50,  95, 121,   0,  44, 147, 108;
 231, 149, 119,  94, 237,  63, 238, 251, 253, 234, 254,  88, 106, 248, 189, 183, 255, 214, 126,  42, 229, 231, 251, 235,  55,  58,  69,  30,  79, 255, 202, 165;
  37, 165, 133, 177, 172, 111, 101, 159,  90, 243,   8,  92, 214, 113,  81,  10, 145,  78, 120,  28,  51, 112, 219,  16, 141, 158,  85, 116, 136, 249, 208, 176;
 177, 197, 107,  75,  84, 195, 235, 121,  84,   8, 121,  66, 113,  83, 188, 112, 120, 168,  22, 234, 219, 178, 109,  63, 117, 172, 162, 192, 117, 139, 244, 160;
  74, 169, 146, 186, 153, 209, 146,  71, 158,   5, 169,   9, 172, 219,  96, 132, 217,  59, 138,  17,  18,  43, 130, 247, 185, 212,  26, 123, 210,  14, 143, 138;
 193,  28, 211,  69,  34, 106, 169,  19, 124, 162, 115, 244, 221,  55, 133, 255,  38, 117, 108,  40, 177, 188, 181,  74,   5, 184,  98,   0, 200, 225,  35,  49;
  56, 135, 238, 239, 124,   3, 111, 121,  22, 133, 255,   2, 115, 235,  56,  66, 122, 228,  63, 168,  56, 171,  11,  31, 122, 175, 165, 156, 181, 170, 240, 160;
   1, 129,  28, 233, 188, 143,  73, 191,  22,   1, 202,  64, 247,  81,  56,  96, 220,  18, 122,  24,  27, 168,  83,  31, 233, 142,  58,  80,  88,   8, 129,  40;
 253, 105, 120, 100,  76,  31,  95, 168,  99, 224, 164, 138,  83,  28,  87,  50,  30, 196,  84, 110, 204, 118, 253,   8, 115, 201,  69,  60, 109, 187,  66,  86;
  64, 139, 156, 245, 164,  14, 100,  55, 126, 185, 242, 112, 247, 179,  65,  88, 209, 100, 108,   8,  88, 248, 195,  16, 205, 163, 119,  20, 200, 104, 193,  11;
 192, 200, 185, 253,  36,  14, 105,  23, 118, 169, 118,  16, 151, 131,  80,  88, 208, 236,  45,  88,  90, 252, 195,   0, 205, 169, 118,   0,  32, 160, 197,  40;
 184, 199,  67, 111,  84,   6, 103, 120, 100,   0, 235,  70, 115,  65, 184, 224, 120, 136,   2, 234, 233, 178,  89,  31, 101, 237, 160,   4, 123, 187, 240, 160;
  41,  44,  89,  97, 116, 175, 107,  18, 118, 169, 118,  64, 179,  19, 145, 112,  23, 188,  22,  28,  35, 188,  97,  63,  77, 143,  49,  64,  96, 129,  66, 168;
  57, 133, 121, 109,  52,  15,  79,  57, 117, 168, 127,  72, 115,  97, 152,  53,  30, 204,  20, 110, 249, 176, 101,  31, 230, 237,  33, 132,  99, 234, 194, 168;
 191, 213,  36, 234, 141, 247,  71, 248, 213,  90, 213,  22, 219,  95,  58, 229, 217, 128, 255, 235, 123, 167, 123, 191, 243, 251, 195,  86,  59,  15, 248, 114;
  51,  15,  76, 191,  81, 167,  94, 115,  21,   6, 120,  71,  99,  43,  51,  81, 221, 235,  23, 167, 236, 154,  88, 191, 182, 239, 216, 131,  61, 126, 122, 138;
 119, 243, 209,  70, 234,  13,  71, 189, 107, 232, 185, 236,  78,  86, 204, 182, 150, 197, 236, 103, 205,  99, 239,  64,  60,  56,  37, 190,  73,  54, 194, 117;
  40,  14, 238, 221, 216,  54, 255,  51,  20,  15, 126, 131, 105, 111, 179,  66,  77, 118, 171, 140, 144, 184,  99, 107, 103,  47, 242, 129, 247, 232, 100, 235;
 162, 166,  12, 187,  25, 133, 154, 239, 159,  29, 137, 149, 172, 206, 106,  64, 205,  27, 203, 149, 126,  15,  90, 247, 169,  81, 155, 255,  16,   4, 175, 210;
 240, 240, 184, 112, 185, 205,  81, 222, 171,  61, 164,  24,  31, 215,  72,  18, 133, 159, 109,  88,  90,  79, 250,  17, 251, 217,  53, 126, 192,   0, 198,  59;
 233, 218, 229,  85, 233,  28, 124, 183, 250, 250, 118, 252,  89, 174, 215, 255,  39,  78, 244,  14, 229,  94, 167,  64,  78, 123, 117, 140, 203, 244, 203, 221;
  82, 104,  59,  94,  91, 193,  19,  76, 174,   5, 232,  41,  36, 215,  45,  80, 226, 187, 203, 192,   2,  11, 170, 125,  83, 164,  26,  59,  17,  19,  39, 106;
 192,   8,  95, 167,  66,  98, 105,  48, 164,  66,  67, 193, 117,  39,  33,  89, 102,  53,  59, 140,  33, 148,  49,  76, 197, 171, 250, 128,  36, 227,  39, 248;
  95,  84, 246, 255, 135, 116, 126, 156, 165,  71, 239, 134, 237, 239,  63, 255, 126, 215, 253, 238,  13, 195, 191, 225, 179, 251, 222,   3, 175, 247, 169,  84;
   7, 162, 131, 178, 243, 225,  56,  67,  63,  73,  89, 245, 141, 206, 120, 156, 191, 155, 151, 149, 151,  18, 142, 211, 156,  84, 155, 238, 140, 199, 167, 213;
  89, 181, 185, 100, 179, 127,  23, 191,  35, 237,  63, 108,  95,  55, 138, 180, 151,  95, 212,  48, 221, 152, 185,  31, 235, 223,  37, 246, 234, 198, 142, 115;
  88, 156,  30, 190,  25, 229,  16, 103, 175,  15, 138,  17, 174, 155,  34,  64, 225,  51, 233, 129,  30,  13,  18, 255, 211, 247,  26,  91,  16,   0, 173,  10;
  52,  67, 123, 237,  52,  78,  75, 120,   4, 172, 247,   2,  87,  87,  57,  80, 248, 156,  31, 234, 200, 179,  97,  12, 243, 237, 161, 148,  32, 171, 116,  35;
  88,  13,  26, 252,  27, 236,  85, 103, 169, 132, 238,   1,  46, 179,  34,  82, 160, 183, 233,   0,  16, 139, 146, 239, 243, 245,  18,  27,   2,  80, 175,  42;
 220, 223,  88, 102, 178,  26,  86, 184, 105,  40, 191, 232,  95, 113, 137, 210,  54, 213, 236,  98, 120,  33, 137,  42, 242, 237,  37, 215, 106, 243, 203,   3;
 153, 181,  89, 101,  18,  14, 107,  57, 116, 224, 111, 196, 211,   1, 152, 244,  54, 156,   4, 234, 233, 176, 117,  15, 228, 175,  33,   4, 111, 162,  66,  48;
  64, 135, 156,  30, 152, 169, 176,  47, 238,  21, 141,  17, 166, 226,  14,  79, 161,   3, 106,  17,  54, 107,   7,  85, 220,  50,  82,  91, 208,  64, 171,  14;
 220, 162, 180,  56, 137, 249,  16, 202, 255,  55, 161,  57, 142, 130,  98, 223, 193,   9, 232,  17,  62, 111, 202, 147, 153, 210,  83, 127, 208,   5,  39,  70;
  65, 233, 158, 150, 140, 136,  52, 231, 238,  23, 198,   9, 166, 162,  98,  66, 163, 111, 106,  13,  68, 203, 130,  97, 244,  50,  94,  43,   0,  16, 171, 142;
 231, 188, 119,  93, 109,  63, 228, 107, 251, 234, 248,  90, 202, 248, 157, 183, 255, 223, 118,  40, 245, 119, 247, 222,  23,  62,  67,  46, 219, 108, 107, 133;
   7,  19,  69, 137,  52, 175, 170,  25,  94,  65,  83, 246, 208,  72, 180, 228,  94,  44,  62,  61, 183, 176,  85, 223,   4,  62, 170, 192, 221, 143,  89, 133]