[    377,     165;
     428,     149;
     106,      53;
     902,      45;
     872,      61;
     852,      79;
     663,     157;
     868,      55;
     665,     157;
    1022,     157;
     841,      55;
     250,      83;
     824,      45;
     384,     151;
     364,     151;
     375,     158;
     392,     220;
     450,     185;
     408,     216;
     455,     215;
     386,     158;
     844,      59;
     109,      63;
     846,      73;
     860,      69;
     903,      69;
     658,     156;
     867,      33;
     864,      74;
     180,      73;
     404,     204;
     164,      85;
     557,     218;
     850,      43;
     880,      54;
    1106,     317;
     916,      66;
     904,      75;
     401,     132;
     843,      39;
     542,     189;
    1026,      40;
     872,      38;
     498,     184;
     167,      71;
     909,      40;
     507,     189;
     822,     127;
     369,     141;
     842,      76;
     420,     225;
     914,      36;
     819,      50;
     156,     114;
     441,     148;
     450,     183;
     451,     144;
     430,     154;
     657,     124;
     870,      41;
     185,      64;
     825,     110;
     612,     166;
     230,      90;
     510,     185;
     837,      64;
     388,     135;
     665,     152;
     907,      77;
     419,     152;
     838,      82;
     390,     169;
     912,      66;
     510,     183;
     150,     120;
     283,     236;
     334,     108;
     912,      41;
     560,     196;
    1020,     148;
     839,      64;
     850,      35;
     223,      92;
     839,      79;
     845,      64;
    1022,     159;
     812,      86;
     390,     131;
     393,     160;
     429,     147;
     441,     165;
     408,     135;
     539,     186;
     847,      64;
     912,      34;
     374,     232;
     548,     187;
     664,     125;
     826,      88;
     825,      54;
     891,      50;
     462,     216;
     932,      63;
     466,     187;
     844,      43;
     828,      42;
     849,      61;
     828,     150;
     609,     169;
   841.2,    76.8;
     420,   165.6;
     390,   130.8;
   841.2,    55.2;
   478.8,   196.8;
   854.4,      72;
   171.6,    64.8;
   404.4,     204;
   392.4,   159.6;
   547.2,     186;
   837.6,    63.6;
     408,     216;
    1020,   147.6;
     390,     168;
   844.8,    73.2;
   944.4,   151.2;
     864,    73.2;
     180,      72;
     450,   184.8;
   441.6,   165.6;
  1022.4,   157.2;
  1059.6,   147.6;
     156,   112.8;
     264,     222;
   104.4,    58.8;
   859.2,    68.4;
   825.6,   109.2;
   376.8,   164.4;
   826.8,    87.6;
     870,    40.8;
     282,   236.4;
  1106.4,   316.8;
     402,   206.4;
   843.6,      42;
     852,      78;
     906,    76.8;
   346.8,   152.4;
   409.2,   135.6;
   457.2,     216;
   166.8,    70.8;
   871.2,    61.2;
    1026,    38.4;
   903.6,    69.6;
     384,     150;
   363.6,     150;
   388.8,   133.2;
   812.4,    86.4;
   375.6,   158.4;
   400.8,   130.8;
   812.4,     102;
   385.2,   158.4;
   109.2,    64.8;
   250.8,    82.8;
   657.6,   154.8;
     540,   188.4;
   835.2,    81.6;
   878.4,    39.6;
   664.8,     126;
   507.6,   189.6;
     822,   127.2;
   223.2,    92.4;
   193.2,    70.8;
   427.2,     186;
   136.8,   129.6;
   247.2,      84;
   172.8,    62.4;
   184.8,    64.8;
   658.8,   123.6;
   428.4,   147.6;
   508.8,   183.6;
     498,   183.6;
   458.4,   183.6;
   142.8,    93.6;
   843.6,    38.4;
   230.4,    88.8;
   373.2,   231.6;
   664.8,   152.4;
   148.8,     120;
   421.2,   225.6;
  1022.4,   159.6;
   663.6,     156;
   105.6,    52.8;
   819.6,    50.4;
   164.4,    85.2;
     846,    63.6;
   903.6,    74.4;
   369.6,   140.4;
   823.2,    45.6;
      96,     180;
   340.8,   104.4;
   172.8,   61.92;
   165.6,   69.12;
  419.04,  164.16;
  362.88,  149.76;
  658.08,  152.64;
  372.96,  231.84;
  855.36,      72;
  155.52,  112.32;
  852.48,   77.76;
  840.96,   77.76;
  390.24,  167.04;
  142.56,    93.6;
  103.68,   59.04;
 1019.52,  148.32;
  663.84,  155.52;
  442.08,   165.6;
  347.04,  152.64;
  421.92,  224.64;
  1108.8,  318.24;
   136.8,   129.6;
   871.2,   61.92;
  384.48,  159.84;
  1022.4,   158.4;
  368.64,  139.68;
  377.28,   165.6;
  658.08,  123.84;
  375.84,   158.4;
   388.8,  133.92;
  944.64,   151.2;
  479.52,  195.84;
  826.56,     108;
  391.68,  159.84;
  334.08,  106.56;
   626.4,  174.24;
  508.32,  182.88;
   813.6,   100.8;
   835.2,   82.08;
   194.4,      72;
  859.68,   67.68;
  103.68,    50.4;
 1105.92,   316.8;
   403.2,  203.04;
  663.84,  125.28;
  164.16,    86.4;
  427.68,  146.88;
  407.52,     216;
  200.16,  145.44;
  250.56,   80.64;
  427.68,  185.76;
  383.04,   151.2;
  341.28,  105.12;
  394.56,  220.32;
  1072.8,  146.88;
     180,      72;
  449.28,  184.32;
  391.68,  220.32;
  905.76,   74.88;
  826.56,   87.84;
  263.52,  221.76;
  149.76,  119.52;
 1059.84,  148.32;
  925.92,   47.52;
   95.04,     180;
  109.44,    64.8;
     540,   187.2;
  838.08,   63.36;
  812.16,   87.84;
  282.24,  236.16;
  184.32,    64.8;
  527.04,  188.64;
  826.56,  154.08;
   820.8,  128.16;
  139.68,  138.24;
  823.68,   44.64;
  865.44,   53.28;
 376.704, 157.248;
 825.984, 153.792;
  155.52,  112.32;
  250.56,  81.216;
 447.552, 165.888;
 342.144, 105.408;
 480.384, 196.992;
 663.552, 124.416;
 390.528, 167.616;
 663.552,  155.52;
 361.152, 150.336;
 409.536, 217.728;
 442.368, 165.888;
 378.432, 165.888;
 421.632,  224.64;
   388.8, 133.056;
  164.16,  88.128;
  855.36,  72.576;
 200.448, 145.152;
 390.528, 158.976;
 193.536,  72.576;
  501.12, 141.696;
   172.8,  62.208;
 148.608, 119.232;
 402.624, 203.904;
 1105.92, 317.952;
 262.656, 222.912;
 858.816,  67.392;
 381.888, 152.064;
 869.184,  62.208;
 141.696,  93.312;
 428.544, 186.624;
  371.52, 231.552;
 658.368, 126.144;
 1059.26, 148.608;
 419.904, 162.432;
 383.616, 160.704;
 834.624,  81.216;
 825.984,  89.856;
 100.224,   60.48;
 508.032,  181.44;
 368.064, 139.968;
 943.488, 152.064;
 347.328, 153.792;
 502.848, 145.152;
 1022.98, 158.976;
 136.512,   129.6;
  138.24, 136.512;
 333.504, 107.136;
  812.16, 100.224;
  501.12, 196.992;
 1073.09, 148.608;
 1017.79, 134.784;
 179.712,  72.576;
 839.808,  57.024;
 825.984, 108.864;
 162.432,   77.76;
 400.896, 131.328;
 255.744, 150.336;
 447.552, 184.896;
 1017.79, 124.416;
 1109.38,  319.68;
 421.632,  155.52;
 369.101, 138.931;
 663.552, 128.563;
 854.323, 70.5024;
 360.806, 149.299;
 348.365, 153.446;
 420.941, 223.949;
 827.367, 87.0912;
 136.858, 128.563;
 418.867, 161.741;
 383.616, 159.667;
  155.52, 109.901;
 657.331, 124.416;
 445.824, 165.888;
 441.677, 165.888;
 192.845,  72.576;
 379.469, 163.814;
 248.832, 78.7968;
 263.347, 221.875;
 941.415, 151.373;
 445.824,  184.55;
  333.85, 105.754;
  391.91, 165.888;
 1022.28, 157.594;
 1072.05, 147.226;
 862.618, 64.2816;
 354.586, 111.974;
 1018.14, 147.226;
 381.542, 151.373;
 400.205, 201.139;
  437.53, 203.213;
 371.174, 232.243;
 143.078, 91.2384;
 1016.06,  132.71;
 1057.54, 147.226;
 1016.06, 124.416;
  288.23, 213.581;
 400.205, 130.637;
 364.954, 114.048;
 657.331, 149.299;
 825.293, 153.446;
 201.139, 145.152;
 501.811, 141.005;
 134.784, 122.342;
 147.226, 118.195;
 163.814, 89.1648;
 931.047, 138.931;
 408.499, 215.654;
 491.443, 157.594;
  391.91, 159.667;
 825.293, 105.754;
 180.403, 70.5024;
 427.162,  184.55;
 659.405, 124.416;
 136.858, 126.904;
  400.62, 201.554;
 365.783, 114.463;
 154.276, 106.998;
 442.921, 166.717;
 368.271, 136.858;
 146.811, 116.951;
  370.76, 233.902;
 828.611, 87.0912;
 248.832, 77.1379;
 378.225, 164.229;
 360.806, 149.299;
 423.014, 223.949;
 828.611, 151.788;
 1017.72, 146.811;
 445.409, 184.136;
 286.157, 211.507;
 390.666, 159.253;
 1072.47, 146.811;
 1060.02, 146.811;
 380.713, 151.788;
 398.131, 136.858;
 335.923, 104.509;
 348.365, 154.276;
   340.9, 106.998;
 1017.72, 131.881;
 263.762, 221.461;
 930.632, 136.858;
 452.874, 171.694;
 940.585, 149.299;
 440.433, 204.042;
 164.229, 89.5795;
 410.573, 216.484;
 136.858, 136.858;
 826.122, 104.509;
 427.991, 184.136;
 286.157, 87.0912;
 492.687, 159.253;
 420.526, 154.276;
 413.061, 196.577;
 1025.19, 159.253;
 841.052, 77.1379;
 460.339, 169.206;
 1015.23, 128.397;
 397.136, 137.355;
 155.271, 104.509;
 1060.02, 146.313;
 361.304, 113.467;
 361.304, 149.299;
 441.926, 214.991;
 435.954, 182.145;
 1071.97, 146.313;
 1051.07, 113.467;
 928.641, 140.341;
 367.276, 134.369;
 444.912, 167.215;
 659.903, 125.411;
 146.313, 116.453;
  349.36, 155.271;
  424.01, 220.963;
 137.355, 134.369;
 262.767, 223.949;
 830.104, 152.285;
 940.585, 149.299;
 406.094, 212.005;
 1015.23, 146.313;
 391.164, 158.257;
  334.43, 104.509;
 370.262, 235.893;
  438.94, 206.033;
 827.118, 101.523;
 343.388, 104.509;
 370.262, 119.439;
 412.066, 194.089;
 286.655, 214.991;
 400.122, 203.047;
 1024.19, 110.481;
 412.066, 217.977;
 459.842, 170.201;
 1021.21, 111.079;
 351.152, 154.077;
 379.817, 161.243;
 437.148, 214.991;
   404.9, 211.408;
 369.068, 121.828;
 1049.87, 111.079;
 1014.04, 128.995;
  146.91, 114.662;
 361.901, 114.662;
 444.315,  168.41;
  394.15, 136.161;
  1064.2, 143.327;
 1021.21, 118.245;
 831.298, 150.494;
 128.995, 125.411;
 938.794,  146.91;
 354.735,  146.91;
 397.733, 204.241;
 369.068, 132.578;
 1010.46,  146.91;
 928.044, 139.744;
 659.305, 128.995;
 505.229, 161.243;
 283.071, 211.408;
 437.148, 179.159;
 390.567,  146.91;
 422.815, 222.157;
 261.572, 222.157;
  956.71, 143.327;
 412.066, 218.574]