[ 65,  86,  45, 101,  48, 110, 107,  50,  52, 108,  94, 228, 215,  55, 128, 112,  20,  84, 125, 172, 169, 148, 241,  15, 197, 255, 170, 132,   8, 160,   4, 113;
  86, 115, 252, 101, 162,  10, 127, 248,  35, 164,  62, 166, 221, 103, 219,  22,  54, 213, 109, 250, 200, 208, 173, 108, 255, 171, 239, 165, 165, 243,   7, 113;
 199, 254, 132,  30, 201, 180, 172, 151, 251,  91, 128,  85, 168, 234,  86, 255, 197,  99, 250, 157, 183,  79, 222, 241,  30,  58, 222, 250, 154,  85, 187, 156;
 205,  88, 215,  84,  73,  76, 101, 180, 161, 210, 102,  88, 122, 119,  69, 255,  32, 244, 120,  74,  73,  87, 179, 234,  23, 250,  69,   8,  42, 241,  98,  48;
 218, 129, 182, 246, 203, 212,  61, 101, 173,  25, 199,  16, 172, 158,   4, 246, 160, 179, 249, 129,  82, 207, 178, 229, 149, 242,  94,  11,   2,   4, 167,  46;
 125, 249, 121,  65, 114,  75,  87, 248,  97, 236, 116,  40,  82,  85, 132,  52,  58, 212,  85, 106, 201, 182, 121,  28, 119, 143,  37, 246,  99, 179, 198, 243;
 234, 106,  19,  30,  91, 217, 176,  96, 191,  28, 161,  57,  46, 212,  71, 157, 168,  57, 202,  65, 102, 111, 170, 125,  17,  82,  81,  59,  83,   4,  47, 239;
  97, 124,  57, 122, 121, 205,  89,  20, 121, 105, 245,  12, 182,  29,   5,  48, 140,  57,  85,  28, 171, 166, 240,  61, 199, 220,  16, 122, 192, 146,  70, 251;
  79,  41, 148,  67, 233, 124, 236, 131, 233, 242,  44, 221, 140, 174, 215, 159, 167, 103,  96,  94, 209, 114, 146,  96,  28, 216,  79,  42, 202, 245, 235, 148;
  90, 111, 150, 236,  43,  32,  28, 254, 171, 142, 252, 169,  47, 239,  35,  83, 182, 241, 237, 224,  74,  67, 130, 217, 242, 243, 111, 159,  18, 245,  47,  91;
 246, 124, 234,  56, 203, 241, 155, 202, 147, 199, 244, 187,   8, 252, 103,  24, 251, 251, 183, 209,  62, 111, 246, 242,  27,  86, 159, 239, 245, 117,  38,  86;
 214, 249, 190, 154, 155, 196,  59, 246, 174,  93, 150, 181, 172, 222, 102,  66, 231, 115, 253, 211, 215,  77, 186, 243, 249,  52,  62, 219, 152,   5, 165, 127;
  55, 240, 254,  18, 206, 189, 149, 220, 235, 247, 181,  29,  22, 216,  94,  26, 175, 200, 122,  31, 150, 103, 190, 112,  90,  25,  85, 127, 205,  95, 219, 199;
 125, 125, 219,  65, 181, 126,  70, 144,  97, 232, 239,  72,  91, 112, 217, 180,  49, 244,  76, 122, 157, 178,  61,  46, 187, 253,  37,  84, 235, 243, 202,   4;
 102, 169, 156, 170, 141, 173,  82, 140, 143,  61, 168,  13, 230, 250,  74,  82, 201, 195, 235,  87,  30,  43,  91, 179, 137, 213, 143, 127, 144,  95, 216,   2;
 169, 141,   7, 201, 221, 135, 101, 125,  69,   8, 226,  66, 114,  49,  48, 101,  72, 162,  58, 104, 249, 169, 113,  29,  61, 154, 196,  80,  50, 138, 240,  40;
 110, 182, 166,  18, 249, 253, 144, 207, 187,  31,  13, 185, 110, 236, 110, 156, 149,  59, 233,  17, 182,  71, 138, 247,  59,  87,  29, 251, 194,  70, 143,  87;
 232, 144,  21,  75,  41,  79,   0,  41, 190,  59, 163,  88, 214,  83,   8, 251, 145,  20, 104,  34, 123, 101, 251,  17, 133, 178, 113, 124,  80,  10, 195,  32;
  82,  57,  19, 102,  11, 196, 190, 244, 168,  72, 232, 205, 142, 215,  37,  20, 166, 247, 205, 194,  65, 131, 146,  96, 177, 212,  10,  10,  72,  18,  43, 187;
 208, 213, 159, 236,  10,  76,  87,  57, 160, 208, 131,  16, 247, 119,   8, 115,  38,  85, 125, 234, 121,  65, 187,  13, 241, 163,  98,  24,  32,  32, 167,  50;
 241, 177,  57, 111, 121, 204,  89,  29,  59, 105,  55,  88, 223, 223,  72, 112, 150, 157, 125,  94, 211,  85, 249,  85, 223, 253,  49, 254,  32, 130, 199, 115;
 142, 243, 176,  81, 233,  29, 180, 221, 207,  63,  48, 124, 142, 136, 220, 142, 135,  27, 230,  81, 215, 100, 138, 208, 172,  80,  85, 127, 218,  92, 143, 149;
 107, 252, 135, 156, 201, 181, 172, 206, 175, 211, 200, 221,  40, 230, 101, 222, 237, 111, 250, 149, 135,  79, 158, 243,  28,  50, 223,  46, 154, 117, 171, 156;
  33,  34, 104,  13,  92,  27, 233, 105,  94, 228, 248, 143,  35, 200, 214,   0, 250, 168,  66, 189, 198, 186, 197,  29,  78,  14, 167,  33,  93, 168,  90, 204;
 164, 108, 250,  86, 109,  56, 225,  66, 249, 142, 125,  24,  42, 248, 213, 191, 169, 120,  82,  26,  32, 247, 162,  98,  23,  56,  84,  43, 193, 113, 118, 166;
 225, 115, 121,  69, 180,  79,  71,  53,  97, 232,  62, 236, 211,  21, 194,  52,  22, 156,  68, 104, 201, 184, 245,  14, 229, 152,  37, 176, 108, 154, 214, 125;
 245,  73,  79, 222,  76,  22,  78, 253, 245, 130, 230,  74, 115, 227, 181, 247, 120, 228, 126, 234, 233, 167,  63, 237,  50, 235, 229,   8,  63, 187, 248,  44;
 255, 173,  80,  26, 219, 249,  18, 239, 119, 117, 184, 189, 107,  42, 198, 148,  91, 131, 238, 144,  62,  26,  77, 127,  62,  70,  21, 255, 251, 196, 202,  14;
 162,   0, 102, 221,  92,   3, 168,  73,  86, 161, 115,  18,  64, 136, 180, 105, 120,  44,  51, 161, 160, 254,   7, 223,   6,  42, 210, 196,  85,   8, 112, 132;
  51, 250,  34, 137,  47, 153, 176,  68, 109,  93, 210,  47, 174, 152, 150,   0, 238, 169, 207,  71, 198, 191, 199, 245, 150,  88,  26, 155,  85,  12,  91, 207;
 246, 109, 160, 172,  45,  45, 202, 200,  95,  58, 176,  24, 163, 232, 113,   9, 216, 194,  95,  99, 168, 103,  75, 187, 145, 216, 139, 188, 144, 121,  80, 136;
 127,  13, 230,  68, 236,  63,  78, 250, 193, 232, 190,  10, 107, 105, 181,  54, 120, 228, 126, 106, 201,  99, 237, 168, 114, 223, 197, 176, 231, 255,  80,  44;
  50, 133,  78, 238,  20, 130,  78, 101,   5,   1, 203,  66, 115, 107,  56,  64, 248, 162,  15, 161,  88, 137,   1, 221, 177, 164, 130,  64,  53, 138, 240,   8;
 208, 112,  63, 246,  10,  72,  85,  61, 160, 214, 167,  56, 247, 119,   8, 123,  34, 212, 125,  98, 105,  71, 187,  13, 241, 163, 116,  24,  32, 176, 167, 114;
   1,  31,  99,  71, 180,  62, 111,  55, 117, 200,  95, 228, 243,  50, 145, 245,  86, 238,  20, 174, 249, 152,  53, 108, 164,  62, 226, 128,  46, 242, 242, 253;
 216,  49,  19, 102,  19,  78,  81,  61,  36,  64, 227,   8, 255,  23,   0, 113, 178, 151,  92,  96, 113, 169, 177,  13, 241, 233,  32,   0, 104,   2, 135,  59;
  74, 188, 149,  87, 179, 233,  48,   7, 127, 123, 107, 112, 172, 182, 196, 252, 167,  55, 236,  16,  51, 216, 187, 247, 137, 246,  26, 194, 202,  68, 131,  63;
 248, 114, 120,  96, 106,  89,  16,  95, 171, 173, 176, 251,  15, 157, 196, 155, 174, 157, 239,  17, 198, 111, 194, 144, 214, 209,  49, 255, 119, 140, 135, 131;
 127, 118, 245,  96, 224, 111,  93,  21,  41, 251, 183, 124,  94,  61, 207,  63, 159, 149, 213,  34, 217, 247, 225, 128, 242, 222, 117, 182, 207, 244, 134,  83;
 100, 227, 201,   2, 220,  73, 235, 205, 234, 253,  48,  73, 112, 200,  93,  18, 152, 139,  67,  93,   3,  35, 202,  80,  61,  12,  45, 252, 193,  18,  83, 232;
  65, 186, 186,  49,  44, 189, 121, 150, 254, 255, 182,  29, 151, 136,  82,  90, 133, 239, 124,  29, 158, 109, 243,  35, 223, 255,  49, 120, 200,   8,  75,  91;
  40,  99,  73,  40, 116,  67,  67, 120,  49,  76, 253, 108,  83,  71, 136, 145,  88, 136,   4, 238,  75, 178, 105,  29, 118, 207, 161, 136, 122, 131, 118, 241;
   8, 137, 191, 241, 136, 204,  53, 183, 174,  27,  38,   0, 183, 179,  64, 106,  33,  50, 121,   8,  82, 217, 179, 113, 205, 158,  86,  64, 192, 128, 165,  42;
  89, 112, 159, 101,   1,  30, 116,  61,  97, 162, 103,  72, 222,  17,   1, 191,  50,  84, 232, 106, 193, 244, 177,   8, 211, 251,  69,  20,  98, 178, 203,  40;
 104,  60, 241,  68, 115, 104,  65,  22, 105, 173, 110,  40,  62, 183,  69, 180,  38, 190, 228,  24,   1, 186, 240,  74, 159, 188,  16,  58, 226, 192,   6,  59;
  92, 160, 149, 120, 137, 109,  81, 139, 187,  17, 161,  24, 158, 211,  72, 191, 161, 145, 236,  24,  26, 103, 219,  17, 217, 243,  81, 126, 194,  65, 135,  34;
  18, 157,  55,  90, 219, 228, 177, 231, 236,  17, 108,  18,  60, 247,  44, 101, 230,  51, 154, 128,  19,  11,  50, 245,  57, 176,  10,  74,  19,   0, 165, 183;
 233,  93, 111, 101,  53,  94,  95,  55, 225, 236, 254, 108, 251,  61, 146, 116,  92, 244, 252, 238, 201, 185, 112, 142, 103, 255, 165, 144, 107, 182,  70, 121;
  33, 239,  64,  27, 244, 139, 238, 238,  94, 168,  88, 205, 161, 232, 220, 128,  25,  74,   2,  13, 198, 250,  77,  63,  44,  14, 181, 228,  77, 222, 210, 140;
  92, 249, 252,  70,  43,  91,  83, 176, 235, 188, 190,  41, 106, 245, 199,  54,  39, 244, 236,  88,  76, 107, 171, 104, 251, 253,  69,  55,  98, 230,  78, 127;
   7, 159, 220,  31, 170, 139, 150, 191, 206, 123,  59, 245, 228, 108, 142,   2,   7, 115, 110,   7, 245, 232,  79, 127,  36,   6, 125, 150, 221, 122, 137,  29;
  92,  42, 191, 112, 170, 104,  81,  82, 163, 191, 172,  57,  31, 183,  67,  26,  35, 246, 109,  16,  24,  99, 162,  32, 219, 199, 117,  61, 226, 241,   6,  99;
 168,  45, 151,  85, 137, 110,  65,  51, 180, 187, 162,  16, 178,  51,   1,  95,   1, 118, 108,  56,  56, 236, 193,  12, 205, 170, 117,  80, 226, 224, 198,  42;
 220, 112, 177, 104,  41,  77,  87, 216,  99, 154, 165,   8, 223,  83,  73, 251, 145, 212, 108, 106, 104,  71, 187,   0, 209, 217, 101,  60, 114, 115,  66,  34;
 171, 255,  17, 185, 186, 221, 158, 254,  31, 121,  16, 253, 172, 158, 230, 129, 207,  91, 151,  85, 231,  94,  72, 247, 172,  83,  63, 254,  92,  28, 137, 221;
  32, 187,  40, 237, 252, 143,  95,  61,  38, 236, 254, 173, 243,  71, 146,  16, 220, 254,  79, 100, 216, 154, 105,  29, 237, 225, 165, 176,  48, 138, 214, 251;
  88,  54, 211, 101,  50,  74,  58,  56,  49, 226, 122, 233,  95,  39, 129,  52,  54, 221, 132,  98,  37, 144, 173,  14, 246, 239,  35, 132, 111, 162,  15,  81;
 104, 172,  57, 115,  93, 237,  81,  34,  99, 173, 172,   8, 178,  21,  64,  48, 137, 186,  64,   8,  10,  58, 241,  61,  79, 159,  16, 113,  66,   8,  70, 234;
  47, 110, 224,   5, 101,  29, 214, 222,  91, 238,  52, 109,  10, 232, 215, 188, 157, 204, 196,  61, 204, 118, 236, 130,  46,  93,  37, 191, 207, 252,  90, 205;
   8, 148,  50, 250, 113, 172, 120,  19, 253,   9, 127,  24, 190, 159,  36,  84, 133,  59, 215,  24, 178, 172,  18, 215, 199, 253,  16,  74, 194, 128,  99, 131;
 224, 234, 240,  94,  75, 217, 149, 101, 203, 182,  36,  24,  34, 196,  68,  55, 136, 122, 226,  66,  98, 102, 234, 163,  55, 144,  85,  59,  65,  24, 198, 174;
 108,  98, 172,  55, 232,  57, 124, 217,  19, 255,  87, 249, 199, 237, 219, 138, 159, 124, 230,  23, 132, 116, 235,   0, 206, 243, 117, 173, 230, 255,  14, 241;
 216,  84, 151, 212,  43,  76,  93,  55, 161, 226, 162,   8, 254,  55,   1, 127,  38, 245, 125,  40, 105,  69, 179,  72, 241, 178,  85,  18,  34, 240, 166, 123;
 128, 222,  94, 220, 234, 136,  61, 190, 157,  31, 116, 181, 164, 195, 174,  91, 199,  83,  47,  64,  98,  44,  66, 117, 102, 179, 114, 203,  20, 152, 165, 235;
  92,  65, 217, 231, 182,  10, 111,  61,  36, 161, 223, 130, 223,  39, 136, 114, 118, 213, 125, 250,  89, 144, 233,   0, 252, 237,  46, 128, 164, 242, 129,  33;
  86,  63, 198,  54, 139,  94,  94, 163, 185, 174, 138, 229, 110, 238,   7, 219, 167, 247, 253, 163, 108, 193, 137, 232, 179, 114, 207, 131,  34, 118, 175,  95;
 127, 211, 228, 167, 173,  29, 222, 157, 143, 127, 158, 141, 239, 109,  95,  30, 191, 215, 253, 231, 206,  97, 255, 241, 239,  95, 205, 183, 255, 246, 214,  87;
   9,  60, 125, 121, 178, 255, 241,  87, 116,  91, 126,  48, 155,  55, 129, 189,  47,  18, 214,  56, 179, 248, 113,  30, 111, 207,  50, 193, 243, 192, 231, 185;
  97, 177,  51,  65, 116, 222,  99, 121, 233, 232, 107,  72, 144, 214, 148, 180, 212,  60,  94, 104, 195, 154, 248,  93,  45,  60,   3, 100,  72, 130, 114, 229;
 232, 184, 251, 120, 177, 221,  81,  23, 187,  95, 118,  61, 190, 157,   6,  56, 133, 187, 253,  17, 187, 108, 242,  19, 203, 255,  16, 251, 194, 132, 198, 123;
  75, 239, 146,  76, 120, 156, 175,  55, 173,  13, 206, 204, 172, 163, 146, 164,  38,  34, 250, 140, 195,   9, 166,  99,  52,  52, 154, 136,  14, 134, 171,  45;
  79, 243, 247, 194, 231, 123, 102, 216, 235, 249,  27, 106,  72, 244, 221, 182,  51, 212, 246, 250, 149, 114, 172, 224,  62,  28,   5, 230, 167, 247, 214,  37;
 167, 239, 192,  81, 228,  59, 238, 222, 127, 242, 120, 220, 200, 232, 221, 175,  95,  74, 194, 126, 247, 244, 206, 242,  46,  30,  71, 228, 223, 255, 218, 149;
 250, 112,  96, 104,  75,  93, 211,  88, 131, 124, 181, 171,  43, 221,  95,  49, 188, 153, 213, 227, 206,  39, 250, 157, 211, 217, 169, 191, 119,  63, 118, 243;
  77,  45,  49,  97, 129, 126, 101, 183,  96,  34, 110,   8, 155,  19,   1, 189,  16, 206,  76, 104,  91, 240, 241,  12, 231, 249,  68,  68,  66, 208, 194,  32;
  25, 157,  21, 239, 181,  47,  67, 187, 117,  43, 106,  84, 255,  51,   0, 244,  81,   6,  28,  40, 185, 184,  89,  63, 173, 255,  33,  84, 186, 203, 192,  33;
  33, 241, 253,  69, 116,  15, 225, 188, 114, 168, 118,  72, 243,  81, 220,  53,  24, 220,  82, 104, 201, 240, 113,  29,  79, 138, 229,  36,  75, 160,  82, 168;
 197, 233, 157, 101,  40,  79,  71, 184,  40, 178, 162,   8, 215, 119,  73,  51, 144,  84, 120, 106,  73, 103, 249,   9, 225, 155,  69,  52,  64,  51,   7, 104;
  85,  45, 157, 101, 144,  78,  71, 170,  50, 160, 170,   8, 247, 115,   9, 114, 145, 198, 120, 122,  57, 216, 249,  46, 233, 255,   5,  52, 128, 115, 198,  34;
 163, 129, 226, 221, 116, 187, 248,  79, 127,  67, 116,  18,  40, 168, 182, 109, 122, 170,  19, 141, 183, 190, 102, 223,  22,  62, 146, 160,  85, 140, 114, 204;
 228, 104, 191, 124,  12, 205,  71, 140, 234, 178, 160,   8, 183, 213,  81,  27, 136, 244, 105,  75,  73, 103, 218,  33, 193, 187,  85,  56,  64,  57,  86,  42;
  45, 244, 121,  65, 109,  79, 199, 248, 123, 232, 125,   8,  82,  85, 220,  53, 152, 216,  87, 106, 233, 114, 249,  61, 127, 156,  37,  60,  67, 187, 214, 243;
 236, 120, 189, 117,  40,  15,  69, 150, 234, 190, 162,   8, 151, 145,  65,  27, 128, 101, 108,  88,   8, 101, 219,  32, 201, 219, 117,  48, 192,  49,  66,  42;
   6, 185, 232, 147, 199, 201, 188, 204, 158, 115,  80, 167, 164, 252,  95,  10, 237,  91, 147, 209, 150, 122, 218, 241,  13,  22, 222, 239, 149,  28, 151, 219;
 152, 178, 148, 185,  63, 137,  80, 143, 159,  57, 176, 125, 238, 219,  72, 145, 147,  25, 236,  17,  62, 108,  75, 149, 138, 211,  37, 255, 208,   8,  13,   3;
 127,  45, 230,  68, 252,  18,  79,  56,  67, 232, 190, 202, 107, 109, 151, 246, 124, 228, 125, 254, 141, 243, 229, 200,  58, 125, 133, 152, 167, 255,  88, 116;
 191, 241,  47,   8,  89,  87, 151, 248,  69, 108, 148,  47,  72, 220, 190, 164, 220, 208, 215,  99, 205, 163, 125, 157, 123,  75, 237, 255,  91,  46, 126, 247;
  48, 233, 249, 122,  60, 205,  83, 254, 135,  29, 172,   8,  51, 215, 110,  16, 201, 210, 101,  88,  74,  43, 234,  49, 251, 221,  52, 121,  81, 152, 198, 106;
  37,  61, 219,  95, 240, 207, 167, 113, 122, 200, 105, 108, 112, 243, 229,  48,  63, 122,   2,  74, 211, 186, 184, 123,  45, 140,  37,  40,  73, 227, 195, 177;
  93,  31,  31, 111,  49, 142, 102,  56, 236, 136, 111,  64, 255, 115,   1, 243, 180, 117, 108, 106, 193, 161, 137, 109, 225, 169,  99,   0,  74, 163, 107,  33;
 169, 148, 124, 127,  32, 175,  89,  51, 117,  42, 119,  88, 243,  51, 128, 113,  23, 182,  52,  40, 172, 184, 113,  29, 199, 235, 113,   0, 120, 224,  64,  35;
 190,  29,  98, 108, 127, 243, 218, 104, 141,  70, 253, 175,  75, 221,  55,  21, 222, 177, 215, 103, 172,  39,  52, 222,  19,  93, 136, 155, 119, 111, 118, 215;
  77,  49, 165, 101,  17,  78, 125,  57,  32, 232, 191,  76, 251,  63,  81,  50,  20, 245, 125, 168, 201, 208, 249,   8, 239, 255, 229, 180, 234, 226,  70, 123;
 194, 250, 214, 177, 106, 136, 184,  23, 171, 121,  82, 253, 172,  14, 198,  90, 166,  45, 239,  21, 151, 220, 199, 225, 150,  48,  90, 194,  12, 132, 139, 221;
 246, 106, 230, 150,  75, 225, 158, 196, 147, 182, 128, 171, 108, 238,  99,  11, 106, 253, 235, 215,  44,  71, 142, 232, 184,   0, 207, 187, 133, 125,  63, 222;
   3,  96, 102, 203, 100, 153, 232,  64,  79,  81,  87, 131, 136, 140, 150, 105, 202,  41, 123, 221, 150, 184, 103, 209,   6,  56, 154, 192,  71, 143,  81, 205;
  80, 206, 188, 190, 136,  64,  93, 175, 165,  31, 132, 161, 247, 111,  42,  91, 205, 211, 253, 128, 106,  79,  67,  47, 241, 227, 254, 153, 176, 208, 164, 122;
 131, 215,  92, 185, 250, 159,  28, 191, 159,  89,  84, 245, 141, 143, 106,  65, 167,  27, 151,  53, 247,  76,  66, 215, 238, 211,  63, 239, 124, 152, 137, 155;
   2,  16,  38, 137,  74, 128, 184,  65, 174, 113, 211, 163, 140, 158, 114,  74, 110, 189, 255, 133, 130, 159, 199, 208,  20,  48, 154, 138,  21,   4,  33, 217;
 223, 238, 110,  55, 108,  30, 239, 168, 185, 126,  69, 149, 111, 109, 155, 159, 167,  68, 117, 111, 228,  85, 174, 173, 194, 123, 223, 164,   6, 245, 123, 196;
   7,  54, 207, 149, 210,  34, 175, 219,  62, 226,  94, 230, 221, 230, 251, 106,  55,  79, 127, 189, 177, 208, 173,  74,  44,  38, 239, 196, 172, 244,  33, 245;
 221,  21, 111, 255, 168,  50, 126, 185, 188, 210, 215, 247, 253, 111, 187, 227, 119, 103, 125, 175, 253, 197, 111,  79, 226, 235, 239, 128,  60, 243,  41,  81;
 168, 228, 108,  89, 252, 171, 237, 255,  84, 114, 246, 146, 241,  77, 159,  41, 127, 186, 119, 172, 224, 244, 109,  31, 102,  11, 245, 132, 117, 216, 210, 248;
 246, 196, 100, 231, 141,  70,  78, 172,   9,  82, 139,   3,  73, 127,  29,  82, 241, 215,  25, 231, 104,   5,  89, 207, 179, 250, 143,  22,  55, 126, 240,  90;
  88, 137, 151, 188, 187, 164,  48,  99, 170,  25, 138,  72, 174, 243,  32, 210, 160, 115, 233,  64,  18,  75, 130,  97, 153, 225,  74,  91,   0,  96,  39,  34;
   9, 185, 255, 117, 118, 142, 249,  55, 124, 161, 126,   2, 189,  61,  16,  40,  38,  63,  55,   8, 208, 248,  49, 108,  79, 239, 118,  64, 101, 128, 195, 235;
  88,  95, 170, 252, 154, 132,  95,  55, 164, 141, 142, 131, 107, 239,  98,  64, 124, 247, 237, 128, 200, 139, 243,  42, 243, 229, 190, 153,  35, 210, 172, 122;
  23, 141, 117, 193, 150, 178, 168, 179, 109, 113,  95,  86, 200,  42, 158, 228, 103,   7,  62, 157, 151, 184,  45, 215,  46,  63, 139, 196, 143, 132, 249, 245;
 239, 170, 160,  24, 237,  29,  92, 155, 203, 254, 180,  29,  10, 204, 214, 191, 205, 196, 253,  61, 223, 103, 226, 145, 147,  91, 197, 255,  66, 173, 218,  71;
  96, 229,  29, 101,   8,  79,  71, 169,  96, 160, 174,   8, 215, 115,   0,  51, 144, 212, 104, 106,  73,  97, 249,  12, 229, 171,  69,  52,  64, 114,  70,  34;
  17, 160, 108,  45,  20,  15, 225, 107, 126, 165, 242,   7, 179,   8,  18,   0, 122,  12,  66,  45, 140, 184,  69,  28, 196,  14,  34,   0, 101,   8,  83, 200;
 118, 184, 195,  38, 117,  73, 194, 232,  59, 160, 249, 237,  66, 252,  77, 144, 217, 216, 213, 115,  63,  35, 216,  34,  56, 220, 133, 126, 237,  43,  82, 150;
 120, 191,  42, 238, 152, 132,  95,  55, 181, 140, 238, 137,  51, 239,  34,  80,  92, 255, 237, 200,  74, 139, 242,  45, 243, 229, 164, 153,  33, 194, 164, 122;
  52, 240, 168,  50, 140, 141, 215, 217, 238, 245, 181,  29, 151, 217,  94,  10, 169, 201, 121,  95, 210,  99, 250,  48, 217,   9,  53, 125, 197,  27, 215, 194;
 174, 246, 114,  82, 243, 249,  63, 247,  57,  71, 116, 184, 104, 119, 174, 189,  55, 218, 134, 186, 113, 222,  44, 255, 127, 223,  84, 235, 227, 212, 230, 253;
 125,  96, 208,  66,  77,  93,  70, 152, 227, 182, 165,   8,  74, 209,  95, 191, 153, 196, 204, 106,  73, 103, 250,   0, 247, 217,  69,  61, 226, 247,  74,  38;
  41, 180, 145, 201,  61, 175, 193,  94,  95,  43, 112,  88, 158, 145,  96, 172, 217,  24,  86,  24, 179, 172,  81, 151, 141, 220,  16, 126, 218,   9, 211, 169;
   6, 255,   6, 155, 203, 165, 190, 198, 172,  23, 203, 151, 140, 138, 106,  74, 237, 203, 187, 215, 118, 152,  91, 226, 181,  48, 158,  67, 153,  87, 185, 218;
 118, 164, 204,  18, 203, 169, 144, 202, 146, 183, 137, 155,   0, 236,  78,  26, 137, 223, 227, 145,  30, 107, 202,  50,  25,   6, 221, 127, 197,  77, 222, 130;
 220, 197, 217, 229, 182,   2, 111, 189,  48, 160, 254, 210,  95,  39, 152, 115, 118, 220,  61, 250, 121, 145, 165,  14, 250, 233, 167, 196,  39, 176, 160,  33;
 233, 157, 214,  84, 233,  28,  76,  55, 249, 154, 166,  92, 106, 114, 150, 247, 192, 230, 236,  46, 253, 107, 243, 233,  50, 250,  84,  26,  74, 228, 234,  12;
 125, 125, 242, 100, 245, 190,  86, 214, 113, 226, 110,  12,  59,  56, 151,  52,  58, 238,   4, 126, 141, 186, 213,  42, 118, 254,   5,   0, 235, 243,  74,  30;
 171, 170, 224,  21, 101,  27, 248,  80, 115, 238, 117, 189,  43, 136, 214, 157,  27, 172, 230,  15, 236, 246, 228, 138,  70, 123, 113, 163, 103, 172,  94, 205;
 102,  44,   4, 184, 173,  47,  70,  11, 141, 186, 185,   8, 142, 122, 113,  91, 201, 225, 127,  51, 120, 103,  91, 168, 153, 211, 223, 190, 144, 121, 208,   3;
  40, 160, 108,  93,  44,  11, 237, 123, 206, 115, 246, 146, 209,  45, 150,  43,  79,   2, 127, 142, 176, 248, 103, 221,  78,  31, 243, 148, 119, 200, 210, 249;
 199,  33, 147,  16, 235,  92, 188, 103, 171, 218,  32,  89, 188, 254,  69, 191, 167, 111, 112, 148,  85,  73, 178, 192,  15,  24,  95, 106, 194, 100, 131, 207;
  95, 189, 232, 228, 189,  29,  94, 184, 171, 237, 158,  13, 219, 253,  94,  18, 189, 213, 253, 239, 140,  33, 185, 211, 251, 221, 141, 244, 199, 246,  86, 114;
  65,  80,  43, 101,  48, 110, 107,  16,  61, 104,  95,  68, 215,  23, 145, 116, 148,  28, 125,  44, 137, 144, 241,  14, 197, 252, 170, 128, 136, 195,   3, 121;
  23,  98, 168,  55, 130,  62,  91, 153,  51, 229,  79, 205,  71, 236,  91,  26, 183,  77, 117,  63, 142, 208, 235,   0, 203, 207, 109, 180, 228, 255, 138,  81;
  92,  42, 187, 118, 168, 104,  81,  18, 162, 159, 172,  41,  55, 247,  65,  26,   7, 247, 109,  16,  26,  67, 226,  32, 219, 197, 117,  57, 160, 243,   6, 107;
  26, 202, 206, 252,  74, 210,  60, 207, 151,  23, 244, 163,  41, 207,  34,  89, 111, 177, 167, 128, 106, 207,  34, 241, 114, 227, 254, 139,  55, 148, 164, 219;
  80,  30,  21, 185,  58, 171,  16,  50,  63,  57, 243, 252, 167,  18, 128, 217, 199,  55, 238,   1,  35, 252,  65,  61, 156, 150,  58, 210,  28,   9,   7,  25;
  38, 177, 226, 170, 221, 217, 154, 205, 143,  53, 217, 191, 203, 236, 126, 128, 251, 155, 195, 147,  30,  51, 222, 243, 190,  84, 154, 127, 221,  14, 222, 214;
 113, 141,  76, 206, 156, 183,  79, 188, 197,  72, 255,  70, 115,  96, 190, 112,  88, 226,  94, 234, 253, 171, 127,  63, 243, 175, 164,  24,  56, 234, 248,  44;
 106, 247, 122,  96, 109, 213, 223, 248, 129, 236, 188, 173,  27, 221, 247,  49, 222, 185, 213, 227, 204,  35, 234, 157, 243, 217, 169, 191, 103, 183, 118, 251;
  80,  96, 189, 244,  42, 104,  85,  30, 160, 150, 167,  57, 247, 247,  73,  27,  39, 212, 125, 130, 104,  71, 235,   2, 209, 227, 116,  25,  32, 240, 166, 123;
 112, 235, 120, 106, 184, 201,  83, 254, 131,  61, 172,  56,  55, 151,  72,  16, 137, 218,  69,  88,  90,  43, 234,  55, 251, 197,  53, 125, 240, 154, 198, 107;
  36,  12, 235, 204, 212, 163, 207, 194,  84,   2, 121,   2,  80, 233, 181, 104,  88, 232,  19, 162, 128, 162,  44,  78,  82,  46, 163, 136, 245, 251, 112, 128;
 162, 132, 230, 219, 212, 170, 168,   7, 124,  19,  83,  18, 232,   8,  28,  73, 123,  15,  51, 147, 178, 244,  77, 247,   4,  62, 218, 192, 197,  77, 241, 128;
  45,  83, 109, 109, 116,  83,  71,  56,  21, 108, 117, 228,  83,  69, 139,  48,  92, 140, 134, 110, 237, 178, 109,  28, 102, 255, 161, 133, 118, 171,  94, 241;
  21, 117,  91,  79,  82, 195,  39, 121, 116, 192, 105,  96,  83, 247, 168,  48,  62, 124,   2, 106,  65, 176,  60,  15, 105, 141,  37,   4, 105, 178, 231, 161;
 175, 182, 105,  72,  58, 215, 155, 120, 206, 236, 157, 237, 216, 221, 191, 164, 158,  48, 223,  47, 229,  39, 126, 159, 106,  93,  41, 255,  94, 174,  30, 247;
 186, 102,  98, 168, 127,  89, 242, 102,  13, 100, 216, 187,  47,  13,  50,   1, 234, 137, 215, 103, 110,  63, 100, 183, 242,  81,   8, 171, 119,  28, 126, 219;
 195, 188, 142, 154, 137, 180, 156, 199, 187, 223, 136,  93, 172, 234, 118, 218, 197,  99, 251, 149, 150,  79, 218, 243, 154,  63, 223, 251, 152,  84, 187, 206;
 208, 104, 149, 116,   9, 141,  65, 158, 226, 178, 162,  24, 247, 145,  65,  27, 129, 100, 108,  24,   8, 109, 211,  32, 201, 210,  85,  56, 192,  17,  66,  42;
 233,  50, 210,  84,  99,  28, 112,  49, 121, 234, 119, 124,  42, 152, 198, 189, 182,  44, 164,  12, 245, 246, 180, 194,  22, 251,  80,  42,  75, 164,  74, 133;
  90, 111, 254, 236, 123,  34,  92, 127,  43,  28, 252, 169,  47, 175, 162,  82, 166, 155, 231, 128,  74,  75, 130, 217, 242, 245, 125, 175, 242, 212, 166,  75;
  67, 128, 175, 209, 224, 172, 233,  23, 126,  91,  87,  84, 148,  22, 220, 110, 229,   7, 127, 157, 147, 216, 247,  96,  13,  62, 250, 192, 132, 193, 177, 253;
 216, 181,  17, 107, 129,  78,  85,  53,  37,  72, 227,  72, 254,  23,   8,  49,  16, 150,  76, 106,  89, 186, 113,  13, 241, 240,  96,  64,  74,   2, 131,  51;
 103, 255, 218,  70, 246, 210, 190, 224, 233, 226, 254, 234,  72, 248, 247, 180, 191, 239, 210, 243, 197, 179, 140, 238,  58,  28,   7, 175, 111, 247, 251, 133;
  91,  57,  27,  46,  19, 212, 155, 112,  44,  72, 238, 140, 191, 215,  11,  48, 182,  57, 220, 238,  73, 147, 178, 104, 241, 237,  42, 138,  72,  19,  43, 123;
 104, 228,  49,  67, 125, 235,  65,  14, 107,  37,  44,   8, 146,  21,  76,  52, 153,  30,  66,  24,  10, 186, 241,  21,  71, 156,  16, 115, 194,  74, 198, 234;
 205, 115,  30,  68, 101,  30, 119,  56, 233, 136, 119,  76,  87, 241, 158,  55, 180, 100, 108, 106, 196, 241, 187,   8, 118, 249,  97,   4,  74, 179,  74,   5;
  36, 110, 178,  94, 237, 120, 180,  67, 249, 159, 249,  56,  42, 248, 213,  15, 169, 122, 226,   3,  34, 103, 162, 224,  23,  30,  86,  43, 197, 121, 247, 167;
  72, 201, 155, 100,  81, 204,  99, 150, 167,   9, 110,   8, 118, 179,  64,  86,  32, 116, 104,  72,   2,  25, 147,  97, 125, 172,  36,   0, 226, 162,   0,  43;
 224, 225,  29, 103, 136,  77,  69, 173, 226,  48, 160,   8, 247,  81,  72,  51, 128, 214, 104,  74,  91, 106, 219,  49, 237, 176,  69, 124,  64,  26, 198,  42;
 235, 157,  23, 200, 189, 151,  66,  63, 205,  72, 187,  84, 250,  50, 180, 229, 200,  34, 126,  40, 249, 171, 115, 255,  43, 186, 144,  90,  26, 136, 248,  45;
  52, 137,  24, 219, 157, 225,  82, 202,  87,   1, 200,  18, 162, 209,  44,  64, 217,  58,   3, 144,  26,  42,  74,  55, 139, 148, 146, 123, 176,  73, 124, 130;
 168, 125, 119,  69, 119,  91, 231, 236, 121, 232, 116,  42,  90,  21, 149,  53,  58, 124,  87, 106, 225, 183,  61, 222, 119,  24,   5,  38, 103, 186, 198, 255;
 168, 148,  50, 250, 117, 189, 120,  19, 253,  25, 117,  24, 174, 155,  44,  61, 133,  59,  23,  24, 178, 188,  50, 247,  71, 255,  16,  74, 210, 136, 227, 135;
 160, 248, 176,  94,  75, 217, 180, 231, 219,  51, 176,  56,  46, 252,  76, 143, 171, 123, 226,  67, 103, 111, 250, 227,  21, 144,  85,  59,  75,  60, 135, 191;
 105,  37,  52, 101, 161, 127,  96,  55,  97,  50,  46,   8, 139,  49,   2, 182, 129, 134, 200,  40,  89, 184, 113,  12, 199, 249,  20,  21, 226, 228,  78, 174;
 152, 157, 124, 123, 163, 251, 124, 183, 117,  91, 126,  48, 255,  63, 132,  57, 167,  51, 246,  48, 176, 248,  97, 253, 111, 219, 116, 195, 247, 192, 196,  59;
  33, 112,  49, 107, 121, 205, 195,  29, 105, 105, 121,  72, 254,  95,  13,  57, 156,  25,  87,  56, 131, 182, 249, 125, 197, 156,   0,  56,  64,  19,  71, 243;
  32, 167,  97,  72, 212, 131, 239, 111,  83,  36, 252, 139,   1, 133, 246,  20,  88, 170,   2, 252, 218, 186, 228,  31, 124,  12, 133, 108, 119, 142, 246, 236;
 167,   9, 235, 220, 196,  48, 175, 210, 212, 194,  90, 194,  48, 236, 247, 106, 124, 104,  51, 207, 133, 132,  38, 226,   2,  46, 234, 136, 157, 249, 112, 244;
 168, 116, 122, 236,  74, 197, 177,  92, 132,  10, 244,  34,  60, 223,  33,  49, 238,  57,  87, 224, 224,  39, 114,  91,  87, 137,  35, 184, 113, 176, 103, 187;
  58,  88, 108, 109,  39,  87, 222, 124,   5,  78, 244, 175, 123, 125, 183,  32, 190, 185, 151, 231, 204, 162, 120, 189, 115, 207, 225, 147, 119, 191,  84, 251;
 131, 250, 203, 147, 114, 184, 169, 150, 190,  93,  86, 245, 188, 134, 210, 232,  39, 107, 127, 157, 135, 220, 166,  99,   4,  53,  58, 192, 140, 133,   3, 253;
 235, 184, 240,  80, 237, 253, 212,  71, 251, 255,  60,  61, 142, 188,  86, 191, 137,  47, 247,   5, 244, 111, 242, 208,  23,  89,  84, 187, 210, 124, 222, 207;
  94, 182, 166,  56, 251, 253, 144, 203, 187,  31,   5, 189,  76, 236, 111, 159, 183,  91, 249,  49,  54,  71, 170, 211,  91,  87,  29, 255, 194, 100, 143,  87;
  92, 123, 184, 254, 200,   4,  95, 182, 162, 134, 172,   9, 119, 231,  65,  82, 196, 243, 109, 194,  72,  75, 210, 107, 249, 165, 102,  25, 160, 114,  38, 106;
 203, 144, 211,  92,  73,  28,  72,  49, 185, 202, 231,  92, 126, 179, 132, 244, 180, 180, 252, 136, 241,  79, 179, 207,  23, 254,  80,  10,  10, 164, 106,  61;
 105,  19, 253, 125, 224,  47, 101,  55, 117,  47, 115,  92, 243,  51,   0, 121, 148, 190,  36,   8, 153, 184, 113,  29,  71, 255, 112,   0, 112, 224, 194, 161;
  89,  31,  30, 111,  57, 190, 118, 176, 225,   8, 110,  68, 254, 115, 131, 119, 164, 100, 108, 106, 196, 169, 155,  45, 227, 249,  97,   0, 106, 163, 107,   9;
 105, 159, 113, 109,  52, 254,  95,  55, 117,  72, 126, 108, 251,  61, 148, 244,  94, 246, 253,  44, 233, 184,  97, 175, 103, 255, 176, 144,  78, 138, 214, 121;
  58,  94,  39, 156, 107, 223, 182, 243, 159, 206,  80, 239, 172, 252, 167, 165, 255, 123, 151,  71, 231, 184,  50, 255, 180,  86, 127, 187,  30, 124,  29, 255;
  41,  23,  66,  79, 114, 178, 174, 118, 116, 134, 127, 230, 105, 162, 182, 164, 126, 170, 134, 174, 229, 178,  36, 174,  54, 239, 162, 128, 111, 222, 107, 157;
  94, 248,  63, 190,  27, 196,  59, 248, 190,  92, 135, 173, 125, 215, 107,  81, 247, 249, 253, 195, 163,  67, 186, 125, 209, 227,  43, 139,  24,  35,  39, 115;
  99, 105, 226,  76, 124,  26, 202,  60,  67, 224, 254,  10, 107, 232, 151, 246, 120, 228, 118, 232, 141, 187, 229, 238,  62, 124, 133, 152, 103, 190,  82, 108;
 162,  97,  98, 203, 108, 153, 232,  68, 205,  33, 209,  10, 136, 136, 220,  34, 106, 136, 127,  83, 130,  50, 231, 208,  22,  24, 138, 176,  85, 159, 115, 196;
 194, 188, 191, 248, 249, 232, 177,  71, 187,  95, 164,  57,  62, 159, 102, 123, 167,  55, 253,  17,  50,  79, 178, 215, 219, 247,  26, 251, 192,   0, 167, 123;
 242,  43, 108,   4,  77,  89, 149,  71, 200, 246, 164, 143, 163, 140,  87, 143,  72, 171, 195, 197,  76, 107, 230, 128,  21,  81, 220,  59,  85,  44,  86, 222;
  75,  16, 236,  97,  38, 158, 121,  23, 108, 125,  87, 181, 157,  31, 146, 110,  38,  21, 253, 157, 147, 220, 229, 192,  78, 251, 250, 192, 166, 132, 141, 113;
  57, 255,  90, 225, 114, 183, 122, 118,  49, 232, 126, 231,  25,  15, 130, 144,  62, 189, 151, 252, 207, 154,   1, 222, 126, 207, 165, 196, 111, 150,  42, 217;
 218, 234,  54,  26,  59, 217, 176, 230, 187,  21, 132, 185, 172, 206, 102, 159, 167, 123, 201,  65, 102,  79, 170, 245, 155,  83,  94, 123,  66,   5,  47, 223;
 228,  46, 172,  53, 172,  43, 233,  26,  58, 190, 183, 157, 195, 109, 211,  27, 153, 230, 109,  63, 188, 244, 239,   2, 206,   7, 245, 245, 196, 233,  86,  96;
  27,  78, 211,  69, 115,  91, 107, 112,  53, 232, 122, 234,  79, 231, 165, 180,  54, 253, 150, 232, 169, 150,  37, 206, 182, 254,  35, 130, 103, 183,  39, 245;
 141,  65, 237, 223, 188, 130,  79, 157, 214, 192, 215,  82, 241,  99, 185, 110,  88,  96,  62, 250, 171, 132, 111, 170, 108, 175, 167, 128, 182, 187, 208,  96;
  26, 111, 231,  31,  51, 208,  61, 182, 181,  79,  94, 161,  41, 230, 167, 212,  38, 251, 237, 133, 238, 217, 167, 239, 227, 119, 254, 131,  39, 212,  37, 125;
 234, 121, 179,  82, 235, 249, 180, 199, 235, 255, 100,  56,  44, 188, 103, 190, 161, 123, 242,  16,  22, 127, 162, 242,  31,  85,  84,  59, 194,  84, 207, 239;
 100,  37, 155, 100, 184, 110,  71,  31, 162, 168, 170,   8, 215, 243,  65,  18, 145, 246, 124,   8,  24,  75, 217,  10, 249, 173,  37,  60, 192, 114, 194,  34;
 234, 132,  26, 250, 121, 244,  80, 200, 185,  83, 229,  24,  10, 243,  62, 125, 209, 138, 219,  24,  62, 103, 154, 247, 219, 255,  18,  79, 146,   5, 234,   6;
   6,  73,   6, 154, 212, 131, 174, 196, 148,   1,  83,   2, 104, 202,  56,  72, 124, 107,  19, 211,  82, 146,  10, 244,  40,   0, 142, 192, 148,  27, 177, 128;
 230, 106, 166, 150,  78, 161, 188,  68, 146, 182, 208, 255,  96, 236, 115,  11, 106, 237, 227, 215,  36, 215, 134, 232,  20,   2, 223, 171, 133, 125,  54, 222;
  64, 186, 179,  81, 224, 172,  49,  23,  59, 175, 124, 120, 172, 167, 196,  28, 135,  63, 102,  24, 146,  94, 226,  66,  77, 150,  52, 234, 194, 192, 135, 185;
 220,   9, 211, 238, 242, 224,  51,  64, 177, 133, 110, 162,  45, 247,  97,  80,  54, 255,   7,  80,   0, 155, 128, 106, 249, 164,  36,  11, 162, 243,  39,  43;
   9,  42, 150, 241, 164,  47,  96, 146, 126, 186, 118,  64, 159, 147, 193, 173, 133, 108, 110,  90,  17, 248,  65,  32, 204, 203, 119,  36, 202, 249,  11, 169;
 183, 251,  85, 109, 251,  15,  84, 254,  89, 176, 240, 205,  11,   9,   5,  21, 158, 244,  70, 102, 237, 250,  81,  29,  55, 218,  69,  54, 123, 184, 194, 149;
  25,  61,  58,  46, 113, 213, 123, 240,  32,  76, 124,  12, 191, 215, 163,  48, 180, 249, 148, 238, 205, 146, 176,  47, 247, 205,  42, 136, 106,  35,  47, 115;
 173, 248,  49,  67, 101,  79, 103, 216,  43, 104, 117,  88,  94,  87,   9,  52, 180,  29,  87, 106, 195,  52, 185, 215, 245, 156,   1,  38,  66,  51, 199, 243;
 104, 239, 209,  94, 217,  68, 103, 255,  51, 129, 104,  72,  42, 247,  73, 150,  92, 250, 226, 216,  74, 106, 218, 235,  63, 180,  20,  42, 194, 242, 166, 168;
  62, 115, 232, 170, 223, 101, 146, 216,   3, 237, 181, 175,  74, 253,  79,  24, 220, 217, 215, 243, 158,  35, 218, 178, 251,  85, 141, 255, 251, 127, 190, 211;
  98, 167, 249, 204, 122,  65, 121, 127,  35,  23, 253, 185,  41, 175, 230,  82, 111, 155, 231, 160, 114, 107, 226, 215,  94, 183, 178, 173, 119, 192, 230, 235;
 100, 173,  21, 100,   8,  78,  71,  40, 224, 170, 170,   8, 214, 115,   0,  50, 144, 244, 104, 106,  72, 107, 233,  14, 249, 190,  69,  52,  64,  34,  70,  34;
 227, 158,  20, 222,  61, 191,  74, 178, 205,  89, 187,  92, 226,  56, 182, 245, 193, 102, 126,  78, 189,  43,  95, 255, 154, 250, 210, 218, 154,  15, 120,  13;
   2, 190, 179,  81, 240, 172,  41,  87,  58,  13, 108,  84, 188, 167,  64,  84, 165,  59,   3,  28, 147, 152, 176,  99, 109, 156,  54, 232, 194, 192, 135, 249;
  26, 159, 246, 127, 162,  91, 124, 183, 189,  27, 118, 177, 239,  63, 132, 115, 167, 247, 255,   0, 240, 248,  33, 253, 230, 255, 118, 195,  83, 240, 135,  31;
 204, 240, 189, 115, 169, 109, 117, 159, 123,  63,  37,  24, 156,  55,  74,  59, 129,  87, 124,  24, 242, 124, 251, 113, 207, 219, 117, 118, 194,  80, 199, 107;
 232, 165,  17, 103, 137,  77,  68, 173,  98, 186, 168,   8, 247, 115,  72,  51, 129,  86, 108,  42,  91, 108, 219,  17, 229, 209, 117, 124,  64,  26, 198,  42;
  27,  94, 163, 158,  51, 219, 187, 114, 157, 206,  92, 231, 108, 254, 167, 228, 246,  59, 151,   5, 133, 155,  38, 255, 178, 119,  47, 139, 191, 126,  61, 253;
  36,  48, 177,  65,  69, 223,  99,   1, 123, 227,  47,  24, 146, 213,  68, 180, 145,  60,  64,  26,  17, 116, 240,  18,   7, 156,   1, 114,  66,  11, 198, 162;
  23,  40, 172,  53,  44,  59, 200, 130, 127, 242, 182, 157, 171,  40, 215, 175, 139, 101, 254,  29, 172, 109, 199, 138, 142,  95,  95,  53, 204, 108,  91, 140;
 176,  71, 127, 101,   2,  75, 111, 120,  52, 164, 246, 226, 115,   7, 137,  49,  62, 148,  76, 234, 105, 181,  37,  12, 241, 171,  97, 132, 101, 178, 102, 105;
 164, 177, 184, 218, 237, 253, 148, 201, 222,  63, 177,  56, 134, 208, 104,  40, 217,  26, 202,  18,  86,  99,  74, 177, 215, 144,  87, 127, 208,  89, 149, 135;
 233,  98, 126,  92, 109, 184, 249,  16, 249,  94, 119, 157,  11, 136, 151, 159,  46, 172, 230, 110, 164, 118, 166, 197,  86, 123, 112, 137, 103, 133,  78, 197;
 107, 190, 160, 184, 169, 181, 156, 207, 171,  95, 152,  13, 172, 234, 118,  90, 193,  35, 255,  21, 150,  75, 218, 241, 216,  86, 158, 251, 152,  68, 155,  95;
 137, 142,  31, 117,  36, 158, 180,  55, 252,  11, 114,  80, 191,  56, 144,  97, 133,  55, 108,   9, 245, 252, 113,  15, 133, 251, 114,   0,  72,   0,  73,   9;
  40,  88,  94, 249,  75, 119,  61,  82,  20, 130, 116,   3,  29, 159,  33,  89,  78, 185, 179, 130,   0, 150, 115, 240,  71, 233, 218,   3, 115,  89,  36, 154;
 240, 104, 149, 116,   9, 141,  68,   7, 162, 179, 162,  24, 183, 147,  64,  27, 128, 230, 108,  24,  74, 109, 211,   0, 145, 209,  85,  56,  96,  16, 194,  42;
 253, 247, 117,  70, 233,  95,  87, 184, 113, 238, 181, 108,  91, 113, 143, 183, 152, 196, 228, 106, 233, 226, 249,  44, 234, 251, 101,  54,  74, 255,  94, 117;
   2,  60, 183,  30,  75, 233, 181, 206, 159, 215, 120, 169, 172, 252, 111,  15, 175, 123, 234,   3,  66, 101, 182,  97,   5,  22,  92,  59, 193,  89,   7, 255;
 248, 254, 120, 106,  56, 205,  83, 252, 178,  61, 164,  56,  55, 151,  72,  48,  29, 154,  68,  88, 106,  47, 234,  55, 251, 197,  53, 125, 112, 152, 198, 107;
 186, 229,  34, 168, 109,  99, 220, 111, 133, 110, 216, 187,  15, 141,  54,   1, 234, 153, 223, 231, 110,  39,   0, 151, 243, 209, 138, 255, 119,  28, 182, 218;
 197,  31,  58,  78, 200,  28, 119,  48, 233, 140, 111,  76, 114, 227,  23,  51, 180, 100, 108, 110, 228, 225, 184, 108, 115, 249,  65,   8,  66, 243,  98,  71;
  51, 236, 234,  22, 214, 147, 254, 228, 123, 198, 116, 167, 104, 248, 183,  16, 187, 235, 151, 215, 230, 251,  14, 239,  58,  15,  63, 139, 205, 118, 123, 207;
  35, 121, 119,  84, 119, 219, 166, 101, 237, 224, 242, 106, 120, 220, 180, 181,  58, 176, 210, 106, 225, 175,  52, 252,  55,  26,  69,  10,  79, 174, 227, 173;
 101, 207,  45, 110, 252,  15,  79, 190, 196,  76, 249,  76, 243,  97,  60, 113, 217, 194, 110, 110, 251,  43, 123,  63, 241, 175, 165,  28,  80, 251, 240, 104;
  72, 241,  17, 103,   1,  78,  87,  57, 105,  74, 239,   8, 222,  87,   8, 244, 144, 156,  88, 106,  89, 146, 249,   5, 231, 249,  64,   6,  74,   2, 134,  50;
 125, 253, 232, 102, 181, 223,  91, 176,  51, 232, 190,  13,  91, 253,  87,  48, 189, 252, 221, 254, 232,  58, 185, 190, 251, 221, 165, 252, 103, 167,  82, 123;
 216, 253,  85, 245, 162,  10, 108, 183,  49, 162, 146, 240, 159,   7, 129, 113,  39, 247,  29, 174, 233, 220, 209, 207, 246, 250, 230, 132,  46, 240, 128,  57;
 246, 203, 130, 162, 153,   4, 158, 230, 141,  21, 136, 155,  12, 174,  98,  66, 237, 211, 203, 211,  90,  15,  88, 226, 185, 212, 222, 123, 145,  87, 166, 202;
  45,  83, 105,  77, 116,  95, 127, 120,  69, 108, 125, 228,  83,   5, 147,  52,  30,  60,  23, 110, 193, 176, 125,  28, 103, 217,  33, 132, 127, 191,  86, 241;
  53, 205, 105,  79, 124, 147, 207, 252,  70,  72, 220,  70, 115, 104, 158,  36,  88, 202,  22, 239, 207, 178, 109, 191, 106,  15, 165, 144, 125, 155, 112, 236;
  71, 184, 189, 147,  96, 140, 169, 144, 238,  89,  19,  68, 188, 150, 216, 122, 167,   9, 123, 221, 131,  88, 191, 113,  13,  24, 186, 236, 144,   2,   1, 249;
  41, 145, 149, 127, 112,  78, 101,  53, 121, 105,  98,  76, 215,  55,   8,  50, 148, 110,   0,  12,  17, 248, 112,  13, 229, 254,  80,   0, 200, 242, 194, 184;
 116,  39, 249, 228, 168, 104,  89,  30, 162, 159, 172, 185,  55, 247,  73,  26,   7, 223, 109,  16,  26,  67, 226,   2, 217, 229,  53,  57, 160, 243,   6, 107;
  63,  75,  99,  76,  84, 211, 207, 244,  69, 196, 116, 130,  33, 200, 181, 164,  88, 232,  19, 235, 201, 178,  36, 140,  51,   8, 133,  32, 119, 188, 116, 236;
   0,   5,  46, 173, 148, 162, 173,  83,  20,   3,  94,   2,  17,  43,  48,  64, 120,  39,  19, 137, 176, 152,   1, 206,  96, 167, 186, 128, 181,  72, 177, 136;
  41, 125,  79, 161, 242, 147, 126, 119,  49, 192, 126, 231, 121,  31, 146, 176, 126, 175, 151, 236, 205, 154,  69, 157, 102, 203, 174, 192,  47, 150, 234, 217;
  15,  60, 175, 155, 112, 188, 187, 210, 190,  91,  87, 244, 253, 198, 187, 108,  55,  43,  95, 159, 167, 196,  46, 247,  68, 127, 186, 200, 142, 197,  33, 249;
 185, 212, 104, 111, 102,  23, 255, 252,  84, 106, 118, 178, 121,  93, 187,  32, 126, 208,  55, 239, 224, 180,  45, 159, 102, 201, 161, 132, 119, 190, 116, 249;
  40, 119, 120, 236, 110,  87, 223, 120,   1, 236, 189, 175, 123, 125, 151,  48,  94, 241, 215, 107, 200,  34, 124, 157, 115, 221, 161, 189, 119, 251,  86, 243;
  45, 125, 242,  68, 247, 171, 231,  87, 121, 192, 122,  44,  58,  56, 151, 180,  58, 238,  22, 120, 173, 186,  20,  46,  62, 126,   5,   2, 239, 254,  66, 143;
  75, 154, 244, 123,  33, 252, 120, 146, 175,  93,  95, 181, 172, 159, 214, 124, 166,  51, 253,  21, 134,  24, 179, 241, 207, 249, 122, 195, 150, 132,   5, 127;
 161,  88,  87,  28, 106, 207, 165, 230, 184, 226, 224,   8, 190, 148,   5, 187, 138, 117, 114,  78,  97, 255, 112, 126,  53,  26,  84,  18,  72,  56,  67, 248;
 142, 194, 126, 250, 229, 189, 120, 208, 255,  29, 117,  16, 142, 219, 108, 125, 167,  25,  23,  24,  18, 101,  42, 241,  71, 217,  82,  75, 210, 137, 197, 135;
 236, 112, 184, 113, 120,  15,  81, 152, 123, 185, 181,  24, 223, 223,  73,  58, 148, 220, 125,  88, 186, 118, 249,   2, 207, 249,  37, 124, 194, 161,  66,  35;
  65, 189, 186,  61,  48, 236,  49,  23, 238,  69, 106,   9, 183, 159,  66, 112, 166,  63, 125,  17,  22, 185, 178, 103, 237, 245,  58,  67, 200,  64, 135,  91;
 175,  52, 255,  82, 195, 254, 189, 195, 249, 215, 101,  18,  88, 252, 190, 191, 171, 235, 242, 158, 183, 254,  62, 230,  31,  27,  86,  67, 195,  69, 239, 246;
  59,  22,  98,  15,  82, 147, 187, 112,  85,  71, 253, 231, 105, 236, 190, 132, 126, 233, 134, 175, 133, 179,  44, 239, 118, 103,  42, 129, 127, 175,  44, 221;
  77, 154,  17, 187, 178, 187,  57,  49,  62,  77,  87, 252, 223, 230, 130, 204,  23,  59, 174,  20, 147, 152, 100, 149, 140, 247,  58, 192, 158, 142, 133, 113;
  55,  39, 195, 162, 214,  50, 234,  80,  97, 193,  91, 199,  81, 232, 251, 160, 126, 205,  23, 255, 157, 146, 140, 232,  56,  77, 175, 196, 173, 231, 186, 196;
  84,  43, 171,  39, 136, 108, 111, 144, 162, 230,  74,   1, 119, 237,  83,  26, 176, 109, 113, 207,  76, 210, 170,  32, 199, 237, 101,  45, 225, 243, 118, 226;
 230, 189, 164, 158, 207, 245, 150, 238, 155, 215, 136, 159, 236, 252, 111,  11, 205, 243, 243, 147, 118,  75, 250, 243,  57,  18, 223, 255, 149, 125, 183, 222;
 102, 121, 156, 171, 172,  45,  86, 187, 143, 186, 184, 104, 214, 122,  65,  90, 203, 231, 127,  83,  88,  99, 203, 160, 173, 222, 239, 250, 152, 123, 209,   3;
 192, 169, 190,  84, 201, 220,  52,  39, 233, 157,  38,  56, 174, 154,   6,  27, 160,  55, 234,   0, 102, 109, 178,  65,  23, 178,  84,  19,  64,   0, 199,  15;
 135,  15,  14, 189, 252, 178, 174,  99, 156, 194, 219, 215, 213, 234, 178, 203,  78, 101,  27, 167, 245, 211,  68, 204, 180,  98, 235, 192, 156, 101, 185, 212;
  94,  14,  83,  76,  91, 114,  58,  74,  57, 160, 254, 234,  72, 134, 133, 252,  55, 245, 238, 240,   0,  19, 165, 222,  22, 118,  67, 199, 167, 231,  47,  37;
  37, 123, 203,  79, 240,   2, 111, 216,  50, 200, 125, 230,  81, 227, 249,  52, 126, 236,  22, 254, 129, 146,  44, 106,  60,  44, 165, 128, 173, 243, 114, 241;
 173, 241, 145, 235, 173,  31, 198, 221,  95,  57, 113,  92, 222, 216, 216, 172, 156,  90, 222,  91, 203, 224,  91, 176, 167, 217,  52, 254,  90, 159, 219, 165;
 146, 124, 175, 117, 131, 255, 181, 214, 188, 202, 126,  49,  54, 189,   7,  57, 165, 123, 245,  81, 160, 220,  50, 106,  79, 111, 116, 131, 225, 113,  71, 251;
 200, 237,  55,  84,  81, 207,  45, 103, 184, 194,  98,   8,  60, 150,  33, 113, 162, 183,  91,  72,  97, 223, 178, 126, 245,  34,  94,  48,   0,  16, 135, 232;
 131, 161, 183,  86, 203,  84, 188, 239, 187, 187, 160,  24, 172, 190,  76, 191, 163,  91, 123, 129, 115,  79, 178, 227, 153,  88,  95, 122,  64,   4, 167, 239;
 120, 225,  27, 100, 176,  78,  71, 245,  98, 168, 170,  72, 215, 179,  64,  50, 144, 252, 108, 120,  89, 251, 152,   8, 249, 233,  37,  48,  64,  34, 194,  42;
 222,  12,  87, 199, 147, 242,  42, 160, 181, 128, 143, 162,  79, 119, 137, 245,  55, 247, 204, 250,  57, 129,  13, 238, 186, 230,   7,  67, 166, 231,  45,  52;
 127, 161, 224,   6, 139,  59, 148, 237, 107, 243, 168, 137,  75, 104,  95, 190, 191, 199, 224,  21, 133,  99, 191, 128,  26,  95,  93,  63, 197, 118, 203,  92;
 252, 249, 189,  96, 140,  77, 215, 216, 226, 252, 180,  13, 151, 221,  91,  11, 137, 201,  93,  95, 202, 103, 250,  32, 249, 137, 101, 124, 193,  59, 215,  98;
  81,  13, 233, 205, 158,   2, 207,  61,  86, 224, 222,   2, 243, 232, 245,  96, 122, 238,  61, 248, 185,  43, 237, 202, 248,  45, 167, 152, 181, 186, 241,  40;
   2, 132,  36, 159, 161,  98, 188,  39,  28,  23,  75, 179, 236,  62,  32,  73, 201,  19, 179, 129,  50, 220,  67, 215,   5,  50, 218, 131, 148,  92, 181,  90;
 215, 125,  70, 156, 233,  20, 190, 109, 185, 202, 180, 221, 232, 234, 151, 223, 238, 229, 255, 238, 253, 199, 210, 238, 178, 123, 207, 154,  11,  53, 171, 150;
  11,  60, 179,  49,  53, 253, 176, 198, 255,  91,  18,  92, 142, 156,  85, 172, 165,  63, 254,  17, 183, 253, 178, 242, 143, 255,  26,  83, 202,  77,  11, 159;
 246,  69,  96, 232, 149,  55, 206, 200,  85,  98, 249,  26,  11,  72,  61,  33, 120, 202,  95, 227, 248,  39, 124, 190, 179, 220, 128,  60, 119, 127, 242,   6;
 110, 163, 232,  80, 237, 217, 184, 141, 235, 117,  53, 185, 137, 236, 222,  30, 175, 195, 231, 213, 150, 106, 174, 241,  30,  89,  29, 239, 215, 133, 223, 215;
  75, 151,  51, 217, 178, 190,  57,  63, 189,  77,  87, 245, 223, 247, 170, 228, 183,  63, 223,  44, 183, 153,  36, 223, 174, 255,  58, 198, 142, 132, 133, 117;
   9, 125,  58, 108, 112, 212, 123, 242, 225,  76, 124,  36,  61, 215, 163, 112, 182,  57, 151, 206, 195, 154, 176,  63, 119, 205,  34, 137,  58, 131,  38, 251;
 189,  86, 106, 111,  38,  19, 255, 252,  85,  38, 119, 178,  91,  93, 187,  33, 127, 220, 151, 238, 232, 181,  45, 159,  98, 239, 229, 132, 119, 187, 112, 225;
  88, 153,  59, 182, 178, 200,  49,  39, 236, 205,  94,  33, 191, 159,  34, 112, 162,  63, 125,  65,  82, 153, 178,  47, 233, 165,  58, 193,   0,   2, 167, 123;
  51, 185, 120,  90,  61, 157, 210, 105, 235,  73, 253,  10, 122, 216, 190,  52, 186, 171,  94,  67, 159,  43, 254, 253,  58,  28,   0,  91,  93,  10, 250, 142;
 135,  92, 237,  85, 182, 122, 237, 182, 124, 218,  30, 242, 184,  61, 151, 111,  39, 102, 125, 157, 161, 220,  37, 238, 110,  43, 255, 128, 167, 240,  85, 125;
 254, 104, 252, 118, 203,  62,  92, 180, 187, 187, 179,  89, 127,  57,  92,  27, 163, 247, 253,  67,  60, 103, 155,  32,  91, 251, 125, 179, 231, 119, 206,   3;
 209, 237, 137,  18, 162, 110,  15, 182,  60, 111,  78,  24, 149,  54, 130, 125,  39,  71, 124, 206, 113, 204, 165,  34, 225, 175, 126, 216, 128, 209, 131, 121;
  88,  89, 222, 254, 131, 216,  54,  71, 172, 132, 238, 162,  44, 183, 161, 222, 166, 119, 235,  64,  80, 137,   2, 232, 115, 227, 118, 131, 162, 117, 173, 171;
 164,  64, 127, 122, 237, 237, 248, 200, 239,  17,  97,  17, 158, 219, 125,  25, 171,  17,  66,  82,   2, 101,  26, 241,  71, 217,  82,  77, 208, 153, 231, 130;
 212, 178, 156, 177, 170,  45,  20, 155, 190, 251, 147, 247, 207, 238,  72, 203, 167,  87, 237,  21, 183,  69, 219,  16, 216, 227, 127, 246, 168, 121, 137,  19;
  44,  17, 188, 110, 217, 117,  85,  25,   7,  17, 173,   8, 251, 127,  73,  58, 217, 154, 243, 176,  26,   2, 123, 145, 203, 255, 197,  61, 243, 107, 198, 178;
 124, 249, 122, 226, 116, 223,  91, 176, 113, 232, 126, 105, 127,  93,  17,  48, 158, 252,  85, 126, 200, 186, 248, 173, 251, 221, 165, 225, 102, 171,  86, 123;
  66, 155, 183, 252, 170,  12, 190, 183, 175,  27, 186, 229, 237, 255,  36, 210, 167, 119, 255, 197, 209, 169,   2, 239, 178, 254, 126, 146, 216, 244, 167,  27;
 231, 194,  20, 155, 188, 159,  66, 156,  95, 121, 177, 125, 206,  72, 159, 125, 208, 192, 108,  95, 174,  37,  79, 181, 174, 218,  20, 254, 218, 159, 216,  13;
 144, 205,  46, 181, 150, 130, 109, 183, 180,   2, 210,  18, 181,  43,  48,  65,  98, 163,  31, 129, 248, 157,   1,  47, 248, 163, 254, 192,  37, 152, 177,   8;
 116, 107, 152, 166, 188,   9,  87, 132, 171, 160, 184, 104, 215, 251,  65,  82, 198, 247, 109,  82,  88,  43, 201,  42, 188, 148,  37, 122, 228, 251, 195,   9;
 160, 230, 188, 223,  76, 137, 176,  79, 218, 179, 129,  26, 166,   9,  92,  11, 201,  18,  67,  17,  98, 110,  66, 155, 133,  18, 222,  51,  85,  72, 213, 138;
 131, 189,  19,  89, 241, 172, 169, 119, 189,  13, 124,  84, 188, 147, 164,  20, 165,  43,  19,  28, 179, 152,  48, 127,  45,  28,  22, 194, 202, 132, 163, 253;
 109, 191, 117, 103, 117,  95,  87, 184,  97, 236, 127, 172, 219, 124, 151, 180,  30, 212, 228, 110, 205, 176, 253,  12, 110, 255, 101,  22, 111, 175,  78, 117;
 245, 221,  61, 237, 220, 142,  71, 190, 196,  36, 238,  12, 115, 113,  49, 113, 208, 102, 106, 110, 232,  59, 113,  61, 253, 171, 101,  84,  80,  56, 208,  98;
 170, 166, 249, 108, 120,  97, 185, 107,  59,  23, 124, 177,  41, 175, 196,  16, 127, 155, 167, 128,  50, 122, 230, 215,  95, 215, 186, 237, 245, 192, 231, 225;
  45,  95, 105,  79, 116, 159, 239,  48, 100, 232, 127, 228, 243,  69, 183,  36,  30, 188,  23, 238, 201, 176, 125,  60, 103, 201, 161, 128, 127, 171,  82, 241;
 200,  78,  76, 101,  32,  42, 111,  48,  49, 166, 118, 205, 219,  39, 147,  91,  54, 228, 109, 238, 168, 148,  85,  10, 198, 235, 224, 128, 111, 243,  66,  56;
 108, 172,  28,  97,  56, 107,  67, 178, 112, 177,  43,  24, 215,  51,  64,  18, 145,  84, 108,  56,  56, 124, 201,  46, 205, 135,  97, 116, 192,  33,  66,  34;
 120,  32, 147, 118,   9, 205,  68,   5, 227, 185, 163,   8, 166, 147,  64, 218, 128, 230, 108,   8,  74, 107, 146,   1, 145, 208,  85,  56,  64,   2, 194,  42;
 205, 244, 181, 115, 169, 125,  21, 188, 123, 127,  37,  24, 254, 117,  72,  63, 149,  83, 124,  90, 243, 100, 251,  51, 207, 219, 117, 126, 194,  81, 135, 107;
 195, 106, 172, 181,  29,  13, 216,   6, 223, 183, 130, 159, 167,   8,  83,  11, 137, 165, 127,  21, 174, 109, 215, 130, 204,  87, 223,  49, 204,  44,  89,  78;
  67, 188, 179, 208, 151, 253, 176,  71, 255,  81,  74,  24, 172, 188, 100, 172, 165,  51, 250,  17,  23, 105,  50, 247, 157,  86,  26,  75, 202,  76, 141, 190;
  52,  88, 223, 251, 202, 103, 117,  86,  22,  51,  98,  34,  53, 159,  33,  89, 238, 187,  51, 194,  16, 208,  83,  48,  87, 227, 242,   1, 241,  89,  36, 154;
 250, 112, 109,  78,  77,  89, 215, 104, 225,  86, 181, 159, 123,  93,  30,  55,  72, 148, 219, 227, 236, 103, 255, 221, 119,  41, 192,  57, 103, 159, 118, 246;
  15,  52, 110, 249,  52, 188, 121,  27, 255,  73,  87, 180, 253, 223, 179, 108,  55,  43, 127, 157, 183, 129,  46, 223, 206, 127, 187, 200, 150, 197,  57, 241;
 117, 128, 216,  90, 221, 184,  82, 137, 251,  63, 181,  56,  74, 248, 206,  62, 155, 206, 100,  16,  30, 107, 254, 243,  26, 254,  21, 127, 243,  67, 234, 134;
 109, 241,  25,  69,  65,  94, 118,  48, 105, 104,  47,   8, 158,  51,  12, 180, 144,  20,  88, 106,  81, 176, 241,  65, 103, 253,   1,   6,  74,  34, 202,  54;
 164, 244,  21, 187, 155, 239, 149, 207, 158,  55, 161,  21, 182, 208, 105,  75, 193,  27,  74,  48,  34, 101,  91,  19, 169, 130,  85, 126, 216,  88, 133, 154;
  42,  71, 110, 168, 221,  67, 220, 109, 133, 109, 245, 139,  75,  13,  58,  17, 200, 145, 215, 225,  92, 171,  64, 156, 247,  83, 250, 253, 119, 158, 246, 218;
 120, 121, 123,  96,  58, 207,  91, 112, 160, 236, 180, 169,  55, 221,   3,  48, 142, 185, 213, 106, 200, 131, 224,  12, 211, 201,  33, 185, 102, 162,   6, 115;
  83, 191, 168, 168, 255, 181, 155,  79, 139,  69, 152,  45, 172, 234, 118,  80, 231,  43, 255,  21, 150,  11, 210, 243, 184,  85, 158, 251, 156,  70, 191,  95;
  23, 163,  66,   1, 242, 155, 170, 208, 111,  37, 123, 239,  73, 136, 222, 132,  62, 141,   6, 255, 150, 176,  12, 222,  60,  12,  41, 228, 111, 135,  11, 133;
 232, 169,  26, 102, 248, 142,  70,  53, 240, 160, 162,  72, 214, 243,  64,  18, 128, 124,  72, 106, 120, 235, 192,  46, 233, 177,  37, 120,  64, 162, 194,  40;
 226, 207, 226,  94, 227, 240, 188, 231, 185,  19, 124, 179,  40, 238, 166, 239, 239, 123, 179, 131, 118,  94, 174, 227,  54,  50, 222, 139,  71, 116, 175, 159;
   2,  57, 191, 158, 139, 249, 177, 202, 142,  59, 152, 170, 190, 244, 101, 174, 175, 115, 250,  17,   2, 105, 250, 113, 133,  20,  30,  59, 208,  75,   5, 127;
 232, 181, 189, 113, 233, 237, 117, 151, 250,  63,  38,  24, 190, 181,  66,  27, 129,  86, 106,  24,  50, 107, 242, 113,  79, 251, 116, 121, 194, 208, 199, 235;
 185, 229,  71, 167, 246, 147, 108, 117,  53, 192, 122, 199, 121,  47, 144, 177, 126, 175,  55, 236, 253, 216, 101, 159, 102, 203, 230, 128,  47, 150, 242, 217;
 201, 204,  19, 244, 161, 174, 108,  55, 185, 170, 162,  80, 191,  51,   1, 245, 133, 247, 124, 138, 105, 221, 128, 239, 165, 255, 254, 128,  10, 240, 193,  41;
  33, 145, 157, 103, 244,  15, 103,  49,  98, 105, 111,  84, 211, 113,  24,  50, 144, 100, 114,  76, 145, 184, 241,   7,  47, 189,  32,  64, 200, 131, 194, 176;
  70, 114, 160, 130,  79,  80, 154, 200,  11, 117, 129, 175, 140, 222, 127,  74, 255, 221, 187, 211, 142,   3, 250, 208, 153,  20, 139, 255, 149,  23, 181,  87;
   8, 176,  61, 249,  56, 198,  57,  27, 254,  89,  68,  48, 189, 159, 226, 105, 135,  25,  63,  16,  18,  76,  51,  85, 207, 187,  58, 228, 148, 128,   5, 251;
 252, 167, 121, 112, 248, 237,  81, 223,  50, 189,  44,  24,  23, 135,  64,  18,  39, 154,  69,  24,  58,  90, 162,   6, 249, 141,  53, 108, 224, 192, 198, 235;
   8,  44,  63, 124,  67, 217,  49, 230, 188, 134,  70,   0,  44, 183,  33, 189,  35, 123, 195, 136,  96, 221, 178, 239,  87, 231,  82,   3,  34, 116,  39, 250;
  95,  25, 214,  86, 211, 150, 114, 224, 237, 129, 167,   6, 106, 250,  47, 255, 182, 231, 234, 242,  53, 193,  63, 236,  58, 126,  68,  67, 235,  39,  43,   6;
 236, 112, 188, 113, 104,  79, 113, 152, 123, 184, 181,  24, 223, 223,  73,  59, 148,  92,  93, 122, 234, 244, 249,   0, 207, 219, 117, 116,  66, 145,  70, 179;
  75, 152, 112, 251,  49, 188, 120, 144, 175,  89, 119, 161, 172, 159, 222, 124, 166,  59, 189,  21, 134,  24, 170, 241, 207, 249,  58, 194, 150, 135,   5,  95;
 151, 124, 199, 189, 168, 114, 172, 238, 172, 218, 210, 245, 205, 190, 215, 171, 239, 101, 127, 167, 229, 197, 199, 224, 150, 122, 255, 130, 140, 116,  43, 221;
 113, 173,  97, 239, 148,  66,  79, 111,  83, 229, 223,  10, 243,  40, 148, 116,  94, 238,  21, 185, 250, 250, 237, 159, 185, 254, 143,  64,  39, 138, 240, 108;
 188,  80, 247, 115, 167, 234,  81, 136, 119,  83, 103,  48,  91, 213,  29, 125,  19,  28, 181,  27,  43, 244,  61,  49, 195, 251,  80,   6, 231,  85,  86,  99;
  56, 167, 104,  40, 215, 227, 215, 255,  87, 109, 124, 139,  19, 173, 126,  16, 121, 138, 135,  53, 222,  58, 108, 159, 123,  69, 165, 253, 119,  78, 214, 210;
  80, 186, 156, 186, 168, 172,  80, 159, 183,  31, 169, 125, 167, 243,  72,  90, 129, 215, 109,  16,  26,  75, 203,  51, 218, 247, 127, 251, 136,  64, 167,  11;
  49,  55, 113,  69,  50,  91, 163,  63, 108, 232, 254, 224, 211,  52, 132, 164,  62,  20, 110,  40, 129, 184, 101,  28,  36, 254,  33, 148, 101, 138,  71, 253;
 133, 253,  55,  90, 253, 157, 190, 238, 223, 216, 124,  96, 236, 218, 253,  37, 157, 123,   6,  91, 247, 120,  42, 255,  47,  30,   7, 110, 210,  95, 227, 173;
 176, 236,  30, 178,  18, 207,  87, 238, 182,  54, 160,   9,  55,  67,  42,  81, 177, 153,  73, 226, 106,  79,  24,  63, 249, 195,  31, 125,  48,  16,  39, 138;
 190,  61,  99,  78,  95, 123, 243, 232,  19, 228, 253, 139, 104, 253,  61, 180, 120, 254, 211, 226,  41, 243, 248, 255,  63,  22, 129,  43, 103, 111, 118, 246;
  57, 111, 115,  68, 243, 218, 190, 119, 233, 200, 126, 104,  58, 246, 165, 181,  62, 255, 134, 232, 229, 186,  36,  76,  63,  57,  37,   1,  99, 242, 239, 173;
 178, 174, 104, 121, 184, 227, 249,  75,  22,  39, 252, 179, 145, 175,  64,  24,  79, 155, 135, 144,  58, 250,  99,  87, 207, 135, 186, 237, 245, 192, 166, 176;
 224,  63,  19,  69,  32,  11, 100,  51, 224, 160, 170, 104, 150,  49, 192, 146,   0,  52, 104,  40,  64, 169, 128,  14, 161, 164,  33,  48,  72, 224,  66,  32;
  85, 235,  90, 166, 188, 137, 127, 160, 168, 160, 186,  40, 247, 227, 193,  82, 150, 237,  76, 122,  72,  43, 200,  44, 252, 133,  39,  56,   4, 187,   3,   9;
 250, 162, 172, 164,  13,  79,  81, 105, 131, 244, 133,  25, 199, 205,  90,   3, 216, 132, 237,  39,  72, 103, 219, 128, 219, 209, 193, 125,  98, 174,  86, 114;
 236, 112, 189, 113,  40,  79, 113,  24, 227, 184, 183,   8, 223, 211,  73,  59, 132, 212, 125, 106, 202, 229, 251,   0, 199, 219, 117,  52,  64, 177,  70,  35;
 101, 129, 185,  73, 236, 109, 195, 154,  67, 121, 188,   8, 210, 113, 221,  52,  89,  92, 110, 106,  11,  34, 251,  17,  77, 156,  33,  60, 210, 251,  70, 160;
 233, 110,  18,  68, 112,  27,  70, 180, 114, 170, 162, 104, 102,  83, 193, 151, 145, 108, 108, 106, 105, 246, 201,  46, 168, 210,  37,  54,  72, 177,  74,   9;
 189, 196, 110, 119,  38,   3, 222, 248,  85, 162, 247, 131,  83, 105,  61,   9, 127, 212,  53, 238, 232, 247,  29, 188, 242, 235, 197,  21, 117, 187, 120,   0;
 240,  93, 126, 253, 174,  74, 117, 166, 244, 182, 254,  42, 247,  51,  33, 115,  98, 246, 108,  98, 104, 249, 225,  60, 241, 235, 101,  17,  52, 120,  69,  43;
  67, 201, 158, 174, 168,   8, 174, 230, 174,   1, 170, 128, 188, 162,  32, 114, 166, 119, 123, 207,  84,   9, 130, 107, 180, 183, 126,   8, 136, 114, 171, 136;
 164,  73, 190, 234, 205,  13, 246, 200, 238,  18, 169,   1, 147, 217, 125,  27, 232, 209,  75, 114,  66,  33,  26, 112, 115, 153,  70,  45, 209, 123, 225, 130;
 136, 164, 149, 247,  13, 237, 133,  75, 222,  55, 161,  25, 166,   9,  72,  11, 201,   2, 106,   1,  50, 109,  91,  19, 197, 146,  83,  53, 208,  72, 213, 130;
 220, 245, 254, 124, 136,  92,  87, 184, 179, 158, 166,  24, 211, 247,  75, 123, 149, 212, 253, 106, 236,  69, 186,  10, 235, 235, 101, 157, 162, 243, 134,  99;
 204, 254, 181, 113, 169,  61, 117, 158, 123, 191,  52, 120, 222,  53, 204, 191, 133,  85, 252,  58, 179, 116, 187,  83,  79, 219, 117, 246, 194, 241, 199, 103;
  66, 188, 179, 216, 211, 253, 176,  71, 255,  81,  72,  16, 172, 158, 100, 236, 161,  59, 186,  17,  55, 105, 178, 243,  27,  22,  26,  75, 208,  68, 173, 190;
  20,  24, 157, 185,  18, 203, 121,   3,  52,   5,  98, 177, 215,  87,   9,  88, 124, 185,  55, 145,  56, 212,  65,   8, 197, 167, 250,  64, 176,   0,  37, 114;
  41,  12, 140, 187, 141, 191,  68,  39, 150, 183, 174,  16, 231,  35,  35, 207, 193,  34, 170,  12,  60, 236,  83,  60, 205, 215,  84,  81, 146,  76,  88,  74;
 126, 180, 145, 182, 139, 109, 145, 202, 154, 187, 145,  24, 222, 252,  72, 138, 189,  95, 249,  19,  51, 103, 154,  98, 153, 151,  93, 127, 192, 109, 139, 130;
 254, 125, 124,  94,  79, 215, 159, 248, 129, 126, 181,  46,  24,  29, 151,  63, 204, 245, 223, 227, 233, 103, 122, 253,  83,  41, 233, 190,  87,  63, 118, 243;
  87,  26, 199, 150,  98,  18,  42, 240, 169, 196, 211, 231,  76, 230, 191, 222, 118, 229, 191, 247, 133, 211,  12, 232,  28,  38, 239, 134, 175, 183,  43, 213;
  88,  97, 147,  98,  17, 201,  65,   5, 107, 165, 171,   8, 174, 147,  64,  28,  48, 174, 104,  24,  10,  11, 130,   0, 145, 244,  21,  58, 194,   2, 135,  42;
  57,  63, 122, 236, 114, 214, 123, 242, 101,  72, 124,  32,  63, 223, 179, 112, 118, 121, 151,  72, 131, 154,  48, 189, 243, 237,  32, 137,  54, 131, 102, 251;
 244,  99, 249,  58, 203, 105, 210, 204, 115, 245, 161,  25,  66, 236,  79,  26, 153, 206, 228,  82, 158,  99, 255,  50,  91, 220,  85, 127, 225,  89, 198,  70;
 131, 157,  95,  95, 211, 199, 181, 119, 189,  66, 110,  20, 124, 247,  36, 117,  35,  59,  19, 136, 115, 156,  18, 127, 103,  46,  82,   2, 123,  64, 161, 187;
 101, 249,  24,  69, 117,  31,  99,  48, 105,  32, 110,  12, 150,  18,   4,  48, 144,  76,  64, 110, 197, 184, 241,  12, 103, 249,   0,  70,  72,  35,  67, 134;
 122, 189,  41, 168, 122, 197,  91, 126,  14,  69, 200, 143, 191, 143,  50,  80, 246, 171,  23,  85,   2,  11, 112, 189, 249, 196, 138, 248,  60,   6,  55, 251;
 232, 184, 189, 115, 237, 253, 117, 159, 250,  63, 164,  24, 190, 181,  64,  27, 129,  86, 235,  24,  50, 109, 251,  51,  79, 219, 116, 121, 194, 192, 199, 171;
  66, 156,  62, 248,  19, 229,  17,  55, 180,  13,  78,  49, 188, 191,  34,  80, 199,  51, 185, 145,  50, 156, 115,  87, 205, 183, 186, 195, 144,   0, 165,  91;
 135,  58, 175, 151, 174,  58, 173, 146, 254, 246,  87, 246, 245,  54, 151, 107, 103, 103, 126, 159, 161, 213, 239,  96, 140,  43, 255, 128, 132, 241,  53, 253;
 231, 195,  68, 186, 172,   9,  78, 156, 223,  62, 177, 221, 199,  72,  31,  91, 211, 194, 109, 119, 238, 101,  79, 179, 162, 218,  69, 190,  92, 223, 216,   5;
 229,  92, 205, 101,  32, 110, 111,  16,  49, 234, 246, 205, 243,  35, 147,  27,  16, 228, 125, 238, 169, 212, 209, 106, 198, 251, 224, 128, 232, 241,  66,  89;
 125,  61,  96, 101,  87, 127, 123, 184,  97, 232, 126, 142,  91,  45, 151, 180,  62, 204, 246, 110, 133, 176, 125,  60, 127, 239,  33, 132, 111, 175,  78, 253;
 122,  60,  18, 254,  25, 229,  94,  75, 191, 142, 172,   9, 175, 255,  33,  80, 221, 251, 221, 131,  10,  11, 210, 251, 243, 245, 139,  59, 130, 119,  38,  90;
  79,  48, 112, 235,  99, 188, 120,  24, 175,  89, 125, 165, 173, 223, 255, 120, 166,  57, 149,  23, 134,  16, 170, 209, 199, 217,  42, 234,  22, 135,   7, 247;
 112,  89, 185,  69,   5, 237, 117,  23, 107, 224,  46,   8, 182, 181,  69,  54, 160, 118, 121,   8,   1,  56, 241,   8, 245, 156,  69,  50,  98, 120,  86, 122;
 250,  48,  62, 224,  43, 205,  89,  80, 161, 172, 180, 169,  31, 159,  65,  27, 140, 177, 221,  65,  72,   7, 210, 132, 211, 201,  32, 187,  96, 136,   6, 115;
  37,  73, 105, 103, 116,  11, 239,  48,  84, 224, 119,  66, 115,  93, 145,  32,  94, 252,  23, 238, 201, 176, 109,  61, 101, 169, 161, 128, 117, 187,  80, 160;
   0, 130, 191, 241,  48, 234, 121,  27,  62,  53, 114, 177, 157,  15,  32,  73, 231,  29,  61, 144,  50, 220,   1,  85, 205, 183,  58,  69, 144, 128,  37, 123;
  34, 189, 107, 202, 245, 227, 179, 255,  23, 237, 124, 187,   0, 189, 118,   4, 221, 186, 147,  49, 178, 186,  40, 223, 127,  20, 149, 239, 215, 206, 246, 251;
 120, 249,  24,  98,  72, 173,  87, 252, 163,  44, 172,  13,  55, 195,  73,  16, 132, 210, 109,  66,  74,  43, 218,  53, 251, 197,  33,  61, 112, 147,  70,  10;
 214,  28, 158, 188,  10,  34, 190,  67, 140, 146, 154, 162, 117, 254,  33,  75, 103, 117,  63, 163,  96, 197,   3, 200, 208, 163, 235, 128, 181, 113,  33,  17;
 175, 205, 231, 215, 230,  18, 111, 181,  21, 218,  95, 210, 105, 103, 189, 247, 119, 246, 183, 238, 225, 210,  45, 239,  46, 126, 199, 132, 167, 247, 240, 117;
  13,  46, 128, 159, 180, 191, 106,  17,  86, 235,  79, 212, 241,  96, 145, 236,  81, 110,  56,  28, 141, 212,  79, 170, 142, 255, 189, 128, 142, 222, 216, 156;
  84, 178, 153, 186, 184, 140,  81, 157,  59,  93, 225, 124, 183, 243,  74,  80, 151, 255, 108,  16,  27,  78, 218,  51, 216, 181,  55, 122, 136,   2, 143,  25;
 229,  97,   1, 101,  29,  63, 202,  24, 116, 224, 227,  92, 211,   0, 157, 180,  88, 204, 104, 110, 173, 176, 253,  10,  37, 252, 129,  20,  73, 187,  82,  36;
 182, 125, 103,  94, 223, 251, 183, 236, 155, 230, 252, 175, 104, 253,  37, 181, 123, 254, 211, 227,  33, 243, 252, 255,  55,  22, 135,  63, 247, 127, 118, 254;
  49, 167,  97, 170,  29, 237, 211, 236,  95,  69, 185,  11, 114, 200,  62,   0, 216, 138,  71, 127, 158,  35, 106, 253, 251,  28,   1, 125,  85,  15, 246,  74;
 169, 133, 111, 223, 214, 211, 239, 117,  52,  66, 119, 147, 121, 111, 154, 225, 127, 238,  51, 238, 253, 252, 125, 255, 118, 235, 246, 128, 127, 136, 248, 216;
 248, 167,  57, 112, 184, 237,  85, 119, 179, 189, 172,  24,  55, 135,  64,  17,   5, 158,  69,  24, 122,  75, 242,  22, 251, 197,  53, 120, 224, 192, 134, 234;
  84,   1,  28, 174, 138,  41,  86, 104, 164,  38, 137,   9, 231,  99,  11,  91, 160, 227, 109, 226,  28,   3,  75,  56, 209, 195, 107,  57, 176, 115,  15,   2;
 138, 180, 180,  90, 105, 252, 176, 167, 187,  95, 101,  29, 172, 252,  14,  31, 133,  19, 243,   1,  54,  76, 186, 247,  15, 115,  88,  75, 194,   4, 143, 223;
 145,  19, 127,  69,  54,  11, 235,  53, 108,  44, 118, 228, 243,   5, 148, 101,  54,  52, 110, 108, 241, 185,  37,  14, 230, 232,  34, 208, 100, 138,  69, 121;
  81, 201, 154, 174,  24, 132,  46, 228, 174,   1, 202,   0, 245, 162,  32,  82, 226, 231, 106, 205,  70,  11, 146, 109, 249, 165, 142,   8,   0,  18,  33,   8;
  88,  60,  59, 244,  19, 235,  51,  99, 173, 132, 239,  40,  62, 255,  33, 112, 162, 181, 203,   0,   0, 169, 176,  78, 211, 229,   3,  27,  96,  35,  39,  34;
  58, 229,   3, 232,  81, 143, 106, 127,  23,   1, 104, 203,  60, 151,  32, 148, 124, 185, 147, 156, 123, 154,  16, 223, 187, 220, 140, 238,  51, 142, 226, 184;
 165,  20, 189,  77, 236,  47, 197,  25,  86, 122, 181, 120, 210, 113, 153,  43,  89,  64, 118,  42, 185,  38, 107,  27,  69,  10,  97,  60, 217, 249, 208, 161;
   1, 127, 123, 111, 118, 139, 123, 116, 100,  64, 124,  34,  51, 221, 177, 112,  62,  56,  23, 104, 194, 184,  32,  63, 103, 173,  32, 128, 117, 130, 102, 169;
   7, 140, 164, 147, 166,  42, 188, 162, 140, 243,  27, 135, 204, 110,  27,  75, 167,  71, 187, 183, 148, 208,  15, 228,  12,  18, 223, 198, 132, 127, 145,  81;
  23,  26, 199, 134,  82,  18, 170, 120, 168, 196, 211, 231,  72, 230, 247, 206, 118, 229, 123, 247, 133, 195, 188, 200,  24,  38, 203, 204, 173, 167,  35, 213;
  28, 104, 104,  99, 118,  57, 123, 144, 101,  64, 181, 130, 185,  79, 155,  56, 110, 145,  95, 254, 138,  36, 125, 243,  87, 205, 162,   5, 119, 147,  98, 224;
  75, 160, 184, 186, 237, 188, 112,  67, 235,  91,  33,  25, 188, 154,  78,  59, 129,  27, 250,  17,  22, 110, 210, 209, 207, 217,  82, 107, 218,  68, 139, 142;
 108, 113, 189,  99,  41,  77,  85,  24, 235, 184, 167,   8, 223, 215,  73,  58, 132, 212, 124,  74,  72,  37, 251,   0, 195, 217,  65,  60,  66, 179,  70,  34;
 230, 143,  68, 176, 172,  47,  78, 171, 255, 186, 179,  93, 203, 105,  93,  91, 129, 199, 111, 103, 252,  99,  75, 184, 170, 218,  69,  52,  88, 253, 218,   4;
 246, 112, 157, 164, 169, 108,  85, 218, 187, 254, 180,  60,  94, 255,  75, 154, 173, 213, 253, 115,  15, 103, 155,   0, 217, 211, 125,  62, 200, 113,  15,  83;
 219, 184,  18, 176,  11, 148,  56, 102, 185,  73, 194,  85,  44, 218, 102, 208, 164, 171, 249, 149,  22,  79, 146, 231, 147, 241, 154,  75,  10,   4,  43,  31;
 101, 121, 249,  65, 228,  95,  70, 159,  67, 232, 120,  72, 147, 184, 213, 176,  89, 236,  54,  24, 205,  50, 244,  18,  47, 157,  37,  60, 253, 248, 210, 172;
 197, 254, 189,  83, 169, 191,  53, 150, 251, 191,  54,  92, 158,  55,  69,  63, 165, 119, 124,  26, 225, 124, 187, 114,  79, 219, 117, 246, 202, 241, 131,  61;
  33,  99,  41, 101,  84,  15,  99,  52, 104, 232, 106,  72, 147,   1,  21,  48, 152,  44,  64, 108, 200, 184, 113,  12, 103, 253,   0,  16,  64, 154,  66, 168;
   0, 174,  12, 249, 144, 239, 121,  39, 190,  37, 238, 145, 183,  39,   2,  80, 205,  51,  75, 132,  58, 152,  81,  29, 237, 247, 154,  81, 144, 128, 132, 218;
 244,  45, 249,  49, 203, 105,  86, 142, 115, 179, 168,  25,   7, 189,  69,  27, 155, 223, 229,  83,  26, 122, 219,  48, 187, 209,   5, 127, 225, 113, 206,  18;
 166, 205,  70, 154, 204,   1, 142, 232, 128,  18, 209,   2,  64, 232,  61,  75,  88, 194,  23, 227, 120,  35,  10, 241,  48,  40, 207, 188,  21, 123, 240, 128;
  31,  31, 231, 151, 230, 178, 170,  82, 244, 194,  91, 231,  73, 234, 183, 239, 102, 109, 178, 223, 165, 209,   5, 236,  12,  98, 239, 128, 175, 231,  57, 149;
 252, 117, 245, 100, 169, 102,  84, 191, 179, 250, 162, 125,  75, 255,  69,  91, 135, 213, 253,  34, 237,  71, 155,  10, 251, 251, 101, 191, 170, 112, 230,  27;
 122, 185,  16, 188, 185, 141,  86, 255, 191, 136, 168,  13, 174, 255,  65,  80, 220, 255, 221,  64,  10,  11, 218, 253, 243, 245,  25,  59,  26,  87,  46,  27;
 178, 207, 123, 126, 114, 194,  63, 103,  53,  14, 124, 178, 105, 247, 162, 117, 126, 251, 150, 226,  96, 159,  36, 127, 114, 231, 234, 139,  55, 242, 166, 169;
 209, 133, 147, 222, 159, 148, 100,  39, 249,   3,  98,  80, 174, 242,  44, 247, 161,  35, 104,   8, 119,  79, 146, 227, 179, 254,  86,  10, 138,  64, 169,  14;
 203, 139, 134, 190,  45, 152,  56,  39, 171, 217, 202, 245, 172, 170,  38, 210, 196, 103, 253,   5, 148,  73, 130, 225, 132, 114, 222, 155, 136,  68, 155,  79;
  69,  82, 254, 215, 174,  62, 189, 151, 254, 215, 151, 180, 245, 103, 155, 107,  39, 118, 127, 157, 177, 197, 255,  96, 206, 235, 255, 128, 140, 240, 153, 113;
  85, 235,  27, 164,  56, 142, 127,  96, 168, 128, 170,  72, 247, 195,   1,  80, 182, 109,  76, 110,  64, 161, 136,  46, 248, 165,  47,  56,   0, 179,   3,   8;
  32, 182,  89, 123, 112, 239,  99,  90, 119,  77, 125, 124, 115, 213, 136,  16,  29, 170,   6,  56, 187, 186, 120,  31, 108, 142,  49,  96, 120, 138,  70, 249;
 253,  73, 108, 109,  12,   6, 207, 184,  68, 134, 198,   2,  83,  73,  57,  99, 120, 212, 121, 238, 104, 165, 127,  60, 243, 235, 229,  20, 119, 187, 116,  32;
 197, 126, 143,  53, 228, 110, 109,  18, 120, 202, 114, 116, 151,  55, 145,  59, 130, 100, 125, 108, 161, 212, 225,  74, 199, 187, 102, 128, 136, 241,  82, 113;
  72, 128, 149, 152, 137, 253,  80,  15, 151,  55, 165,  24, 174, 183,  74, 207, 193,  18, 232,  16,  30, 109, 251, 145, 139, 215,  85,  63, 146,  76, 140, 110;
 104, 184, 152, 115, 169, 253, 112, 159, 187,  63, 164,  28, 190, 183,  72,  26, 133,  87, 237,  24,  18, 108, 218,  51, 207, 219,  84, 125, 194,  64, 207, 187;
  51, 203, 106, 142, 214, 151, 235, 229, 196,  69, 222, 135, 113, 236, 182,  96, 124, 235,  19, 221, 220, 155,  60, 253, 122,  47, 142, 192, 189, 142, 248, 220;
 216,  75, 127, 253, 160,  74, 117,  55, 116, 134, 230, 160, 183,  39,   0,  83, 102, 247, 108,  66, 104, 184, 227,  45, 225, 227, 118,  17,  32, 184, 133,  42;
 217, 216, 119, 101,  34,  78,  57,  54,  44,  74, 114, 231, 253,  23, 128, 211,  38, 117, 127, 110, 225, 188,  17,  77, 228, 235,  98, 128, 109, 176,   1, 121;
  41,  97, 106,  69, 116,  31, 251, 220, 116, 224, 126, 138,  89, 157, 191, 180,  62, 236, 211, 238, 132, 178,  53,  30, 119, 109, 161, 132, 103, 191, 122, 252;
 117, 186, 153, 187,  48, 237,  83, 152,  58, 109, 117, 125, 183, 215, 202,  80, 151, 173, 100,  28,  27,  30, 250,  23, 205, 165,  49, 236, 136, 128,   3, 241;
 246, 112,  41, 236,  29,  79,  83,  88, 129, 236, 181,   9,  83,  93,  73,  19, 216, 212, 221,  98,   8,  99, 249,  28, 211, 217, 129,  61,  96, 171,  86, 114;
  34, 189, 251,  82, 244, 231, 178,  87, 159, 233, 124, 250, 176, 253, 244,  36, 223,  59, 147,  17, 147, 250, 114, 254,  47,  30,  21, 234, 221, 200, 214, 255;
 165, 196, 111, 223, 204, 115, 237, 254,  84,  83, 247,  18, 113, 117,  62, 107, 121, 206, 123, 170, 112, 255, 127, 253, 127,  43, 214,  65, 119, 217, 248, 226;
 181, 229,  47,  78, 156,  71, 207, 232,  86, 224, 137,   2, 115, 108,  61,  33, 121, 206,  88, 239, 235, 163, 125,  63, 185,  14, 143,  20, 117, 122, 116, 104;
 182, 205, 228, 202, 156,  50, 206, 255, 213, 210, 156, 147,  65, 109, 189,  99,  93, 194,  23, 239, 248,  35,  44, 255,  58, 110, 207, 212, 183, 255, 240,  68;
 109, 117, 112,  70, 253,  31, 247, 248, 123, 232, 253,   8,  74, 121, 159, 180, 249, 206,  86, 106, 237, 242, 249, 254,  63, 127,   5,  54,  67, 255, 210, 229;
 208, 189,  57, 103, 184, 109, 119, 182, 233, 168, 190,   8, 247, 255,  65,  50, 148,  87, 125, 106, 185, 105, 251,  47, 239, 253,  37,  56,  64, 226,  71, 115;
  50, 142, 238, 126, 242,  66,  63, 255,  21,   6, 124, 162,  97, 103, 166, 117, 127, 251, 135, 162, 248, 154,  38, 255, 114, 167, 254, 137,  55, 240, 164, 249;
  34, 183, 171,  90, 253, 245, 177,  95, 206,  93, 124,   5, 160, 220, 118,   4, 205,  58, 195,  21, 150,  43, 242, 209,  15,  28,  22, 107, 209,  12, 246, 255;
  88,  54,  30,  49, 146, 172,  48,  83, 188,  23,  99, 245, 173, 135,   0,  25,  39,  51, 201,  16,  50, 216, 146,  85, 196, 163,  82,  67, 168,  64, 143, 155;
  90,  94, 247, 253,  34, 234,  47,  18, 189,  74,  94, 224, 189,  55, 129, 254,  38, 117, 253, 203, 161, 156,  37, 239, 197, 246, 122, 128,  38, 245,  37, 121;
   8, 141,  14, 185,  17, 205, 121, 167, 172,  29,  78,  17, 183, 167,  34,  81, 192,  35, 105,   4,  58, 152,  82,  61, 237, 243,  90,  65,  16,   0, 133,  74;
 200, 200, 158, 253,  33, 140, 127,  51, 172,  14, 238,   5, 191, 231,  34,  82, 196, 119, 105,  12,  72, 157, 146,  43, 193, 247,  82,   0,   0, 160,   5, 106;
 236,  49, 156, 240, 205, 125,  81,  27, 131, 255, 165,  28, 158, 181,  75,  31, 137, 150, 234,  24,  27,  99, 251, 144, 223, 209,  81, 127, 202, 109,  78,  83;
 209,  88,  94, 100,  34,  26, 182, 116, 124, 136, 114, 100, 127, 154, 165, 241, 182, 117, 126, 106, 229, 189,   1, 110, 178, 235, 102,   0, 105, 178, 105,  13;
 185, 127, 121, 100,  60,  15,  79, 188,   1, 232, 188, 108, 115,  85, 145,  48,  28, 252,  85, 106, 201,  35, 249,  31, 243, 201,  37, 188, 122, 186,  82,  57;
 252, 109, 113, 102,  13,  93,  71, 184,  97, 162, 173,   8, 219,  17,  89,  52,  24, 220,  76, 106,  73,  50, 249,  34, 243, 217,   5,  60,  98, 187,  70,  34;
  87, 107,  66, 142,  26, 148, 138,  64, 169, 192, 210, 231, 109, 206, 247, 212, 254, 233, 157, 247, 205, 131, 142, 232, 176, 112, 139, 138,  45, 183,  43,  29;
  33, 190, 113,  89, 112, 239,  99,  90, 118, 105, 121, 244, 115,  87, 128,  52,  31,  56,  22,  28, 163, 180, 105,  31,  68, 158,  49, 228, 217, 136,  70, 241;
 209,  97,  27, 164,  58, 143,  75, 112, 164, 160, 171,  64, 183, 211,   1,  82,  54, 165,  76, 110,  72, 161, 128,  12, 240, 233,  35,  16,  32, 178,  35,  32;
 201, 192, 191, 245, 172,  14, 121, 158, 126, 243, 150,  17, 213, 239, 211, 106, 183,  87, 125, 156, 128, 205, 247,   2, 207, 239, 127, 212, 132, 176,  33, 105;
  72, 249, 184, 112, 233, 205, 116, 223, 171, 121,  36,  29, 190, 183,  74,  26, 133,  95, 237,  16,  19, 122, 218,  49, 223, 223, 117, 111, 202,  16, 207,  27;
  45,  22, 221,  69, 236,  47, 197,  25,  86, 186,  51, 104, 211,  49, 137,  43,  29,  84, 102,  40, 185, 112,  73,  24,  69, 139,  97,  52, 250, 249,  66, 161;
 236, 188, 156, 116, 168,  45,  93, 159, 187, 191,  36,  29, 191, 103,  74,  27, 135,  91, 109,  28, 114,  76, 219,  49, 203, 219, 117,  61, 136, 240, 139,  91;
  80, 169,  27, 174,  24, 192, 107, 172, 238,   4, 202,   0, 247, 195,  40,  64, 114, 227,  76, 232,  74,   9, 202,  63, 248, 165, 174,  24,  56,   2,  33,  10;
  35, 201,  43, 154, 220, 197, 203, 237, 214,  68, 200,   3, 113, 204,  62,  64,  88, 171,  19, 221, 218, 139,  62, 191, 121,  45, 142,  72,  21,  10, 244, 202;
  38, 237, 100, 155, 252, 163, 174, 236,  86, 178, 216,   2, 224, 232, 121,   1,  89, 106,  19, 211, 226, 250,  75, 255,  44,  22, 143, 236, 149, 123, 240, 128;
  39, 245, 114,  79, 253,  31, 246, 248,  91, 234, 253,   8, 106, 248,  95,  52, 217, 206, 119, 111, 228, 242, 254, 255,  63,  94,   5,  62, 215, 255,  82, 199;
   0,  77, 123, 111,  86, 203, 235, 116, 100,   0, 121, 130, 113,  89, 185,  96, 126,  56,  23, 234,  64, 176,  52,  61, 103, 173,  32,   0, 117, 146,  98, 168;
 167, 204, 230, 223, 236, 146, 238, 184, 219, 210, 119,  18, 104, 232, 191, 111, 127, 102,  51, 234, 245, 244, 175, 239,  46,  58, 199, 132,  23, 255, 112, 165;
  56, 249,  50, 238,  61, 159,  94, 253, 175,  12, 252,  13,  42, 223,  44,  16, 220, 248, 213,  66,  90, 171,  90, 191, 243, 221,   4,  59,  90, 158, 238, 155;
 152, 205, 103, 237,  23,  66,  79, 103, 180,  68, 206,   2, 183,  55,  48, 101, 106, 244,  63, 238, 104, 157, 117, 175, 241, 234, 202,  16,  54, 184, 180, 106;
 182, 141, 228, 222, 220,  34, 206, 175, 211, 146, 152,  18,  97, 104,  61,  67,  89, 226,  23, 163, 248,  99,  78, 254,  58,  94, 207, 156, 181, 254, 240,   8;
 212, 180,  57, 118, 176, 108,  87, 191,  57, 170, 171,  88, 215, 119,   8, 113, 149,  87,  93,  40,  57, 109, 217,  47, 251, 249,  37, 120, 192, 240, 199,  51;
 231, 235, 134, 180, 237,  15, 100, 167, 171, 178, 162,  93,  14, 168, 118, 219, 161, 101, 107,  15, 116, 111, 154, 208, 156,  26,  85,  62,  88, 124, 219,   0;
  34, 189,  47, 217, 180, 199, 186, 247, 158,  73,  88,  66, 180, 253,  52,  32, 221,  59,  19,  17, 243, 184,  80,  61, 105, 158,  63, 192, 216,   8, 145, 187;
 209, 128, 148, 250, 139, 144,  16,  43, 123,  19, 225,  16, 238, 242,  44, 255, 243,   7,  40,   0,  62,  79, 202, 215, 154, 254,  82,  95, 146,   0, 169,   6;
  85,  88, 151,  79, 138, 102,  71, 152, 101, 194, 235,  66,  83, 119, 129, 127,  92, 244, 104, 234,   9, 194, 123,   8, 145, 170,  65,  16, 169, 243,  32,  48;
 204, 188, 191, 118, 203, 239, 181, 207, 186, 251,  53,  60, 222, 253,  77,  59, 167, 127, 243,  18,  51, 117, 186, 114,  79, 219, 117, 118, 200, 113, 135, 243;
 210,  95,   7, 173,  82, 134, 111, 117,  37,  12, 214, 231,  53,  23, 161,  85, 116, 189,  31, 238, 105, 159,  17, 109, 245, 160, 170, 128,  42, 144,  36, 123;
  88,  20, 115, 224,  83, 234,  49,  97, 173,   5, 239,  42,  78, 151,  32,  84, 178, 189, 203,  32,  16, 155, 176, 204, 209, 228,   2,  75,  99,   2,  37,  34;
  73, 162, 152,  81,  40, 184,  32,  19, 126, 153,   6, 112, 190, 146, 192, 254, 135,  44, 108,  24, 135,  92, 195,   0, 140, 243,  50, 202, 138, 128,   9,  13;
  70, 129, 166, 135, 166,  42, 190, 169, 174, 241,  27, 131, 221, 236, 123,  74,  55,  71, 123, 247, 144,  65,  15, 224, 140,  87, 239, 132, 132, 127, 177,  81;
 239,  27, 236,  84, 232,  26, 108, 189, 248, 250,  39, 253,  89,  38, 159, 251,   7, 196, 252, 238, 245,  70, 239,  64,  94,  43, 117, 204, 239, 245, 202,  85;
 217,  86,  83, 101,   2,  62, 160,  80, 124, 138, 114,  98, 127,  50, 165, 253,  54, 245,  46, 226, 161, 181,  37,  74, 144, 235,  98, 130, 105, 242,  33,  45;
  39, 249,   1, 154, 221, 197, 203, 204,  23,  81, 201,  79, 176, 220, 124,  32, 217, 155,  19, 213,  27,  42,  90, 247,  45,  28, 143, 126, 153,  15, 208, 246;
 249, 180, 156, 182, 169, 125,  84,  47, 155, 251, 161,  25, 190,  63,  66,  27, 133, 119, 253,  16,  62,  79, 218,  19, 203, 223,  93,  63, 152,  96, 139,  27;
  88,   1, 248, 237,  32,  78, 121,  56,  44,   9, 118,   0, 159,  23, 129, 114,  38, 149,  29, 232,   9, 152, 225,  72, 199, 233,  98, 132,  34, 162,  35,  33;
 169, 117, 113,  70, 213,  95,  71, 188, 113, 226, 237,   8,  82, 113,  25, 181,  88, 204,  82, 106, 233, 178, 121,  46, 119, 223,   5,  48, 107, 187, 218, 172;
  38, 205, 132, 155, 252, 131, 174, 236,  30,  59, 217,   2, 224, 232, 124,  64, 217,  74,  51, 211,  98, 114,  75, 255,  44,  30, 207, 252, 149, 123, 208, 128;
  40, 251, 120, 110, 125, 159,  90, 252, 235,  12, 252,  12, 111, 217,  38,  16, 220, 249, 199, 106, 202, 171, 104, 189, 243, 217,  37, 251,  82, 154,  78,  11;
  33,  44,  81,  89, 112, 171, 235,  90, 126,  97, 127, 208, 241,  85, 148,  36,  63,  56,  18,  60, 163, 176, 125,  31,   4, 142,  33, 196, 221, 136,  66, 177;
 193, 173, 158, 150, 203, 160, 180, 103, 233, 144, 162,  24, 190, 242,  70,  95, 162, 163, 106,   1,  52, 107, 130, 109, 156,  50,  94,  27, 200,  64, 171,  15;
 105, 241, 184, 113, 233, 205, 113, 223, 239, 125,  36,  28, 190, 159,  74,  50, 133,  27, 127,  24, 211, 122, 242,  49, 239, 217,  21, 108, 202, 128, 194, 219;
  89, 197,  77, 229,  48,  14, 111,  57,  36, 224, 110, 196, 243,  39, 152, 208,  54, 196, 125, 172, 201, 152, 209,  14, 229, 237, 160,   0,  42, 162,  66, 120;
   3, 177, 156, 235, 188, 175, 168, 159,  30,  25, 105,  80, 181,  88,  92,  32, 157,  27,  83,  25, 147, 104,  91,  21,  13, 156,  31, 124, 216,  74, 195, 144;
  35, 176, 184, 107, 252, 141, 152,  91,  74, 121,  57,  92, 150, 220,  92,  32, 157,  27,  83,  21, 147,  42, 218,  17,  13,  28,  63, 126, 216,  10, 195, 179;
 205, 190, 217, 115, 242, 175,  57, 147,  50, 251, 127, 252, 223, 117, 194,  56,  23,  95, 244,  28, 177, 220, 185,  30,  78, 207, 113, 228, 234, 195, 139, 113;
 222, 183, 183, 210, 179, 255,  54, 242, 191, 250,  63, 112, 204, 247, 237, 183, 183, 119, 223,  50, 179,  85, 168, 254, 187, 211,  39, 231, 138, 245, 135, 119;
 109, 114, 249,  64, 105, 125,  82, 152,  75, 254, 188, 108,  75,  13, 199, 190, 157, 212, 236, 126, 141, 102, 249, 128,  31, 221,   5,  62, 202, 255,  78, 117;
   5,  18,  81,  97, 114,  10, 107,  24, 124,  32, 115, 226, 213,   7, 136, 112, 118, 156,   6, 234, 129, 144, 101,  92,   4, 172, 162, 196,  37, 131,  35, 177;
 167, 237, 228,  92, 253, 191, 246, 251, 219, 250, 188,  26, 138, 248,  84,  50, 217, 238, 119, 111, 230, 103, 254, 255,  63,  30,   5, 126, 211, 125, 210, 199;
 222,   1, 170, 166, 188,   2, 238, 141, 174, 161, 154, 130, 221, 239, 121,  66, 246,  71, 125, 241, 152,   1, 139, 202, 248, 213, 175, 156, 132,  62, 177,   0;
  90,  13, 158, 188,  27, 242,  48,  71, 173,   1, 202,   3,  62, 191,  34, 210, 226, 183, 249, 128,   4, 139, 146, 205, 243, 225,  26,  11,  34,  84, 169,  10;
 200, 137,  30, 254,   1, 205,  81, 167, 189,  13,  70,  25, 174, 183,   2,  80, 128,  50, 105,   0, 122, 141,  82,  55, 193, 247,  80,  83,   2,   0, 214, 106;
 152, 199, 123, 111,  86, 199, 239, 121, 100,   8, 123,  66, 113,  83,  56,  96, 120, 184,   2, 234,  99, 176,  25,  63, 101, 173, 162,   0, 113, 155, 224, 160;
 206,  31, 215, 215, 243, 254,  62,  19, 189, 201, 127, 244, 204, 247, 165, 255,  38, 119, 255, 218, 177, 209, 176, 232,  39, 122,  78, 194, 142, 247, 167,  53;
  82, 168,  50,  94,  91, 192,  19, 194, 175,   5, 236,   8,  46, 211,  37,  84, 160, 187, 234,  64,   2,  11, 186, 125, 147, 244,  18,  43,  82,   3,  39,  42;
 252, 166, 204, 177, 160,  46,  93, 159,  50,  55, 166,  25, 215,  35,  75,  91, 161, 198, 109,  62, 122,  84, 201,   0, 201, 227, 245,  85, 160, 241, 198,  66;
  49,  79, 101,  77,  36,  27, 207,  61,  85, 226, 254, 230, 115,  96, 181, 229,  94, 228,  20, 110, 233, 178, 101,  14,  34,  42, 229, 144, 127, 250,  80,  45;
 212, 128, 148, 185, 137, 176,  80, 171, 255,  55, 161,  48, 143, 218, 106, 221, 195, 139, 236,  16,  62,  79, 203, 151, 136, 246,  83, 127, 146,   5, 171,   6;
 211, 233, 163, 190, 157, 208,  78, 165, 251, 200, 210,  74, 239, 254,  84, 228, 208, 253,  60, 209, 253,  75, 238, 235, 185, 116, 143, 218,   4,  38, 183, 108;
  40, 159,  78, 234, 240, 135, 126, 117, 165,  64, 125, 165, 121, 199,  34,  17, 126, 187, 135, 238, 208, 155,  24, 125, 118, 201, 160, 193,  59, 130, 234, 155;
 158, 254, 246, 183, 179, 107, 191, 239,  59, 183, 254, 187,  79, 111, 131,  29,  55, 223, 197, 179,  48, 221, 173, 238, 250, 199, 125, 247, 231, 117, 135, 243]