[110, 234, 232,  54, 237, 121, 158, 136, 171, 255, 189, 185, 200, 236,  95, 154, 137, 247, 253, 211,  28,  99, 234, 226, 219,  87, 221, 191, 199, 119, 222, 214;
  78, 238, 114, 250, 235, 200,  63, 228, 187,  31, 125, 169, 108, 255,  46,  21, 183, 251, 231,  66,  66,  75, 138, 247, 123, 247,  86, 203,   2, 215, 167, 203;
  88,  98, 222, 116,  42, 106,  89,  54, 160, 190, 166, 169,  87,  39,  67,  91,  39, 213, 109, 160,   8, 199, 131,   8, 208, 163, 117, 145,  32, 240,  38, 123;
 120, 225, 249, 106, 184, 201,  85, 255, 163,  61, 172,  56,  55, 183,  72,  48, 139, 146, 229,  16,  26,  43, 234,  49, 251, 213,  53, 125, 242, 136, 198, 235;
 120, 249, 248, 106, 152, 205,  87, 221, 162,   5, 172,   9,  55, 215,  74,  16, 152, 219,  69,  80,  90,  43, 218,  49, 251, 197,  36, 121, 240, 146, 198,  42;
  38, 185, 232, 147, 196, 201, 180, 197, 158,  85,  80, 179, 164, 236, 126,   8, 235,  91, 147, 209,  86, 120,  94, 241,  77,  17, 223, 239, 149,  95, 151, 218;
  69, 127, 137,  37, 168,  14, 111, 186,  40, 234,  42,  77, 183, 103,  65,  90, 148,  77, 125, 110, 193,  80, 209,  42, 237, 253, 239, 172,   8, 241,   2,  57;
  64, 241, 221, 231, 160,  14, 111, 149,  44, 137, 123,  96, 247,  55, 200,  82,  22,  87, 125,  90,  81, 216, 193,  96, 236, 173, 102, 128, 164, 242, 161,  41;
 151, 158, 110, 159, 170, 178, 191, 187, 188, 210, 214, 244, 253, 102, 179,  99, 103, 103, 127, 175, 225, 205,  47, 111, 224, 171, 239, 128,  44, 241,  41, 249;
 220, 176, 151, 120, 137, 237,  17, 143, 174,  19, 161,  25, 254, 247,  72,  27, 161,  19, 232,  16,  18, 111, 146,  17, 217, 243,  80,  95, 192,  64, 135,  50;
 233,  44, 225,  93, 116,  58, 105,  19, 115, 227, 118,  90,  51,  33, 148, 253, 123, 174,  54,  12, 185, 254, 229, 158,  22, 239, 240,  96, 239, 236,  90, 236;
  44, 161, 105, 104, 212, 203,  75,  93,  19, 101, 124, 137,  19, 205,  50,  16,  88, 186,   3,  88,  26, 186, 112,  28, 127, 141, 161, 109, 247, 138, 214, 242;
 220,  96,  31, 114,  41, 108,  81, 152, 170,  26, 163,  24, 223, 211,  73,  59, 145,  85, 108, 122,  42,  69, 218,  48, 211, 249,  97, 124, 194,  51,  71,  34;
 173, 233, 153,  33, 248, 141, 171, 200,  14, 245, 116, 205, 183, 193,  81, 128, 158,  40,  83,  93,   2,  58, 218,  16, 108, 141,  39, 108, 208,  10,  67, 232;
  56, 141, 116,  10, 219, 187, 150, 239, 111,  21, 236, 173, 106, 104,  14, 149, 171, 130, 226,  96,  86,  43,  79, 125,  62, 118,  68,  95, 123,  78, 238, 206;
 242, 177, 120, 120, 169, 221,  84, 255, 251,  91, 164,  28,  62, 223,  76,  60, 141, 155, 253,  16, 218, 111, 250, 211, 219, 223,  85, 127, 210,   0, 198,  63;
  84,   0, 190, 188, 141, 102,  21,   7, 134, 151, 131,  19, 198, 251,  42,  75, 201, 119, 105,  17,  56, 197,  19,   0, 217, 163, 222,  95, 144, 121, 180,  66;
 184, 219,  74, 239,  82, 131,  95, 244,  32,  68, 244, 167, 115,  71, 187,  16, 126, 248,   7, 238, 200, 150,  76,  63, 246, 237, 160, 128, 125, 147, 110, 217;
   0,  60,  59, 246, 100, 173, 243, 114, 253, 138, 122,  72, 182, 249,  53,  25, 140, 123, 127,  67, 129, 249,  18, 105, 213, 190,  80,   2,  72, 123,  67, 171;
  84, 116, 248, 170, 218,  97,  91, 216,  54, 229, 205,  41,  87, 215, 107, 120,  87, 217,  21, 243,  10,   6, 219,  50, 219, 197, 175, 109, 176, 115,  38, 114;
  79, 177, 240, 112, 235, 189, 124,  29, 235, 121, 183,  24, 206, 223, 222,  62, 183, 151, 254,  56, 150,  99, 251, 192,  31, 220,  23, 126, 227, 195, 195,   5;
 224,   3, 216, 228, 108,  10,  75,  56,   0, 172, 215, 108, 215,  35, 201,  82,  94, 212, 110, 232,   9,  18, 193,   8, 214, 165, 225, 148,  44, 171,   8,  33;
  48, 135,   7, 238,  20, 134,  78, 103, 133,   0, 202,   2,  99,  43,  48,  64, 248, 166,  31, 160,  72, 139,   1, 159, 179, 252, 130,  17,  52, 138, 244,  10;
  71, 249, 149, 154, 170, 141, 175, 140, 138, 209,   0, 245, 252, 230, 206, 174, 135, 115, 250,  85, 151,  73, 190, 113,  44,  22,  95, 254, 156, 116, 129,  93;
 251, 201, 100, 175, 188,  25, 238, 237,  77, 100, 208, 143, 235, 108, 159,  35, 250, 198, 127, 103, 236, 107, 111, 189, 188, 123, 239, 184,  93,  62, 209, 220;
  92,  42, 191, 240, 170, 104,  81,  82, 162, 191, 174, 185,  31, 183,  65,  26,  39, 254, 109,  24,   8,  67, 162,  32, 219, 199, 117, 185, 162, 241,   6,  99;
 129, 240,  45,  95,  40,   5, 173, 189, 254,  90,  85,  84, 245,  84, 154,  43,  23,  67, 123, 207, 225, 196, 127, 127, 101,  11, 254, 144,  28, 144, 147, 248;
 168, 237, 122, 106, 213, 207, 119, 245,  80,   4, 109,   8,  51, 209,  56,  48,  24, 170,   2, 122, 122, 186,  56,  63, 123, 205,   4, 105, 115, 138, 198, 170;
 107, 126, 196, 133, 104,  30, 108, 190,  41, 250,  22, 205, 217,  35, 211, 191,  15, 196, 255, 175, 229,  94, 213, 200,  14,  91, 237, 164, 142, 244,  90,  21;
 195, 174, 132,  30, 233, 180, 172, 183, 187, 155, 156, 213, 168, 170, 214, 223, 197, 103, 250, 157, 246,  79, 214, 227,  14,  58, 222, 139, 142,  84, 187,  29;
 157,  79,  81, 103,  54,  10, 110, 184, 116, 170, 123, 102, 247,  99, 137, 245, 118, 236,  12, 110, 233, 144,  77,  46, 228, 239,  37, 128,  46, 243,  64,  41;
 219, 250, 138,  30,  41,  20,  12, 245, 186,  31, 198,  92, 172, 226, 222, 254, 165,  77, 252, 207, 207,  79, 190,  99, 144,  51,  94, 174,  10,  52, 171,  93;
 141,  72, 215,  87,  38,  10, 107, 176, 116, 176,  67, 194, 241,  99, 145, 235,  50, 100,  42, 238,  33, 244,  77,  44,  12, 171, 103,   0,  44, 187,  65, 160;
 131, 190,  94,  91, 242, 171, 185, 246, 189,  83, 118, 245, 189,  39, 135,  29,  39, 123,  71, 156, 163, 252,   7, 109, 110, 187, 118, 192, 207, 208,  43, 153;
 203, 254, 134,  28, 201, 180,  44, 231, 191, 211, 226, 220, 172, 226, 228, 223, 165, 231, 234, 140, 245,  79, 150, 226,  62,  50,  95,  10, 138, 116, 171, 156;
 137, 238, 206, 191, 240, 162, 104, 151,  51,  67,  86, 215, 181, 167, 146,  81, 119, 239,  23, 156, 183, 222, 197, 111, 110,  47, 190, 192, 173, 208, 170, 217;
  35, 191,  99,  73, 246, 139, 239, 119,  93, 236, 124, 238,  57, 137, 182,  36,  30,  42,  23, 108, 211, 186, 100, 223, 108,  28,  37, 224, 127, 142, 210, 237;
 205, 100,  49, 101,  49, 207, 103,  20, 113, 170,  38,  24, 223,  19,  72, 181,  16,  92,  76, 106, 104, 244, 241,  46, 229, 249,   0, 112,  66, 145, 194,  34;
 225, 149,  83,  85, 229,  62,  96,  55, 121, 107, 106,  92,  90,  48, 148, 253, 177,  14, 114,  44, 181, 184, 245,  71,   6, 126,  80,  66, 202, 200, 202, 132;
  87, 251, 129, 174,  59,   0,  26, 168,  43,  73, 137, 237, 236, 102, 204, 214, 150, 215, 253, 199, 207,   3, 207, 241, 184, 116,  11, 250,  12,  38,  35,  85;
  91, 189,  19, 172,  83, 210,  86, 103,  53,  69, 202,  13,  47, 186,  34, 148, 178, 171, 196, 129,  93, 155,  16, 143, 178, 229,   8,  75,  42,   4, 174,  78;
  60, 133,   1, 233, 188,  39,  79, 186,  22,   8, 216,  66, 243,  97, 184, 192,  89, 194,  31, 234, 123, 163,  73,  63, 233, 239, 167,  84,  60, 219, 240,  40;
  43,  50, 199,  89, 100, 155, 232,  83, 127, 115, 118, 246, 136, 168, 214, 173, 111,  12, 230, 156, 183, 248, 231, 192,   6,  30, 210, 192, 207, 140,  90, 156;
 102,  14, 236,  30, 205,  52, 222, 234, 139,  22, 236, 143,  40, 234, 119,  94, 205, 227, 227, 135, 140,  75, 206, 241,  30,  62, 222, 187, 215, 117, 126, 206;
 180, 119,  29,  99, 184,  15,  71, 152, 119, 184, 181,  76, 215,  65,  73,  17,  21, 220,  76, 122, 235, 116,  89,  26, 233, 152,  37,  52, 120, 187,  66,  49;
 203,  81,  23, 183, 177, 142, 124,  53, 189,  72,  66,  85, 254,  22,   8, 251, 164, 103, 125,  77, 245, 221,  17, 237, 163, 250,  94, 130,  10,  20, 137,  95;
 252,  15, 100, 101, 154,  82,  95,  47, 113, 230, 174, 175,  67,  40, 151,  83, 123, 196, 236, 226, 124,  74, 237,  30, 250, 227, 229,  21, 103, 246, 126,  78;
 157,  78,  85, 103,  48,  10, 110, 184, 116, 170, 123, 100, 243,  99, 153, 245,  54, 228,  12, 110, 233, 148,  77,  14, 228, 239,  37, 128,  46, 243,  64,  33;
 120,  40, 248,  46,  45, 249,  80,  11, 107,  55, 173,   9, 175, 248,  83, 154, 131, 163, 236,   0,  14,  99, 202, 145, 211, 221,  80,  59, 194,  86,  79,  74;
  50,   0, 102, 140, 109,  83, 152, 104, 137,  68, 213, 171,  76, 204,  54,   1, 222, 177, 215, 165, 140,  35,  38, 221,  18, 112, 200, 251,  87,  14,  62, 215;
  64, 165,  27,  90, 146, 224,  55, 205, 190,   5, 235,  48, 100, 247,  40,  80, 179,  27,  74, 146,  50, 129, 170, 119, 249, 182,  30,  79, 128,  66, 167,  34;
 168, 172, 254,  91, 221, 239, 233, 215, 254,  19, 100,  16, 185, 225,  52,  45, 105,  42,  82,  24,  50, 252, 115, 247,  79, 159, 146,  64, 211, 200, 227, 168;
 227,  47,  69,   5,  18,  10, 169,  34, 120, 228, 226, 205, 129,   4, 148, 129,  10, 164, 106, 141, 225, 252, 197,  12,  12,  34, 170,  16,  69, 172,  83,  92;
 133, 251, 176,  81, 236, 157, 188, 219, 223,  63,  52,  92, 142, 136, 221, 140, 167,  27,  70,  95, 194, 116, 218, 241,  44,  88,  21, 126, 218,  88, 139, 133;
 204,  25,  20, 191, 189, 141,  87,  57, 159, 184, 151,  24, 255, 217,  33,  67, 196, 114, 255,  91, 122, 109,  91, 187, 227, 209,   7,  58,  18, 185, 145,  11;
 171, 167, 113,  23, 245, 248, 232,  39, 121, 109, 122, 124, 171,  40, 158, 181, 152,  14, 198,  13, 183, 184, 229, 239,  38, 124,  18, 211,  79, 140, 218, 205;
 105,  49, 112,  65, 125, 155, 208,  99, 105,  37, 244,  12, 171,   8,  22, 181, 200, 140, 192,  16, 158, 250, 244, 157,   6, 217,  16, 115,  79, 140,  90, 142;
  33, 252, 177,  91, 253, 253, 198, 142,  91,  99, 104,  88, 178, 184, 213, 188, 153,  74,  18,  24, 135, 124, 255,  51,  45,  30,  20,  58, 218,  89, 219, 172;
  73, 133,  23, 188,  45, 246,  88, 111, 237,  25, 203,  16, 254, 186,  56, 243, 192,  39, 253,   9,  53, 203,  51, 205, 195, 251,  90,   3,   2,  68, 171, 110;
  73, 180,  25, 237,  56, 204,  83,  56,  38, 200, 235,  72, 247,  87,  64, 112, 150,  29, 124,  40,  91,  14, 219,  31, 205, 173,  33,  72,  72,   3,  35,  51;
  35, 128,  98, 221, 116, 185, 232, 111,  95,  65, 124, 134,  40, 236, 190, 164, 122, 170,  50, 141, 135, 186, 102, 211,  22,  62, 146, 136,  95, 204, 122, 236;
  40, 172,  61, 113, 213, 207,  81,  23,  99, 189, 164,   8, 179,  21,  64,  58, 137, 190,  68,  24,  74, 254, 241,   4, 207, 217,  53, 113, 224,   8, 198, 234;
 124,  61, 251, 112, 234, 201,  87, 208, 235, 172,  44,  40,  22, 247, 193,  58, 163, 254,  76,  82,  17,  99, 186,  48, 251, 169,  37,  57, 224, 243, 198,  99;
 102, 142, 226,  30, 219, 240, 154, 202, 235, 199, 189, 171,   8, 238, 119,  94, 239, 247, 227, 151, 156,  43, 174, 226,  26,  52, 143, 251, 215, 247,  47, 199;
  66, 179, 166, 152, 235, 193, 184,  76, 175,  93, 192, 167, 236, 238, 106,  74, 230,  57, 251, 145,  22,  75, 130, 209, 157,  50, 223, 223, 148,   4,  37, 211;
  88, 191, 190, 117, 131,  86,  93, 182, 177, 158, 206,  32, 255, 247, 130, 127,  51, 246, 253, 170, 120, 201, 179,  44, 251, 227, 247, 129, 162, 240, 167, 107;
  92, 109, 254, 118, 137,  95, 127, 191, 227, 190, 174,   8,  91, 127,  87,  59,  35, 247, 253, 114,  76, 193, 187, 104, 251, 223,  85, 183, 226, 247, 198, 107;
 112, 249, 123, 120, 120, 205,  83, 247, 115,  45, 228,   8,  50, 151,  64,  48,  57, 186,  68,  88,  26,  59, 178, 119, 251, 173,  52, 121,  96, 128, 198, 234;
 121,  84, 184, 108,  36,  47,  87,  31, 121, 138, 184,  40,  63,  57,   1,  48, 152, 245, 108,  34, 204,  39, 209,  10, 241, 252,  32,  24, 218, 250, 226,  11;
 255,  94,  75, 174,  85,  86,  78, 252,  21, 202, 210, 207, 123, 110,  59, 209, 248, 229, 151, 231, 237, 151,  93, 174, 178, 231, 239, 129,  45, 255,  56, 222;
 238, 239, 101,  53,  82, 218, 111, 166, 160, 118,  46, 145, 201,  39, 146, 147,  39, 228, 201, 239, 225, 205,  44,  61, 108,  99, 207, 197,  39, 245, 223, 248;
  61,  21, 150, 174, 147,  86,  79, 248,  85, 206, 247,   6,  79, 115, 171, 255,  89, 196, 132, 234, 105, 211, 121, 136, 176, 231, 207,  20, 187, 255,  40,  37;
 178,  49, 101,  65, 244,  78, 109,  49, 113, 104, 246, 248,  27,  23, 148, 181,  62, 156,  85, 234, 249, 220, 101, 204,  39, 248, 160, 196, 103, 129, 214, 177;
  37, 111,  65,  77, 116, 159, 230, 248,  94, 232, 120,  76, 242, 200, 149,  32,  25, 104,   2, 111, 199, 176,  92,  63,  44,  28,  37,  36,  89, 187,  82, 133;
 208, 116, 191, 246,  10,  96,  93,  20, 177, 150, 134,  56, 247, 247,  73, 123,  35, 244, 125, 130, 105,  71, 178,  34, 209, 163, 116,  57,  32, 240,  38, 122;
 201,  20, 125, 117,  36, 172, 105,  23, 124,  11, 118, 112, 191,  19, 144, 121,  39, 190,  60,  24, 179, 252, 225,   7, 199, 251, 114, 192, 226, 192,  65,  41;
  94, 179, 152, 162, 187,  57,  24, 159,  42, 181, 143, 189, 207, 230,  74, 146, 167, 215, 237, 149, 158,  73, 219, 115, 218, 213,  29, 255, 168,  70, 143,  19;
 112, 255,  40, 173, 188,  11,  95, 191,  22, 172, 222, 173, 243, 237, 146,  16, 220, 238, 109, 101, 234,  90, 233,  63, 246, 229, 175, 189,  52, 186, 214,  91;
 165, 181, 115,  74, 210, 229,  99, 248,  63,  77, 125,  82,  92, 215,  40,  52,  63,  26,  19, 122, 179, 178,  56, 119, 125, 140,   1, 110, 243, 131, 230, 243;
  68, 242, 132, 191,  41, 141,  69, 152, 175,  29, 139,  69, 230, 195,  72, 206, 132,   3, 237,  71, 202,   1, 219,  49, 193, 242,  90,  26,   8,  19, 137,  27;
 150, 106, 204, 119,  32, 121,  92, 168,  23, 246,  85, 185, 231, 109, 203,  11,  31, 121, 245,   3, 108, 244, 239,  32, 134, 211, 117, 161, 230, 255,  14, 116;
 112, 176, 185,  46,   8, 109,  81, 168,  34, 119, 173,  29, 215, 247,  74, 114, 145, 216, 104,  38,  91,  98, 251,  17, 193, 165, 113,  60, 120, 106,   6, 114;
 189, 101, 194,  71,  81,  30, 110, 248, 113, 160, 111,  76,  75,  35,  27, 180,  56, 204, 192, 238, 237, 178, 157,  78,  54, 237,   5,   4, 107, 247, 106, 164;
  62, 252, 242,  90, 215, 251, 243, 206, 127, 119, 125, 191,  72, 253, 127, 156, 187, 235, 131,  22, 182, 115,  60, 242, 127,  95,   5, 103, 247,  87, 254, 214;
 116, 165, 185, 112, 184, 105,  83, 154,  83, 183, 164,  24, 215, 245,  73,  26, 145, 222, 104,  48,  58,  98, 251,  18, 251, 151,   5, 125, 224, 249, 198,  98;
  67, 178, 202,  31, 170,  16,  48,  29,  47, 117,  71, 229, 204, 162, 206, 206,  23,   7, 234,  21, 151, 216, 199,  65,  30,  54,  90, 195, 174, 134, 171,  93;
  37,  47, 129, 237, 252, 175, 238,  27,  86, 170, 121,  74, 213,  35, 145,  96,  89, 236,  54,  42, 161, 178,  73,  31, 164, 174, 167, 180, 156, 251,  80, 161;
  33,  48, 171,  72, 220, 165, 225,  95,  90, 203, 120,  31,  48, 248, 118,  40, 217, 170,  19,  29, 146,  58, 242,  83,  93,  28, 146, 104, 209,  72, 242, 234;
 247, 151,  21,  60, 184,  55, 158, 190, 140,  91, 176, 253, 199, 108, 174, 195, 207,  67, 238,  39, 253, 111,  95,  63, 184, 114, 122, 222,  88,  13, 169,  85;
  40, 189, 120, 104, 252, 221,  87, 191,  83,  12, 124,  40,  51, 221,  32,  48, 156, 122, 133,  80, 219,  42, 122,  63, 111, 221,  37, 123,  82, 138, 198, 187;
  77, 225, 113,  74, 188, 157, 235, 252, 239,  81, 190,  72, 218, 200, 252, 164, 154,  64, 126, 123, 211,  41, 191, 241,  47,  92,   7, 126, 215, 159, 209, 229;
   3,  34, 230,  25,  78, 155, 184,  91,  94, 247, 214, 247, 136, 168, 246, 237, 111, 141, 238, 149, 182, 251, 103, 208,  30,  30, 219, 195, 223, 140, 121, 221;
 150, 133,   6, 155, 221,  39, 174, 233,  30,  86, 195, 151, 104, 238,  58,  73, 253, 223, 155, 167, 120, 215,  91, 255, 189,  50, 223,  57, 145, 127, 181, 210;
 115, 182, 199,  12,  26,  67, 128, 107, 147, 224, 136, 239,  96, 236,  85, 166, 221, 245, 249, 161, 141,  67, 215,  31,  56,  54, 207, 190, 205,  36,  50,  92;
  55, 116,  69, 163, 130, 107,  79, 121,  37, 230, 219, 205,  71,  70,  11, 120, 191, 197,  76, 183,  77, 151, 125,  14, 188, 199, 111, 212, 168, 119, 131,  84;
 118,  12, 191,  38, 172, 104,  71, 168, 233, 222, 139,  41,  70, 240, 223,  95, 161, 196, 108,  99,  60,  67, 139,  96, 184,  50,  69, 255, 128, 115, 118,   6;
 117,  40,  80,  96,  27,  30,  90, 184,  51, 168, 166,  12,  79,  19,  75,  20,  55, 196, 124, 126,  12,   3, 217, 158, 218, 254,   1, 118, 235, 167,  74,   7;
 249,  21,  92, 125, 168, 111,  85,  63,  85,  42, 118,  24, 255,  59, 128, 113, 150, 182,  44,  32, 253, 170, 113,  31, 227, 251, 112,  16, 122, 224, 192,   3;
 116, 116, 185, 163, 180, 111,  67, 159,  18, 231,  59,  61, 215,  53,  73,   8, 159, 221,   5,  51,  59, 244, 249,   2, 253, 133,  37, 116, 224, 251, 149, 115;
 124, 182, 248, 115, 242, 169, 115, 156, 123, 175,  53, 124,  47, 105, 200,  24,  55, 222, 196,  18, 146, 116, 200,  50, 254, 197,  53, 253, 227, 211, 207, 131;
 215, 106, 235,   4, 210,  18, 126, 145, 241, 195, 199, 221,  73, 232, 223, 250, 247, 236, 252, 255, 189, 215, 164,  66, 186, 111, 175, 207, 173, 183, 250,  84;
 110,  49, 250,  64, 205, 125, 251, 201, 107, 181,  61,  10,  10, 189,  87,  62, 185, 220, 211, 120,  30, 115, 184, 192,  95,  93,   5, 127, 231, 239, 214, 230;
 201,  53,  57, 103,  48,  78, 113,  57,  41,  40,  63, 120, 255,  23, 136, 113, 150,  20, 124,  40, 241, 144, 241,  79, 197, 249,  32, 148,  64, 130,   7,  49;
 174, 174, 188, 114, 251, 249, 146, 132, 187, 191,  21, 185, 174, 220,  78, 154, 135, 123, 209,  17,  54, 109, 170, 247,  79,  87,  29, 251, 198,  71, 143, 215;
 255, 105,  82,  74,  25, 221,  82,  64, 235, 168, 185,   9,  10, 152,  87, 180, 200, 161, 204,  82,  94,  43, 192, 182, 187, 220,   1, 123, 107,  15, 106,   6;
 167, 244, 106, 184, 252, 227, 235, 252,  22, 216, 220, 183, 208, 223, 122,   1,  89, 137,  23, 255,  99, 102,  90, 247, 124,  15, 175, 236,  29,   9, 114, 243;
 211, 246, 216,  17, 114,  26, 120, 158,  59, 242,  38, 253,  13,   7, 194, 213,  55, 141, 196, 252, 103, 212, 133,  95, 182, 235,  53, 165,  42, 148,  11, 221;
 180,  71, 122, 108, 212,  67,  79, 123, 116,   6, 244,  10,  51,  67,  51,  81, 122, 184,   7, 234, 104,  35,  96,  31, 115, 173, 165,  25, 117, 248, 230, 234;
 215,  90, 134, 159,   2, 146,  46,  96, 188, 194, 195, 231, 109, 238, 179, 203, 102, 101, 255, 199, 229, 197, 143, 234, 180,  98, 235, 128,  44, 183,  57,  21;
 184,  48, 108,  33,  95, 159, 208,  67, 105, 101, 180,  31,  11,   8,  22, 144, 136, 132, 197,  21, 142, 190, 117, 150, 215, 217,  16, 115,  99,  12,  94, 198;
 111, 177, 242,  98, 221,  29, 250, 220, 107, 233, 181,   8,  78, 255,  93,  60, 254, 213,  95, 218, 158,  99, 250, 192,  63, 220,   7, 126, 195, 183, 226,  71;
  96, 228,  57,  99, 109, 207,  65,  23,  99, 165, 172,   8, 178,  21,  72,  52,  25, 188,  64,  24,  74, 250, 241,   0,  79, 156,  20, 114,  66, 138, 198, 234;
  15, 236, 215,  91, 245, 247, 174, 200,  95, 219, 121,  82,  88, 240, 253, 189, 187,  90,  18, 122, 163, 240,  62, 246,  47,  30,   7, 110, 219, 255, 227, 181;
  86, 161, 136, 160, 153, 249,  88, 143, 175,  49, 136,  25, 143, 190,  74, 210, 161, 147, 253, 145,  30,  11, 202, 241, 187, 213, 158, 127, 144,  71, 143,  14;
  52, 177, 249,  98, 208, 237,  67, 223,  99,  45, 109,   8,  19, 247,  72,  48,  24, 154,   4,  24,  27,  58, 248,  17, 127, 140,  37, 108, 227, 194, 198, 162;
   4,  56, 155, 254,  74, 236, 179, 200, 190,   0,  96,  64, 244, 243,  45,   8, 182, 123, 114,  65,   3,   3, 154, 121,  81, 190,  74,  10, 216,  19,  35, 171;
 119, 117, 235, 163, 130,  47,  79,  89,  32, 232, 203, 232,  87, 118, 217, 112, 126, 221,  21, 191, 201, 146, 125,  10, 177, 132, 173, 132, 161, 243, 178, 112;
 126, 248, 232, 182, 189,  88, 219, 136, 139, 245, 140, 169, 239, 253,  75,  10, 139, 251, 253, 211,  30,  75, 250, 160, 219, 213, 221, 251, 231, 127,  22, 218;
  72, 181,  17, 109,  56, 110,  83,  59,  32, 104, 235,  72, 151,  23,   0, 112, 144,  29,  92,  42,  25, 128, 241,  29, 229, 245,  32,  80,   8,  67,   7,  51;
  38, 250, 168, 147, 206,  77, 189, 220,  30,  89,  88, 167, 180, 252,  95,  10, 253,  91,  51, 145, 146,  88, 218, 241,  77,  16, 239, 239, 133, 106,  23, 211;
   5,   9, 147, 247, 244, 143, 103,  17,  62, 168, 107,  64, 215, 241, 160, 224, 144, 108,  34,  10,  49, 176,  24,  62, 237, 172,  39,   0, 200, 170, 129, 160;
  56, 181, 177, 233, 157, 239, 193,  95,  86, 105, 232,   0, 182, 153,  48,  32, 216,  26,  83,  25,  27, 186, 113,  31, 233, 140,  18, 112, 208,  72, 247, 234;
 135,  71, 149, 159, 173,  54, 172, 175, 207, 178, 139,  86, 204,  98, 205, 239, 225,  70,  42, 238, 245, 193,  15, 232,  44,  58, 223,  22, 154, 246, 169,  12;
 195, 115, 201,  12,  58,  16, 139,  24,  42, 192, 153, 236, 244, 198, 223, 118,  86,  77, 124, 237, 195,   7, 231,  75, 164,  36, 171, 188,  12, 162,  19, 117;
 101, 188, 195,   4, 244,  73, 227, 232,  42, 160, 169,  40,  82, 240,  76,  16, 153, 204,  66, 115,  91,  35, 154,  34,  56,   4, 173, 124, 205,  35,  86, 240;
  68,  57, 123, 112, 226, 200, 119, 216,  35, 140, 124, 168,  63, 215, 193,  48,  54, 255,  68, 208,  66,  58, 162,  98, 127, 165,  37, 169, 227, 178,  39, 251;
 190, 178, 186,  24, 139, 253, 144, 203, 255, 223, 180,  57,  14, 204, 110, 156, 189, 153, 239,  49, 190, 103,  42,  83,  91,  87,  21, 127, 211, 108, 207, 215;
 195, 188, 134,  28, 201, 180, 172, 103, 191, 211, 194,  93,  40, 250, 102, 255, 229,  99, 250, 132, 247,  79, 150, 195,  58,  58, 222,  10, 138,  84, 171, 156;
 234, 105, 250,  68,  77, 252,  81,  66, 227, 132, 108,   8,  42, 189,  87,  54, 168, 252, 241, 216,   8, 123, 178, 202,  91,  93,   5,  43, 195, 246, 102, 238;
  93, 233,  43, 232, 149, 157, 206, 252, 207, 224, 156,  10, 155, 200, 119, 160, 216, 200,  92, 127, 223,  43, 252, 191, 187, 221,   7, 124,  86, 159, 217, 100;
 230, 143,  44, 186, 201, 136, 121, 167, 169,  85, 132, 157, 237, 230,  90,  83, 135, 227, 233, 213, 118,  78, 206, 117, 252,  50, 222, 249, 180, 132, 190,  94;
  40, 241, 123,  82, 240, 205, 113, 253, 115,  13, 100,   8,  50, 215,  76,  52,  24, 154,  68,  88,  91,  58, 242, 117, 127, 156,  52, 104,  64, 130, 198, 234;
  11, 167,  97,  11, 118, 219, 170, 101,  79,  97,  89, 230, 169, 204, 190, 164,  62,  43, 150, 157, 151, 184,  44, 253,  46,  92, 170, 226,  95, 142, 219, 221;
   6, 253, 250,  90, 251, 217, 182, 229, 251,  23, 124,  58, 108, 255, 236,  48, 171, 251, 226, 194,  82, 122, 170, 115, 127, 255,  22, 107, 117,  82, 231, 187;
 137, 220,  61, 125, 140,  69, 141, 191, 222, 114, 132,  16, 245, 117,  24,  43,   5,  86, 121, 175, 225,  68, 127,  49, 197, 171, 255,  28,  24, 240, 145, 120;
 161, 181, 158,  87, 244,  62, 228, 103, 120, 107, 107,  84, 210,  56, 158,  51, 145,  14, 114,  12, 181, 248, 213,  15,  46,  63,  80,  64, 201,  72, 219, 140;
 254, 180, 224,   8, 219,  51,  16, 203,  51, 247, 164, 191,   8,  58, 199, 158,  63, 205, 233, 180,  62,  79, 199, 210,  26,  71,  29, 255, 255, 100, 174,  87;
  88, 217,  27, 237,  48, 142, 127, 182,  36,   8, 122,  64, 183,  19,  33,  80, 164, 247,  93,  72,  75, 184,  17,  61, 225, 237,  36, 128,  40, 146,  99,  41;
  32, 133,  74, 250, 156, 163,  82, 107,  87,   1, 233,  18, 227, 233,  56,  64,  88, 186,  15, 152,  26, 171,  73, 191, 235, 180, 128,  89,  48, 138, 252,   2;
   3, 172,  78, 191, 176, 174, 125, 182, 172,  83, 246, 213, 245, 103, 147, 123,  39, 103, 127, 140, 165, 216, 127, 125,  78, 187, 254, 192, 140, 209, 171, 217;
 216, 253,  20, 254, 189, 221,  84, 254, 159,  58, 164,   8, 191, 217,  97,  83, 129, 115, 253,  74, 122, 109, 250, 189, 251, 219,  85,  58,  82,  25, 193,  42;
 182,  17, 102, 170, 109, 115, 154,  72, 141,  68, 221, 171,  74, 156,  55,   9, 206, 177, 215, 119, 140, 167,  54, 220,  19, 112, 136, 155,  87,  47, 116,  87;
 177, 143,  73, 237, 188,  63,  78, 190,  87,  43, 252,  84, 243,  97, 184, 116,  89, 198,  28, 232, 187, 170,  73,  31, 234, 239, 165,  84, 186, 248, 216,  40;
 180, 223,  99,  75,  82, 131, 239, 252,  21,  68, 116, 230, 113,  71, 188,  53, 126, 216,  23, 238, 233, 182, 109, 127, 116,   8, 166, 192, 127, 154, 230, 241;
 187, 169, 100, 173, 124,  27, 206, 249,  95, 112, 208, 143, 239, 108,  26,  33, 218, 196, 127, 103, 236, 123, 239, 157, 190, 123, 239, 180, 119, 174, 210, 220;
 121,  61,  63, 109, 217, 127,  87, 191, 101, 202, 254,  12,  83,  55,   2,  50, 216, 246, 124,  42, 253, 234, 243,  46, 247, 255, 101,  16, 107, 114, 230, 243;
  43, 165, 103,  33, 181, 251, 224, 135, 121,  97, 250, 253, 139,  44, 158, 189, 219, 143, 204,  53, 191, 248, 101, 199, 174, 127,  16, 115, 207,  76, 219, 214;
 195, 174, 140,  30, 205, 180, 188, 167, 250,  91, 128,  85, 172, 234,  86, 207, 197,  99, 251, 149, 182,  77, 222, 243,  14, 123, 222, 187, 152,  68, 187, 140;
 201, 113, 158,  71,   1,  30, 118,  25, 105, 170, 103,  72, 222,  17,   9, 182, 180,  84, 104, 106, 197, 244, 177,   8, 231, 249,  69,   4,  74, 178,  75,  13;
 248, 200,  29, 252,  13,  79,  71, 164, 132,  50, 134,  10, 115,  19,  32,  83,  64, 244, 121, 106, 105, 175, 115,  61, 241, 171, 193,  16,  48,  56, 116,  42;
 248, 180, 184, 120, 233, 237,  85, 239, 251,  59, 188,  24, 158, 255,  76,  56, 133, 155, 253,  16,  90, 111, 242,  19, 219, 223,  53, 127, 208,  64, 199,  59;
  82, 178, 174, 136, 122, 195, 184,  73, 175, 117, 194, 167, 132, 158,  98,  66, 238,  61, 251, 145,   6,  11, 147, 209, 156,  52, 154, 255,  20,   4,  37,  91;
  37, 189, 219,  94, 242, 205, 167, 241, 122, 200, 105, 104, 112, 242, 228,  48,  63, 122,   2,  74, 211, 186, 184, 127,  61,  46,  37,  40,  73, 162, 227, 181;
 131, 177, 147,  80, 227, 221, 189,  71, 186, 242,  32,  24, 188, 151,  68, 191, 167,  59, 210,  24, 119,  93, 178, 114,  15, 152,  95,  46,  66, 100, 131, 239;
  93, 209, 221, 229, 162,  10, 111, 188,  36, 129,  94, 224, 223, 119, 137, 114, 118, 215, 125, 234,  89, 144, 233,  32, 236, 237,  46, 132, 166, 179, 129,  33;
 135, 133,  23,  91, 245, 255, 170, 232, 253,  83, 123,  86, 200, 248, 188, 173, 187,  74,  18, 127, 183, 240,  63, 247,  46,  30,  87,  70, 223, 223, 201, 148;
  86, 123, 146, 170, 123, 241,  26, 208, 171,  76, 141, 237, 108, 198, 239, 148, 182, 249, 221, 214, 143,   3, 142, 241, 178,  84,   9, 187,  62, 151,  47,  87;
 124,  32, 149, 104, 137, 125,  81, 200, 235,  27, 165,  24,  14, 209,  73, 191, 129, 148, 236,  26,  27, 103, 218,  16, 155, 216,  81, 127, 226, 113,  66,  34;
 215, 233, 128, 179, 155,  12,  28, 141,  43, 241, 128, 157, 207, 238,  74, 146, 167, 207, 125, 213,  95,  73, 219, 241, 185, 208,  31, 126, 168,   4, 139,  92;
 168, 148,  50, 250, 117, 189, 120,  51, 253,   9, 119,  24, 174, 155,  52,  49, 132,  59,  87,  24, 178, 173,  48, 215, 199, 253,  16,  74,  82,   8, 195, 143;
 105, 109,  52,  97, 129, 127, 101, 183,  97,  50, 110,   8, 155,  17,  17, 191,   0, 142, 192,  40,  89, 240, 241,  12, 231, 217,  68,  21,  98, 244, 202,  40;
  24,  92, 151, 244,   3, 194,  55, 230, 188, 134,  98,  32,  61, 183,  33,  83, 162, 117, 105,  66,  97, 157,  16, 108, 225, 231, 126,   0,  96, 113,  37,  59;
 193,  53,  61, 103,  96,  78, 117,  57, 109,  42, 119, 120, 223,  23, 136, 115, 150,  21, 124,  42, 241, 212, 241,  77, 199, 249,  96, 132,  64, 130, 199,  51;
  22,  74, 236,  55, 160,  59,  79, 136,  59, 246,  87, 137,  71, 236, 223,  27, 151, 109, 229,  79, 204, 244, 239,  32, 194, 251, 101, 133, 228, 247, 142,  80;
 119, 109, 107, 232,  52, 135,  79, 120, 101, 200, 217, 206,  83, 206, 183, 112, 220, 232,  28, 239, 201, 131,  36, 174, 240, 232, 175, 152,  53, 183, 114, 117;
  14, 189, 147,  90, 209, 237,  22, 195, 255,  27, 105, 112, 174, 246, 108, 244, 145, 123, 132,  16,  51, 250, 186, 247, 169, 246,  19, 106, 210,  69, 167, 167;
 144,  29, 127,  86,  98, 202, 117, 103, 237, 142, 110,  32,  54, 183,  32,  51,  34, 114, 102,  74,  97, 249,  50, 109, 115, 170,  68,   3,  97, 112, 231, 171;
 249, 251,  51, 178,  53, 204,  75, 188, 115, 252, 242, 104,  47, 222, 192, 177, 144, 239, 125,  90, 207,  90, 234, 173, 187, 249, 167, 236,  34, 149,  70, 111;
  97, 183,  80,  83, 120, 157, 100, 189, 123,  57, 105,  92, 242, 226, 220, 180, 149,  14,  66,  12, 231, 122, 218,  87,  44,  62,  20,  42,  72, 146, 203, 141;
  33, 239,  64,  31, 116, 143, 238, 254,  94, 168, 120, 205, 163, 232, 215, 128,  25, 106,   2,  77, 231, 248,  76,  63,  44,  14,  53, 160,  77, 153,  91, 140;
  61,  18, 150, 239, 143,  86,  83, 184, 199, 254, 255,   6,  75, 119, 171, 254,  89, 196, 164, 110,  13, 195, 123, 136, 139, 255,  69,  23, 251, 239, 108, 117;
 120, 227, 249,  96, 250, 201,  85, 253, 115,  61,  60,  56,  19, 151,  72,  48,  27, 154,  68,  80,  90,  43, 232,  19, 123, 205,  53, 125, 241, 130, 198, 235;
 185, 164, 189,  91, 141, 253, 197, 207, 254,  23, 172,  16, 187, 249, 124, 175, 233, 130, 122,  24,  58, 111, 123, 179, 219, 223, 214, 121, 211,  88, 231, 174;
 215,   4, 231, 141,  34,  50, 171,  16, 252, 194, 218, 198, 221, 230, 189, 239, 118, 101,  62, 239, 165, 213, 165, 202, 148, 106, 235, 132, 173, 245,  49, 117;
 190, 118,  64, 174, 114, 137,  90,  88,  25,   4, 241, 239, 111,  77,  55, 144,  62, 185, 151, 103, 236,  39,  76, 159, 178, 209,   9, 187, 127, 175,  74, 209;
  79, 173, 101,  69, 198,  54, 171, 162, 106, 240, 142, 206,  25,  12, 213, 183,  39, 207, 121, 223, 195, 120, 181, 237,  93,  40, 203,  36,  77, 101, 115, 252;
 197, 113,  31, 101,  33,  14, 101,  57, 104, 202, 103,  76, 222,  51,   9, 115, 144,  84, 124,  40, 225, 240, 241,  72, 229, 187,  97,   4,  72,  50,  67,  35;
  79, 132,  30,  90,  61, 252,  89,   8, 255,  83, 229,  24, 222, 211,  46, 124, 209, 128, 249,  24,  58,   5,  90, 215, 195, 255, 146,  95, 154,   5, 202,  66;
  37, 124, 185, 115, 244, 239,  99,  18, 126, 235, 126,  88, 182,  21,   1,  56, 149, 126, 118,  24, 161, 188, 241,  42, 199, 159,  48,  18, 200,  89,  70, 187;
 200, 180, 185, 116, 169, 237, 117, 151, 186, 187, 110,  24, 158, 183,  64,  59, 129, 127, 248,  24,  51, 108, 243,  34, 207, 251,  84, 123, 202,  80, 199,  59;
 212,  58, 158,  52, 232,  44,  89,  19, 163, 183, 167, 157,  23, 167,  66,  26,  39, 183, 109,  20,  24,  79, 146,   0, 219, 129, 112, 121, 224, 224, 134,  82;
 173, 160, 160,  49, 205,  61, 228, 191,  90, 243,  33,  93, 210, 184,  94, 171, 153,  14, 114,  29, 183, 124, 223,  16,  79,  91,  85, 108, 202,  76, 219, 134;
 163, 159,  31,   5, 168,  95,  21, 167, 232, 123, 250, 252, 142,  54, 134,  51, 134,  23, 228,   4, 245, 253, 101,  69, 164, 176, 116,  86,  72,  64, 143, 253;
  71, 243, 146, 138, 169,  13,  78, 152, 175,  45, 143, 205, 206, 195, 206, 214, 150,  68, 236,  78, 219,   1, 219, 243, 176,  52,   5, 126,  26, 183, 138,  21;
   1, 120, 253,  87,  96, 173, 169, 146, 168,  59, 125,  72, 245, 119, 157,  58, 141,  81, 119,  10, 129,  52, 122, 113,  69, 158, 122, 160, 192, 211,  67, 185;
  38, 184, 132, 186, 141, 231, 194, 232, 159, 243, 161,  25, 202, 252, 127,  11, 201, 211, 251,  87,  58,  99,  90, 181, 153, 218, 207, 126, 144, 127, 112, 210;
 105,  21, 125, 125, 160,  47,  69,  63, 125,  47, 102,  92, 215,  59,   0, 121, 149, 183,  36,  40, 184,  56, 113,  29, 199, 251, 112,  64, 216, 224, 192,  43;
 107, 187, 180,  56, 185, 157, 148, 191, 235,  93, 188, 253, 142, 172,  70, 150, 141,  19, 236,  21, 215, 107, 243, 149, 154,  87,  21, 255, 218,  68, 143,  87;
 226,  47, 236,  37, 172,  14,  79,  55, 225, 238, 186, 205, 227,  40, 151,  19, 156, 230, 108, 111, 236, 240, 237,   8, 230, 186, 229, 177, 101, 246, 214,  76;
  33, 189, 121,  75, 246, 237, 227, 191,  94, 105, 125, 104, 177, 117, 220,  36,  23,  26,  18,  24, 147,  56, 125, 119, 109,  28,  53, 100, 215, 202, 195, 249;
  90, 155, 254, 117,  43, 210,  90, 178, 161, 140, 174,  33, 111, 191,   2,  86, 166, 245, 253, 192,  12, 201, 131, 237, 219, 255, 231, 147,  34, 165,  46,  91;
 235, 108, 130,   4, 141,  60, 196,  71, 163, 210, 232,  80, 146, 184,  87, 174, 200, 238, 121,  29,  13, 103, 210, 128,  23, 120, 222,  58, 203, 125, 122, 142;
  61,  92, 199, 173,  84, 118,  78, 184,  17, 202, 218, 199, 119, 126,  51, 251, 248, 229,  87, 231, 237, 211, 125, 140, 178, 231, 229, 128,  45, 255, 116, 208;
 184,  71, 120, 236,  92,  75,  85, 127,  52, 134, 244, 143,  51,  47,  35,  81, 106, 160,  79, 168, 104, 171, 112,  14, 243, 231, 180,  25, 113, 248, 230, 250;
  56, 220, 247,  92,  51, 242, 151, 103, 245,   6, 122, 176, 106, 247, 164, 149, 251, 122, 132,  34,  96, 255,  32, 175,  50, 246,  85,   3,  99, 116, 230, 175;
 124, 243,  80, 104, 249,  31,  86, 248, 115,  40, 184, 108,  11, 217, 204, 148, 156, 216, 196, 114, 222,  98, 200,  61, 186, 221,  37,  63, 115, 191, 206, 135;
  98, 236, 233, 156, 201, 240, 158, 206, 155,  23, 232, 187,  40, 174, 119,  24, 205, 251, 179, 145,  46,  79, 226, 243, 127, 118, 158,  63, 213,  85, 246, 206;
 124, 120, 181,  97, 189, 107,  83, 154,  71, 249, 168,  40, 151,  21,  65, 190, 193, 212, 124,  82,  11, 100, 235,  50, 237, 221,  37, 119, 242, 123, 198,  99;
  69, 106, 137, 167,  40, 112, 107, 136, 162, 228, 154, 205, 245, 230, 219,  58,  82, 108, 108, 223, 143,   2, 239,  34, 204,  37, 171, 172, 132, 243,  54,  96;
  65, 112, 153, 103, 224,  47, 101, 148, 120,  43, 114,  88, 254,  19, 136,  56, 148,  94, 124,  10, 131, 244, 241,  99, 199, 255, 112,   0, 200, 209, 195, 169;
  65, 137, 255, 253, 168, 142, 125, 191, 174, 211, 174,   1, 253, 255,  19, 122, 167, 103, 123, 140, 148, 201,  51, 125, 207, 191, 223,  80, 132, 224, 161,  88;
 210,  32,  11, 168,  90, 195, 185,  75, 174,  32, 202, 147, 148, 135,  96,  64, 238, 149, 123, 145,   2,  15, 147,  87, 213,  36, 138, 120,  20,   0,  39, 242;
   1, 225, 147, 252,  90, 133, 160, 200, 254,  17,  96,  64, 252, 211,  41, 240, 178,  59, 106,  72,   3,  35, 154,  81, 149, 172,   2,   8,  88,   0,  35, 168;
 203, 174, 174, 188, 173, 180, 156, 239, 186,  95, 128,  29, 172, 234, 118,  75, 197,  35, 255,  21, 182,  79, 146, 243, 216, 115, 222, 251, 152,  68, 187, 207;
  21, 245,  91,  71, 146, 203, 103, 252, 100, 192, 123,  96, 115, 117, 168,  48,  58, 124,   2, 106,  65, 177,  60,  15, 105, 141,  37,   0, 105, 178, 227, 161;
 125, 113,  45, 106,  77, 253,  81, 152, 103, 116, 166,   8, 114, 221,  91, 121, 200, 128, 120,  94,  15, 103, 251, 177, 215, 217, 129,  62, 114, 155,  86, 118;
  95,  86, 132, 165, 162,  58,  60, 152,  61, 242,   3, 245, 205,  46, 203, 203, 183,  69, 253, 183, 197, 212, 221, 194, 156, 247, 127, 134, 172, 245, 137,  85;
 205,  61,  17,  97, 177, 110,  67,  50,  41, 104, 106,  72, 158,  23,   0, 245, 132,  20,  88, 106,  57, 152, 241,  60, 229, 249,   0,  80,  10,  67,   3,  48;
 108,  56,  49,  67,  77, 207,  67,   1, 105, 163,  39,  24, 146, 149,  68, 188, 128,  60,  96,  26,  27, 252, 240,   2,  15, 222,  17, 114,  66,  11,  70, 162;
 201, 113,  33,  77, 108,  14, 105,  20, 100, 104,  71, 212, 145, 149, 144,  98,  68,  12, 121,  79, 193, 156, 245,   0,  71, 105, 160, 128,  46, 131,  80, 241;
  45, 114, 208,  81, 229,  61, 228, 219, 123, 235, 116, 124,  10, 248, 221, 188, 159,  74,  54,  28, 151, 118, 222, 210,  14,  94,  21,  46, 203, 252, 202, 165;
 117,  97, 250, 106,  93,  29, 218, 216, 107, 232, 253,   8,  91, 217,  95,  48, 220, 204,  87, 250, 206,  51, 248, 224, 187, 221, 135, 126,  67, 187,  98, 198;
  56, 189,  49, 251,  29, 239,  83,  86,  86,  33, 233,   0, 182,  53,   0,  36, 200,  58,  88,  24,  59, 168, 113,  63, 201, 212,  16, 114, 210,  72, 135, 170;
 154, 178, 190,  88, 235, 113, 145, 203, 191, 223, 180, 185,  14, 253, 103, 159, 183,  25, 253,  49,  54, 103, 178, 211,  91,  83,  93, 255, 210, 100,  47, 215;
 120, 249,  52, 254, 173, 221,  86, 190, 207,  56, 172,   8, 190, 251,   1, 118, 128, 243, 125,  74,  74,  43, 250, 189, 243, 255,  85,  59,  82,  91, 194,  11;
  81, 188, 186,  61,  28, 237, 113,  23, 238, 253, 110,  13, 183, 185,  82, 114, 165,  47, 125,  21, 150, 121, 243,  53, 223, 175,  54, 104, 200,   0, 131,  90;
 253, 113, 116,  68, 141,  93,  71, 184, 225, 254, 164,  12,  75, 113, 155, 191,  24, 196, 236, 106, 237, 103, 249,  42, 243, 219,  69,  61, 106, 183,  78,  38;
 135, 253, 156,  27, 173,  63, 166, 202, 222, 211,  56,  86, 200, 248, 255, 175, 185,  67, 250, 127, 183,  97,  31, 242,  46,  30,  79, 110, 221, 127, 249, 132;
 175, 180, 127,  82, 195, 255, 253, 227, 249,  87, 109, 154,  72, 254, 174, 189,  63, 155, 130, 186, 181, 254,  62, 230,  31,  27,  84,  71, 195, 197, 239, 244;
 178, 124, 255, 117,   3, 253, 181, 214, 189, 218, 126,  49,  62, 189,   7,  57, 165, 123, 245,  81, 163, 220,  50,  43,  71, 111, 116, 131, 225,  85,  71, 251;
 156, 189, 251, 123, 242, 201, 183, 233, 186,  23, 121, 179, 125, 255, 108,  32, 187, 251, 131, 146, 114, 122, 170, 119, 125, 197,  47, 111, 245,  82, 167, 187;
  62,  30,  96, 234,  47, 119, 218,  88, 141, 202, 189, 239,  75, 220,  55,  41, 222, 241, 223, 227, 172,  35,  88, 254, 147, 221, 136, 187, 127, 127,  92,  87;
 221, 201, 241, 229, 182,  26, 111, 188,  33, 160, 254, 194, 223,   3, 129, 118, 118, 212, 125, 232, 217, 152, 165, 136, 254, 233, 167, 196,  46, 176, 161,  33;
 188, 116, 107, 104,  41, 123, 209,  88,  81, 230, 181, 185,  27, 157,  19,  49, 152, 156, 213,  47, 232, 167, 240,  30, 211, 217,  33,  61, 103, 173,  86, 242;
 150, 191, 147,  90, 179, 244,   7, 207, 255,  95, 104, 112, 174, 246, 164, 252, 151, 123, 132,  16,  51, 203,  58, 255, 169, 246,  23, 106, 210,  85, 167, 245;
 240,  72, 245,  92,  77,  76,  69, 182, 197,  50, 166,   8, 114,  51,  33, 127,  72, 244, 120,  74, 105, 111, 243,  41, 213, 170,  80,  16,  50, 120, 116,  42;
  97, 205,  29, 239, 188, 143,  71, 190,  87,  42, 170,  76, 243,  49,  32, 112, 193, 230,  76, 104, 249, 189, 121,  63, 239, 190, 181,  84,  24, 154, 208,  40;
 167, 221,  99,  73,  82, 131, 239, 252,  84,  66, 116, 230, 113,  71, 188,  37, 126, 216,  22, 238, 233, 182, 109, 127, 116,  14, 167, 132, 119, 155, 224, 241;
 140, 130,  50, 250, 117, 189, 112,  80, 255,  29, 117,  16, 174, 219,  44,  89, 167,  27, 215,  16, 178,  45,  58, 245, 131, 219,  18,  75, 210, 129,  99, 131;
 107,  53, 181, 133, 159, 127, 152, 107,  91, 233, 152,  94, 202, 188, 212, 166, 223, 255, 254, 177, 189, 107, 245, 222, 158,  94, 143, 250, 207, 108, 155, 149;
 229, 115, 186,  71, 100,  30, 119,  57, 233, 174,  39,  76, 211, 217,  95,  50, 176, 100, 108, 110, 228, 245, 185,  10, 103, 249,  37,   4,  72, 179, 194,   7;
 185, 225,  42, 162, 244, 141,  71, 253,  82, 200, 252,  10,  51, 217,  91,  48, 216, 138,  22, 125, 223,  58, 124,  62, 255, 205, 165, 104, 121, 154, 218, 203;
  88, 188, 188, 248, 185, 205,  85, 255, 171,  59, 188,  56, 191, 191,  64,  16, 129,  27, 221,  17,  90, 107, 178, 181, 251, 215,  62, 127, 210,  80, 135, 187;
 180, 224, 177, 219, 221, 241,  82, 205,  87,  55, 233,  26, 130, 209, 109,  44, 217,  26,   2,  16,  14,  39, 122, 179, 247, 212, 145, 127, 208,  91, 212, 166;
  87,  13, 239, 197, 182,  54, 237,  51, 124, 227, 222, 210, 217,  38, 151, 111, 103,  68, 125, 189, 177, 217, 181, 204, 207,  47, 235, 196, 165, 224, 241, 113;
 184, 225, 121,  96, 248, 201,  87, 253, 242,  61, 180,  56,  19, 151,  72,  48,  59, 154,  68,  88, 122,  59, 168,  55, 123, 205,  53, 125, 113, 128, 198, 235;
  69, 181,  29, 225, 224,  46, 117, 189,  45,  58, 127, 104, 223,  55, 136, 123, 150,  29, 125,  42, 209, 208, 249,  68, 229, 187,  99, 196,  72, 226, 131,  49;
 184,  59,  51, 225,  96, 207, 113, 122, 123, 236, 112, 108, 191, 222, 193, 176, 182, 189,  85,  65, 201, 214, 224, 159, 149, 253,  33, 170,   0, 160,  70, 251;
  42, 165,  64, 179, 221, 137, 128, 239,  18, 181, 137, 155, 224, 232,  90, 130,  89, 138, 195, 149, 126, 122, 206,  19,  28,   6, 157, 125, 245,  76, 222, 130;
  43, 188,  98,  33, 245, 251, 208, 167, 125,  97, 250, 253, 139,  60,  22, 176, 207, 159, 254,  21, 191, 250, 213, 214, 190, 127, 152, 215, 207,  76, 218, 158;
 145, 149, 158, 113, 148, 126, 180, 239, 120,  83, 235,  16, 215,  56,  14, 235, 161,  15, 120,  41, 183, 253, 181,   7, 139, 171,  86,  68, 201,  64, 235, 134;
 210, 190, 159, 208, 170, 240,  60, 215, 190, 223, 150, 243, 172, 182, 196, 107, 231, 247, 253, 144,  55,  79, 163, 226, 155, 195, 255, 251, 132,  80, 173, 123;
 155, 161, 102, 165,  62,  27, 230, 121, 111, 240, 211,  11, 239, 232,  26,  33, 122, 133, 127, 103, 252, 249, 237, 221, 188, 251, 107, 244, 101, 174, 209,  69;
 201, 112, 153, 101,  97,  14, 101,  57, 104, 234, 102,  92, 222,  51, 137,  59, 144,  84, 124,  40, 225, 244, 241,  72, 199, 251,  96,   6,  72, 112,  67,  35;
 189,  77,  99, 174, 116,  19,  79, 120,  85, 192, 248, 202, 123,  77, 177, 181,  92, 232,  21, 239, 233, 147,  52, 174, 178, 253, 173, 136,  55, 255, 114, 240;
 216, 180, 184, 113, 169, 236, 117, 151, 187, 123,  38,  24, 158, 183,  66,  59, 129,  94, 252,  24,  51, 108, 242,  35, 203, 255,  84, 123, 194,  80, 199,  59;
 109, 160, 189, 250, 237, 233,  85, 207, 215,  63, 181,  24, 150, 249, 122,  59, 201, 146, 110,  25,  62, 111, 234, 145, 217, 219, 117, 125, 208,  72, 214,  98;
  22, 107, 175,  55, 132, 110,  79, 136,  58, 230,  78,   1, 119, 238,  83,  26, 177, 237, 125, 207,  76, 208, 171,  32, 195, 239, 237,   5, 192, 115,  86,  96;
  31, 167,  98,  11, 214, 179, 170, 232,  70,  65,  89, 231,  41, 204, 190, 164, 126, 171, 150, 245, 159, 186,  12, 255,  62,  77, 171, 225, 255, 143, 251, 149;
  33,  17,  29, 119, 224, 175, 101,  51, 119, 105, 107,  92, 247, 115,   8, 121, 156, 174,  38,  12, 153, 184,  89,  21,  79, 255, 113,  64, 200, 130, 194, 176;
  37, 160,  81, 201, 124,   9, 200,  89,  79,  49, 177,  74, 151,  72, 220, 164,  90, 136,  86,  57, 155,  34,  73, 213,  28, 152, 171, 252,  93, 138,  82, 161;
 180,  15,  92,  79, 106,  43, 191, 120,  52,   6, 117, 167,  97,  35, 135,  17,  62,  25, 199,  98,  32, 182,  73,  31,  86, 171,  97, 133, 125, 243,  47, 147;
  73, 248,  61, 121,  37, 255, 113, 150, 111,  26, 126,  72, 159, 151, 129,  56, 133,  92, 124,   8, 139, 104, 243,  21, 199, 255,  49,  20,  74, 208,  66,  43;
 156, 179,  56,  97,  52,  15,  97,  89, 118, 172,   5,  85, 147,   1, 202,   1,  60,  12,  76, 122, 234, 244, 233,  30, 207, 193,  37,  53,  96, 160,  86, 195;
 126,  60, 188,  94,  13, 253, 208, 194, 251, 223, 180,  25, 170, 248, 119, 191, 201, 227, 238,  17,  46, 111, 250, 241, 219, 219,  81, 123, 211, 109,  78, 222;
 226, 172, 101,  26, 201, 233,  57, 175, 187,  95, 165, 185, 104, 103,  78,  31,  13, 131, 247, 148,  58,  79, 234, 117,  95,  50, 222, 251, 147,   4, 166, 250;
 104,  60,  52, 101,  33, 126, 113,  55,  97, 239,  46,  24, 171,  49,   2, 182, 129,  38, 236,   8,  29, 184, 241,  14, 199, 253,  16,   3, 194, 196,  78, 238;
 137, 221,  19, 238, 240, 142, 111, 247, 117,   8, 122,  64, 190, 147, 160, 116, 116, 186,  22,  72, 227, 184,  16, 127, 229, 188,  36,   0,  58, 144, 226,  41;
  80,  24, 152, 186, 137, 237,  16,   2, 174, 183, 138,  41, 166, 191,  67,  90, 193, 247, 237,  17,  14,  15, 210,  34, 209, 247,  90,  59, 144, 121,  13,  90;
  67, 125,  83,  52, 178, 207,  84,  39, 187, 224, 170, 141, 190, 183,  69,  20, 134, 175,  92,  20,  77, 219, 208,  76, 185, 180,  20, 122,   8,   0, 131,  30;
 100, 242, 216, 106, 234,  75,  83, 168, 171,  53,  61, 169, 198, 235,  74,  30, 147,  84, 237, 114,  26,  35, 202,  17,  94, 151,  69, 127, 242, 171, 198,  19;
 184, 255,  84, 105, 241, 143,  84, 255,  91, 176, 184, 205,  11,   9,   4, 149, 140, 252, 196,  96, 236, 234,  81, 156, 186, 216,   5,  54, 123, 188, 202, 157;
  41, 248, 115,  68, 115, 216, 163, 236, 107, 192, 124,  40,  56, 215, 197, 180,  58, 252, 210, 216,  67,  58, 182,  75,  63,  60,   4,  42, 103, 146, 103, 189;
   2, 141,  34, 137,  20, 162, 168, 103,  68,   1,  90,   2,  40,  10,  48,  64, 104,  42,  19, 129, 144, 184,   1, 221,  32,  36, 138, 192,  21,   8, 176, 136;
 105, 189, 189, 109, 249, 111,  87,  59, 117, 201, 254,  76, 210,  53,   0,  48, 220, 222, 124,  40, 153, 186, 241,  14, 239, 255,  37,  82, 202, 106, 198, 251;
  33,  95, 237, 173, 108,  14,  78, 184,  68, 200, 218, 102, 115, 125, 145, 113,  92, 228,  63, 111, 205, 178, 111,  44, 244, 175, 229, 144,  61, 251,  82, 249;
 124, 113,  43, 100,  57, 223,  19,  80, 160, 236, 180, 173,  31, 157,  66,  50, 156, 253, 221, 117, 201,   3, 240,   8, 219, 193,  33, 255,  99,  47,   6, 115;
 156, 112, 117,  99, 180,  79, 103,  25, 118, 234,  51, 120, 215,  85, 201,  41,  55,  28,  93, 122, 225, 244, 121,  26, 197, 136,  33, 244, 100, 179, 197,  49;
 144, 140,  13, 175,  60, 143, 107,  56,  30,  50, 211,  66, 247,   7,  24,  65,  90,  12, 127,  43, 107, 156,  73,  31, 197, 163, 171,  16,  52, 138,  17, 168;
 131, 181, 183,  82, 203, 101, 189, 111, 187, 159, 160,  24, 188, 254,  76, 191, 167,  27,  90, 144, 114,  79, 178, 195,  25,  24,  95, 110,  66,  68, 167, 239;
 223, 116, 134, 183,  34,  18,  62, 100, 188, 234, 147, 247, 205, 174, 163, 203, 166, 101, 253, 231, 101, 197, 141, 202, 176,  99, 239, 135,  44, 117, 169,  23;
  56, 123, 120,  97, 112, 239,  95, 215,  59, 236, 252, 173,  59,   7, 135,  16,  30, 186, 151,  92, 200, 186,  97, 126, 243, 221,  36, 176, 102, 154, 198, 251;
 202,  10, 151, 176, 161, 238,  80,   6, 189, 250, 162,  85, 142, 138,  97, 223, 197, 167, 205,  21, 108, 143,  80, 194, 145, 240,  26,  18, 130,  84,  39,  78;
 137, 184, 145, 251, 224, 143, 105,  85,  63, 123, 113,  92, 191, 147,  65, 121, 167, 171,  86,  28, 195, 254,  90,  49, 199, 216, 112, 232, 234, 144, 194, 185;
 245, 221,  95, 255, 158, 207, 103, 182, 236, 162, 238,  10, 247, 115,  41, 115, 240, 102, 120, 106,  97, 177, 121,  63, 245, 175, 101,  16,  56, 123,  80,  42;
 112, 170, 188, 251, 141, 237,  81, 143, 231,  29, 190,  56, 162, 241, 112, 122, 201, 146, 109, 144,  26, 107, 203, 177, 201, 246, 246, 123, 144,  72, 246, 170;
  54,  80,  96, 238,  46,  39, 218, 216,   5,  42, 185, 239, 107,  93, 189,   9, 254, 209, 213, 227, 141,  35,  73, 252, 146, 220, 169, 186, 127, 255,  88,  27;
 236, 252, 184, 122, 137, 253,  22, 136, 203, 182, 173,  24, 254, 253,  73,  59, 129, 115, 249,  82,  66, 103, 250,  51, 235, 209,  69, 127, 210,  91, 143,  34;
 224,  80, 183,  94,  77, 204,  69,  37, 201,  18, 167,  24, 242, 245,  44, 127, 192, 182, 106,  10, 105, 103, 250,  73,  55, 186,  80,  26,  82,  58, 196,  58;
 148, 167, 219, 251, 178, 193, 191, 235,  54,  23, 253, 178, 253, 231, 232,   0, 127, 251, 135, 144, 122, 150,  10,  87, 237, 199, 175, 237, 245, 226, 167, 227;
   7, 254, 188,  25, 141,  61, 150, 206, 222, 186, 184,  85, 194, 248,  95,  43, 201,  67, 106,  23, 230, 103, 223, 242,  46,  30,  95,  62, 217, 125, 251, 142;
   2,   5, 174, 173, 148, 162, 173, 119,  20, 129,  94,   3,  17,  43,  48,  64, 106,  47,  19, 141, 176, 153,   1, 206, 100,  39, 186, 192, 149,  72, 177, 200;
 180, 196,  21, 217, 157, 235,   4, 207,  86,  55, 160,  18, 162,  81, 109,  73, 201, 154,  10,  48,  42, 103,  91,  23, 173, 128,  21, 119, 209,  88, 212, 170;
  97, 112,  57,  87,  69, 125, 112,   4, 123, 232, 100,   8, 178,  16,  69, 189, 144, 126,  64,  88,   1, 114, 240,  48,   7, 216,  16,  50,  74,  17,  66, 174;
 103, 170, 228,  22, 237,  25, 236, 232, 235, 183, 116, 143, 106, 232, 223, 191,  43, 230, 226,  29, 214, 114, 238, 241,  30,  90,  85,  47, 199, 236,  90, 196;
  80, 137, 190, 252, 141, 140,  77, 175, 191, 145, 174,   0, 255, 227,  16, 118,  97, 231, 125, 140,  90,  73, 147, 113, 249, 254, 214,  89, 128, 160, 229,  42;
 164,  64, 126, 123, 100, 249, 248, 128, 253,  21, 117,  16, 139, 201,  61,  57, 138, 136,  71,  24,  18, 244,  18, 241,  71, 217,  80,  65, 209, 137,  70, 130;
  77,  61,  17,  65, 161,  94,  86,  50, 105,  32,  46,   8, 158,  19,   0, 181, 128,  28,  72, 106,  81, 184, 241, 100, 167, 249,   1,  82,  74,  35, 138,  34;
 197, 241, 157, 101, 224,  14, 109, 188,  56,  59,  99,  80, 223,  51,   8, 120, 182,  93, 124, 106, 209, 208, 153,  64, 197, 184, 103,  68,  72, 242, 195, 161;
 160, 228, 172, 215, 124,  73, 233,  79, 218, 183, 181,  26, 166,  25,  88,  47, 201,  26,  83,  25,  98, 110, 106, 139,  77,  26, 222,  59,  69,   8, 215, 168;
 132, 202,  15, 187,  48, 138, 107, 148,  52,   1,  67, 241, 247,  71, 136,  72,  86,  59,  61, 221,  58, 148,  65,  63, 196, 167, 186, 192,  36, 129, 129,  32;
  88, 189,  50, 250, 185, 205,  18, 247, 171,  45, 188,  40, 174, 191,  96,  16, 167,  51, 253,  16,  90,  43, 154, 247, 251, 215,  62, 251, 210,   6, 135,  59;
 137, 161,  16, 184,  93, 141, 225, 201, 254,  20,  96,   8, 254, 195, 105, 144, 177,   8,  66,  40,  67,  39, 154,  83,  21, 161,   3,  44,  80,   8, 107, 168;
 201, 237,  19,  20,  83, 204,  37, 103, 184, 192,  98,  24, 188, 150,  32, 113, 166,  63,  90,  72,  97, 207, 178, 111, 245,  32,  30,  40,   0,  16, 167, 232;
  53,  43,  72, 224,  84,  15, 202,  88,  69, 160, 176, 206,  19,   9, 245,   0, 120, 136,  22, 255, 141, 178,  84, 156,  94, 136, 161, 116, 125, 171,  90, 128;
 108, 162, 188, 250, 172, 233,  81, 223, 206,  63, 181,  56, 134, 249,  72, 123, 201,  26, 110,  16,  26, 111, 235, 177, 217, 210, 117, 127, 208,  72, 214, 163;
  57, 125, 121,  97, 244, 143, 111, 119, 119, 160, 126, 136,  51,  29, 149,  52, 126, 186,  22, 236, 233, 186, 117,  31, 231, 221,  36,   0, 103, 154, 198, 184;
 121, 189,  56, 238, 189, 221,  86, 246, 235,  40, 188,   8,  62, 187, 100, 112, 136, 242,  93,  72,  74,  43, 250, 187, 243, 253,  37,  59,  82, 154,  66,  11;
  67, 188, 164, 184, 173, 180, 144, 239, 235,  87, 140,  61, 172, 250, 114, 207, 195,   3, 251,  21, 182,  75, 146, 243, 152,  86, 222, 251, 156,  68, 187, 223;
 253, 112, 127, 115,   7, 238,  81,  16, 113,  83,  71,  16, 123,  93,  29, 253,  48, 188,  53,  91, 171, 244, 121,  37, 195, 235,  80,  64, 110, 149,  86, 114;
 122, 120, 107,  96,  43, 207,  81, 112, 161, 236, 148, 169,  31, 157,  67,  18, 140, 177, 221,  97, 204,   3, 224,  12, 211, 201,  33, 187, 103, 166,  22, 115;
 213, 117, 123, 102, 129,  14, 119, 176, 248, 134,  99,  92,  94, 217,  13,  19, 176, 108, 104, 110, 228, 245, 184,  42, 115, 185,  69,   2,  72,  51, 195,   2;
 233,  57, 191, 124, 185, 223, 113, 150, 255, 104, 102,  72, 190, 183,   1, 112, 132, 119, 124,  88, 177, 105, 176,  63, 231, 255,  80,  18, 202,  16,  71,  43;
 154,  58, 188,  88,  75, 119, 153,  79,  63, 255, 180, 191,  12, 189, 102, 159, 175, 159, 255, 145, 182,  79, 179, 210,  91,  83,  93, 255, 211,  68, 175, 223;
 161, 120,  23,  20,  96, 207, 165, 230, 184, 226,  32,  12, 182, 150,   5, 185, 166, 119,  82,  70,  97, 253,  16, 124,  53, 154,  84,  18,  72,  24,  67, 188;
  89, 140, 191, 101, 132, 122, 180, 167, 100,  99, 107,   0, 215,  56,   0,  32, 177,  87, 104,   1,  95, 185,  63,  39, 201, 231, 118,  69, 225,  66, 205,   2;
  33,  17, 157, 101, 228,  15,  97,  49,  98, 105, 107,  92, 211,  51,  24,  56, 144,  44, 114,  12, 145, 184, 241,  20,  77, 189,  97,  64, 200, 170, 194, 176;
 218, 249, 186, 248,  91, 213,  59, 207, 191, 189, 172,   3, 172, 159, 100, 114, 237, 247, 255, 208,  90,  79, 242, 243, 251, 245, 159, 127,   2,  16, 167, 123;
 163, 201,  99,  75, 214, 147, 174, 253,  85,  64, 112, 198, 104,  72, 188, 229, 126,  41,  18, 239, 245, 186,  45, 255,  44,  10, 143, 198,  95, 158, 249, 157;
  97, 191, 184, 101, 252,  15,  87,  61, 123, 168, 126,  76, 246,  49,   4,  52, 156,  94, 116, 104, 217, 250, 209,  14, 109, 156,  37,  50,  72, 234, 194, 169;
  88, 252, 189, 113, 185, 253,  85, 151, 251, 123, 172,  24, 191, 183,  66,  59, 133,  95, 125,  24,  59, 109, 243,  49, 203, 223,  84, 123, 192,  80, 199, 123;
 159, 189, 179,  88, 187, 247,  17, 238, 127, 207, 104,  48,  46, 246, 165, 252, 183, 123, 164,  16,  63, 203,  50, 255, 185, 246,  31,  74, 210,  68,  39, 253;
  28, 157,  21, 251,  29, 237,  19, 176, 197,  17, 171,   0, 254, 117,   8, 229, 217, 114, 200,  82,  59, 168, 123, 189, 137, 210,   0,  82, 210,  11,   4,  50;
  16,  13,  14, 172, 148, 163, 173, 115,  20,   2,  90,   2,  49, 170,  48,  64, 120,  42,  19, 161,  48, 184,   0, 143, 224, 167, 186, 128, 181, 104, 176, 136;
 102, 161, 229,  90, 233,  65, 153, 237, 171,  61, 177, 185, 232, 118, 204,  63, 205, 147, 255, 146,  26,  75, 235, 245,  29,  82, 223, 255, 211,   5, 134, 255;
 201, 112, 221, 101,  32,  10, 113,  30, 120, 170, 118, 120, 222,  51, 136,  59, 146,  84, 124,  40,  97, 244, 241,  66, 196, 251, 112,   6,  72, 224,  67,  33;
 175,  44, 191,  90, 205, 244, 177, 194, 254,  83, 244,  16, 120, 252, 127,  59, 169, 115, 242, 149, 182, 239,  62, 226,  79,  59,  86,  75, 195,  85, 239, 198;
  35, 255,  64,  74, 253, 153, 198, 253,  79,  40, 252, 236, 170, 200, 150, 180, 222, 234, 198, 206, 222,  42,  76, 255,  46,  92, 133, 251,  95, 142, 218, 141;
 223, 126, 135, 182,  42,  50,  60, 214, 189, 242, 210, 247,  77, 238, 217, 235, 167, 197, 255, 231, 229, 213, 143, 224, 148, 114, 255, 134, 172, 245,  41,  85;
  99, 180, 234, 177, 245, 191, 120,  87,  55, 105, 246, 189,  10, 157,  86,  28, 205, 175, 247,  21, 191, 250,  85, 198,  94, 127, 152, 211, 239, 204, 218, 223;
  89,  63,  51, 229,  48, 175, 127, 115, 121, 236, 252, 108, 191,  31, 128,  48, 182, 191,  85,   1, 217, 155, 113, 158, 241, 221,  35, 130,  72,  34,  71, 249;
 122,  56, 188,  62,  13, 253, 209,  66, 235, 221, 189,  13, 174, 252, 103,  26, 201, 243, 239,  17,  14, 107, 250, 177, 219, 215,  83, 123, 218,  77,  79,  95;
 180,  79, 127, 103,  18,  75, 111, 248, 116, 172, 246, 226,  83,   7, 129,  49,  62, 212,  76, 234, 232, 181,  45,  46, 241, 235, 101, 132, 101, 179, 102,  97;
   2, 133,  34, 137, 148, 162, 168,  99,   4,   1,  90,   2,  40,  10,  48,  64, 104,  43,  19, 129, 146, 152,   0, 221,  36,  36, 138, 192,  21,   8, 176, 136;
 209, 205,  89, 245,  50,  10, 110, 183,  49, 160, 162, 208,  19,   3, 133, 115, 102, 244, 125, 234, 233, 220, 213, 110, 182, 232, 166,   4,  44, 176, 224,  40;
 156,  80, 235, 123, 161, 106,  81, 152, 119,  95, 103,  49,  91,  95, 159, 121,  51,  24, 189,  26, 171, 212,  59,  18, 195, 239, 112,  69, 242, 213, 100, 115;
 244, 105, 121, 110, 124, 141,  95, 240,  67, 168, 248,  72,  51, 219,  85,  48, 216, 232,  85, 122, 202,  43, 248,  63, 243, 253, 165,  56,  81, 187,  82, 130;
 105, 181, 115, 109, 243,  14, 115,  57, 125, 105, 126,  72, 254,  55,   8, 112, 148,  30, 126,  40, 153, 184, 241,  15, 239, 253,  32,  82, 106, 170,  70, 179;
 151, 245, 110,  37, 194,  10, 191, 237,  48,  38,  99, 183,  81, 110,  31,  19,  62, 197,  83, 231, 228, 149, 157,  78, 116,  33, 111,   4, 109, 243, 163, 208;
 236, 164, 189,  99, 141, 111,  65, 136, 114, 183, 165,  24, 210,  49,  72,  59, 217, 212, 104,  56,  58, 102, 251,  18, 207, 219,  85, 125, 193,  73, 214,  34;
  89,   0,  29, 253,  12,  15, 105,  56,  54,  50, 199,  16, 247,  67,  24, 105,  80,   4, 126,  40,  41, 148,  83,  29, 197, 227, 115,  16,  56, 136,   0,  32;
 137,  94, 125, 245, 162, 222,  93,  55,  61, 234, 118, 248, 189,  55, 129, 125,   7,  55, 149,  46, 225, 220,  97, 173, 231, 251, 116, 128,  46, 240, 135, 121;
 180, 236,  26, 178, 144, 203,  82, 236, 178,  55, 160,  25,  23, 211, 106,  17, 185, 155,  65, 114, 122,  79, 152,  63, 249, 195,  23, 117,  48,   0, 142, 138;
  33, 113, 121, 110, 114, 205,  27,  48,  32,  76, 117, 172,  55,  87, 138,  48,  22,  56,  85, 110, 203, 130, 244,  13,  97, 173,  32, 184, 124, 130,   6, 249;
 189,  68,  71, 239, 117,  83,  78, 120,  85, 194, 117, 210, 123, 109, 177, 245,  90, 232,  23, 238, 237, 182, 125, 174, 102, 239, 229,   0, 127, 255, 112, 224;
 163, 240, 245,  92,  77, 252, 181, 239, 251,  95, 244,  24,  56, 220,  30,  59, 201,  27, 243,   1, 231, 103, 246, 209,  71,  59,  80,  63,  83,  84, 214, 230;
  33, 173,  64,  73, 213, 187, 228, 103, 127,   1, 126, 210,  40,  32, 148, 180,  73, 170,   2, 156,  54, 186, 101, 223,  46,  28, 148,  66, 247, 204, 218, 140;
  53, 105,  27, 234,  60, 143,  71, 112, 196, 168, 185,  72, 215,  89,  49,  16, 216, 160,  93, 107, 200, 163,  88,  28, 241, 205, 161,  56,  80,  59,  82, 163;
 154,  14, 134, 190,   7, 240, 184,  70, 188,  70, 211, 183,  45, 170, 179, 203,  98,  43, 170, 135,  36, 205,   6, 233, 144,  99, 250, 131,  45, 116,  61, 223;
 204, 246, 189,  99, 161, 109, 117, 190, 122,  63,  53, 120, 222,  53, 216,  59, 149,  86, 116,  90, 178, 116, 249,  51, 207, 219, 117, 246, 194,  81, 199, 107;
 215,  58, 231, 149, 162,  50,  45, 146,  60, 242,  82, 246, 221, 230, 213, 127, 231, 207, 126, 135, 165, 212, 191, 224, 156,  34, 255, 132, 172, 245,  35, 117;
 230, 162, 172, 188, 236,  13, 220, 239, 155, 255, 144, 157, 198, 232,  91,  11, 217, 193, 107,  21, 254, 111, 202, 147, 221,  19,  93,  61, 212, 124,  86,  74;
 204,  78, 204, 101,  32,  46, 111,  24,  48, 162, 118, 205, 211,  39, 147,  27,  62, 196, 125, 238, 168, 212, 209,  10, 198, 235,  97, 132, 108, 243,  74,  16;
 168, 228,  21, 185, 141, 239,   5, 143, 150,  55, 161,  16, 131,   1, 105, 203, 201,  18, 234,  48, 106, 109,  91,  22, 137, 130,  85, 117, 208,  88, 196,  10;
  82, 255,  26, 250, 186, 205,  18, 246, 175,   9, 184, 105, 190, 255,  96,  16, 167, 243, 221,  64,  90,  43, 138, 247, 187, 213,  38, 251,  24, 130, 135,  27;
 109, 159, 113,  69, 119,  95,  87, 184,  97, 236, 127, 172,  91, 124, 151, 180,  30, 212, 244, 110, 205, 176, 253, 140, 110, 255, 101, 151, 111, 175,  94, 117;
 201,  76,  27, 244, 100, 172, 110,  55, 168, 138,  42,  80, 189, 147,   1, 242, 165, 103, 120,  10,  97, 141, 144, 111, 245, 191,  62,   0,   8,  80, 137,  41;
 212,  77,  95, 236, 170,  74, 119, 174, 228, 130, 254, 162, 247, 115, 161, 115,  50, 246, 108,  98,  97, 233, 167,  46, 240, 227, 101,   9,  36, 243,  37,  43;
 231, 145, 183,  94,  77, 220,  84,  33, 201,  83, 163,  88, 242, 248,  44, 255, 192, 246, 120,  34, 253, 103, 250, 227,  19, 186,  64,  58,  88, 106, 194,  54;
 192, 121,  63, 126,  57, 205,  49, 102, 187,  73, 230,   8, 190, 159,  37, 112, 164,  51, 104,  80,  99, 239, 178, 127, 251, 255,  22,  26,  72,  16,  39,  59;
   2, 133,   2, 139, 148, 160, 168,  99,   4,   1,  91,   2, 168,  42,  56,  64, 120,  34,  19, 129,  18, 152,   1, 221,  36,  52, 138, 192,  21,  10, 177, 136;
 154, 137,  46, 189, 148, 130, 236, 247, 180,   0,  82,  18, 189,  43,  48,  65, 102, 163,  31, 129, 248, 152,   5, 237, 232, 227, 254, 192,  37, 136, 177,   8;
 201, 188, 183,  24, 197, 173,  97,  23, 255, 219,  98,  92, 158, 177,  82, 172, 161, 174, 122,  29, 179, 126, 179, 226,  93,  62,  84,  74, 202,  76, 226, 127;
  69, 178, 188, 179, 172, 141, 241,  81, 234, 253, 183,  93, 150, 153,  82,  10, 161,  12, 110,  29, 150, 105, 203,   0, 205, 217, 117, 126, 200,   8, 219, 195;
  88, 184, 188, 114, 169, 237,  85, 159, 178,  91, 172,  24, 191, 183,  66,  59, 133, 215, 125,  16,  59, 105, 243,  49, 219, 203, 116, 123, 224,  80, 199, 123;
 193, 176, 155,  97,  48,  14,  97, 154, 126,  43,  98,  88, 158,  19,   1,  56, 183,  92, 100,  56, 227, 244, 145,  75, 197, 190,  48,   4,  72, 128,  67, 169;
  33, 113,  24,  69, 101,  93, 240,   0, 104, 104,  96,   8, 182,  24,  77,  56, 144,  12,  80, 104,  69, 176, 240,   0,  71, 217,   1,  50,  72,  26,  74, 142;
 118, 169, 238,  22,  79, 217, 208, 232, 235, 245, 172, 139, 106, 204,  94,  18, 233, 224, 227, 213,  78, 107, 254, 241,  27,  65, 197, 123, 101,  46, 126, 222;
 163, 176, 170, 177, 117, 157, 248,  71, 191, 113,  86,  29, 188, 152,  86,  24, 141,  43, 211,  21, 182, 254, 212, 197,  78,  95, 154, 195, 204,  12, 218, 159;
  16, 167,  15, 249, 176, 195,  79, 239,  54,  14, 220, 179, 245, 231, 168,  64, 127, 155, 207, 160, 122, 137,   3,  95, 233, 199, 175, 197,  48, 224, 167, 161;
 113,  45,  59, 228,  48, 143,  79, 119, 109, 160, 234,  72, 183,  19,  16, 112, 182, 189,  92, 108, 200, 186,  97,  14, 241, 221,  35,  48,  96, 130, 195,  40;
 101, 185,  24,  65,  97,  31, 118, 176, 105,  32, 110,   8, 158,  18,   4,  48, 128,  52,  72, 106,  85, 184, 241,  44, 103, 253,   0,  82,  74,  35,  74, 134;
  88, 236,  30, 178,   8, 207,  87, 236, 166,  54, 160,   9, 119, 215,  42,  81, 161, 145,  73,  98, 106,  71,  26,  61, 249, 199, 119, 125,  48,  19,  39,  74;
  72, 185,  51, 238, 184, 197,  27, 245, 167, 236, 168, 237, 188, 215,  96, 112, 150, 255, 205, 208, 219,  11, 186, 125, 253, 180,  39, 104,  24, 130, 135, 123;
  56, 238, 124, 112,  56, 141,  85, 255, 163,  46, 172,   8,  51,   7,  64,  16,  13, 146,  77,  72,  74,  15,  98,  63, 251, 207,  53, 125,  96, 146, 198,  43;
 164,  65, 126, 250, 236, 205, 244, 192, 239,  16,  33,   1,  26, 219, 109,  27, 233,  16,  67,  82,  66,  37,  26, 112,  71, 153,  68,  45, 208, 219, 230, 130;
 138, 124,  63, 116,  67, 216,  53, 246, 181, 134,  70,   0,  45, 151,  97, 247,  35, 127, 243,   8,  97, 221, 178, 111, 119, 227,  94,  11,  34,  16,  39, 234;
  68, 178, 156, 241, 172, 169,  17, 158, 174,  61, 176, 253, 135, 233,  72,  26, 135,  83, 238,  16,  18, 105, 203,  49, 204, 210, 117, 254, 216,   8, 139,  19;
   9, 254, 183,  56, 123, 221, 120, 223, 247,  91, 116, 117, 172, 254,  98, 189, 135,  59, 182,  17, 183,  92, 166, 247,  79,  87, 117, 235, 242,   4,  47, 223;
  50, 175, 104,  41, 214, 155, 222, 239,  87,  37, 252, 143,  35,  40,  30,  16,  91, 139, 131, 245, 222,  58,  92, 191,  62, 205, 133, 117, 117, 142, 222, 206;
 183,  84, 100, 238,  46,  39,  90, 216,   5, 170, 185, 239,  83, 121, 189,  11, 254, 213,  93, 227, 169, 167,  13, 138, 178, 232, 233, 148, 125, 251, 112,  19;
  80, 136, 154, 254,  29, 140,  97,  47, 254,  25, 162,  80, 231, 227,  64,  82, 193, 246, 109,   8,  26, 111, 219,  51, 217, 246, 118,  88,   0,   0,  96,  10;
 208, 140,  61, 189, 170,  66,  29, 163, 164,  82, 130, 176, 213,  55,   0, 107,  99, 245, 125, 227, 121, 205, 103,  47, 193, 227, 250, 213,  36,  48, 165, 114;
 128, 228, 188, 245,  13, 173, 240,  79, 222,  55, 129,  24, 166,  73,  88,  11, 201,   2, 107,   9,  34, 109,  83,  17, 197, 146,  90,  49, 208,  72, 213, 162;
  66, 185, 159, 252, 153, 204,  53,   7, 191,  25,  46,  16, 190, 183,  96, 114, 161,  51, 121,  16,  83,  73, 178, 113, 219, 247,  30,  75,   0,   0, 167,  59;
  66,  93, 155, 244, 226,  44,  60, 119, 185, 202,  98,  88,  60, 183,  37, 121, 166, 119,  93,   0,  97, 201,  16, 106, 241, 190, 126, 146, 136, 240, 131,  59;
  93,  54, 236, 103, 182, 122,  91,  24, 112, 239, 151, 183, 219, 109, 155, 106,  23,  68, 253, 191, 188, 212, 253, 138, 203, 239, 243, 133, 174, 231,  92, 113;
 120,  48, 123,  96,  42, 205,  89,  80, 161, 140, 180,  41,  63, 157,   1,  49, 142, 177, 221,  97,  72,   3, 226,  12, 211, 201,  32, 185, 101, 128,   6, 123;
  44,   1, 175, 236,  77, 101,  84,  72, 131, 132, 233,   9,  66, 249,  41,  26, 216, 176,  83,  98,  24,  35,  90, 152, 211, 215, 193,  59, 210, 123,  86, 130;
 250, 244,  58, 248,  57, 213,  16, 238, 191, 153, 180,  25, 174, 223, 100,  81, 205, 255, 223, 176, 106,  79, 210, 215, 251, 245, 159, 255,  18,   0,  39,  59;
 250,  57, 184, 190, 189, 237,  81, 219, 155,  93, 180,  29, 174, 253,  71,  26, 141, 179, 253,  17, 158, 107, 250, 179, 219, 213,  25, 123, 210,  77,   6,  91;
  80, 203,  63, 247,  50, 200,  63,  39, 188, 132,  82, 161, 183, 175,  32,  64, 166, 119, 109, 193,  80, 153, 160, 109, 232, 231,  62, 193,   4, 128, 165, 107;
  93,  80, 255, 123, 131, 122,  85, 136, 119,  82, 103,   0,  91, 213,  95, 255,  51, 220, 181, 122,  11, 208,  63,  16, 195, 251,  85,   7, 230, 245, 116, 115;
  97, 181, 210, 101, 123,  15,  99, 123, 125, 168, 122,  76, 118,  49,  12,  20, 182,  12, 118,  44, 209, 184, 209,  15, 125, 252,   1,  34,  75, 162, 195, 129;
  65, 200, 150, 190,  52, 156, 104, 134, 253,  17,  98,  24, 166, 218,  52, 116, 131,  35, 106,  24,  38, 173,   2, 245, 128, 190,  82,  74,  64,   1,  75,  12;
  34, 201,   0, 138,  85, 197, 154, 228,  12,   4,  80,   2, 160, 152,  52,   0, 200,  57, 147, 193,  66,  42,  88, 253,  33,  16, 138, 107,  21,  30,  52, 138;
 141, 241,  24, 227, 164,  31,  86, 157,  86,  57,  53,  92, 223,  81, 200, 173, 148,  90,  92, 122, 211, 240,  89,  48, 230, 217, 101, 116,  90, 219, 139, 129;
  33, 177, 211, 233, 228, 141, 109,  95, 127,  73, 120,  68, 151, 211, 192, 244, 191,  10,  22,  28, 211, 184, 241,  83, 175, 220,  37, 100, 202, 200, 195, 177;
 228,  32, 189,  99, 141, 111,  65,   8,  82, 187, 165,  24, 210, 113,  73,  59, 217,  84, 104,  58,  57, 102, 249,  16, 205, 219,  69, 119, 192, 107,  86,  34;
  77, 140, 150, 191, 141, 190,  68, 167, 231,  51, 175,  16, 238, 243,  34, 222, 193, 102, 104,   8,  28, 201, 219, 176, 139, 247,  86,  83, 146, 122, 201,   6;
 118, 189, 162,  58,  79, 197, 146, 232, 139, 212, 169,  11,  34, 220, 108,  18, 233, 243, 251,  83,  78, 107, 218, 241, 217,   0, 141, 123,  65,  14,  54, 222;
  87, 178, 135, 183, 170,  66, 140, 140, 186, 243, 131, 241, 205, 126,  73, 235, 183,  87, 125, 247, 189, 197, 239, 224, 136, 114, 223, 214, 132, 119, 183, 109;
 229, 212,  60, 122,  61,  61,  82, 156,  91, 123, 165,  93, 110,  88,  31, 127, 149, 196, 108,  62, 175, 103, 219, 183, 187, 254,  85, 126, 218, 221,  74,   6;
  16, 142,  12, 237,  24, 135,  73, 127,  22, 167, 206, 131, 149,  39,   0,  65,  77, 182,  79, 140, 120, 137,  65,  31, 251, 199, 186, 213,  48, 192,  36,  40;
  90, 248,  63, 254,  91, 196,  51, 230, 186,  21, 228,  17,  60, 215,  32,  80, 163, 115, 249, 192,  98,  79, 186, 119, 241, 247,  26,  11,   0,  16, 167, 106;
 209, 188, 217, 101,  50,  14, 113,  19, 124, 163,  98,  84, 158,  19,   1, 112,  51,  29, 108,  24,  33, 188, 145,  78, 197, 174,  48,   6, 232,   0,  35, 171;
 180,  77,  56, 106, 133, 109,  71, 228,  81,   6, 233,  24,  83,  57,  29,  17, 217, 210,  64, 106, 104, 166,  80,  46, 243, 190,   4,  24, 241, 251, 198,  34;
 105, 105,  56,  69,  85,  31,  99,  52, 105, 160, 110,  76, 146,  17,  23,  48, 144,  44,  64, 108, 196, 184, 241,  12, 103, 253,   0,  16,  64,  10,  66, 170;
  11, 168, 186, 177, 117, 253, 184,  71, 254,  81,  66,  17, 188, 152, 118, 168, 137,  43, 147,  17,  55, 252, 146, 215, 207, 127,  26,  75, 200,  12, 155, 158;
  18,  46, 250,  93,  34, 242,  57,  67, 189, 198, 126, 163,  41, 175, 167,  88,  38, 187, 165, 128,  32, 217, 162, 106, 195, 231, 114, 131, 165, 224,  39, 123;
  80, 251,  26, 248,  50, 141,  27, 230, 187,   8, 248, 105, 191, 215,  32,  16, 182, 251,  77,  64,  74,  11, 128, 125, 249, 221,  43, 122,  16,   2,  35,  11;
 112, 178,  26, 252,  60, 236,  65,  26, 126,  13, 251, 124, 247, 211,  72,  80, 209,  62, 108,   8,  27,  62, 211,  23, 216, 245,  50, 248,  24,   0, 102,  43;
  12, 140, 148, 187, 141, 173,   4, 135, 158, 147,  34,  16, 254, 241,  96, 203, 129,  99, 106,  24,  50, 237,  91,  51, 201, 215,  86,  83, 146,  73, 137,   2;
  33,  37,  91, 109,  84, 239, 107, 115, 117, 169, 120,  72,  51,   1,  16,  48, 120, 174,   6,  40,  57, 186,  52,  31, 103, 141,  32,   0,  97, 138, 194, 168;
  90, 185,  41, 170,  30, 229,  27, 198,  46,  69, 200, 139, 191, 159,  66,  64, 226, 187,  95,  85,   6,  11, 240, 253, 249,  37, 170, 249,  52,   6,  55, 122;
 118, 176, 173, 190, 141,  77,  81, 168, 139, 245, 129, 137, 243, 237,  89,  27, 137, 212, 249,  83,  90,  99, 219,  49, 217,  19, 205, 125, 208,  43,  86, 114;
  75, 175,  83,  72,  83, 157, 106, 254,  47,   9, 236,  72,  44, 211, 212, 180,  54, 187,  82, 220, 147,  26, 192, 255,  63,  92,   5, 106,  82, 134,  42, 172;
  88,  79, 252, 237, 170,  74,  93,  59, 112, 134, 238, 160, 119,  39, 129, 115,  38, 247, 108, 226, 104, 235, 225,  12, 241, 227, 103,   1,  96, 240,  39,  41;
 204, 254, 188, 115, 161,  45,  53, 190, 123, 191,  52, 124, 222,  51,  73,  59, 133,  87, 109,  26, 178, 116, 185, 115, 207, 219, 117, 118, 192, 113, 135,  51;
  71, 122, 141, 179, 162, 174,  45, 149, 190, 247,  82, 244, 221, 230, 211, 122,  39, 111, 126, 157, 151, 216, 255,  64, 140,  35, 127, 196, 140, 240, 131, 245;
  48, 235,  91, 238,  48, 141,  87, 240, 104,   8, 248, 104, 183, 211,  32,  16, 182, 251,  68,  98,  74,  59,   8,  63, 240, 253,  34,  56,  80, 131,  67, 171;
 210,  76,  54, 188,  38, 130, 124,  38, 189, 146, 210,   2,  45, 170,  49,  67, 102, 243,  63, 195, 224, 205,   2, 239, 176, 226, 222, 136,  52, 112,  33,   9;
   7, 205, 230,  87, 230,  50, 174, 183, 125, 211,  95, 198, 104, 106, 191, 239, 103,  71, 182, 238, 245, 216,  45, 236,  46,  62, 222, 194, 175, 247, 232, 221;
 216, 185, 188, 114, 169, 237,  81, 151, 231, 119, 164,  24, 191, 191,  66,  59, 129, 211, 253,  16,  58, 111, 250,  49, 219, 219,  84, 123, 226,  64, 199, 123;
  67, 188, 178,  24, 215, 236,  49,  71, 255,  75, 102,  28, 188, 177, 102, 252, 165,  58, 178,  24,  51, 252, 146, 227,  13,  54,  16,  74, 202,  68, 131, 191;
  12, 168, 183, 251, 141, 224, 176, 203, 222, 147, 163,  19, 220, 253, 101, 139, 201,  51, 235, 145,  50, 105, 218,  82, 141, 134,  95,  79, 209,  72, 165, 130;
   2, 133,   2, 139, 148, 162, 170, 105,  12,   1,  91,   2, 200,  74,  56,  64, 120,   2,  19, 177,  18, 152,  25, 213,  44,  36, 138,  64,  20,  10, 177,   0;
 237,  12, 205,  37, 160, 110, 111,  18,  56, 234, 118,  77, 215,  39, 147,  91,  22, 228, 125, 238, 161, 212, 209,  74, 198, 251, 224, 128, 200, 241,  74,  81;
  32, 164, 174,  57, 222, 235, 176,  71,  94,  55, 233, 187,   0, 188,  46,   9, 217,  59, 131,  17,  54, 250,  69,  22,  93,   7,  26,  71, 213,  72, 253, 210;
  53, 111,  27, 238,  52, 143,  71, 112, 100, 136, 249, 104, 247,  81, 161,  16, 218, 232,  76, 106,  72, 163,  72,  28, 240, 205,  33,  56, 112, 187,  66,  33;
 193, 136, 158, 190, 116, 168,  96,  64, 254,   1,  99,  24, 246, 192,  60, 216, 163,  33, 106,   5,  38, 173, 146, 119, 144, 182,  18,  88, 200,   1,  75, 128;
  64, 142, 142, 159, 141, 228, 160,   3, 174,  31, 203,  21, 230, 226,  42,  74, 193,  38, 106, 145,  62, 205, 219, 115, 141, 182, 218,  83, 144,  73, 189,   2;
  48, 191, 105,  33, 212, 207, 215, 231,  22, 101, 120, 143,  51, 172,  50,   0, 249, 171,   3, 245,  62, 186, 120,  63, 125,   4, 133, 101, 241,  10, 214, 218;
  80,  91,  59, 190,  50, 132,  63, 117, 180,  12,  90, 225,  61, 207, 160,  80, 246, 187,  15, 193, 194, 155,  34, 127, 240, 165,  42, 136,  32, 146,  37, 123;
 217, 125,  19, 254, 195, 244,  54, 119, 168,   2,  78,  16, 188, 179,  33, 246, 162, 119, 248,   8,  97, 143, 178, 235, 179, 237,  22,  10,  42, 112, 169, 170;
  88,  75,  59, 190,  50, 134, 123,  52, 188, 140,  90, 165, 255, 231, 161,  80, 182, 117,  45, 199,  64, 137, 128, 111, 240, 165,  42, 136,   0, 146,  37, 121;
 237,  96, 181, 101,  45, 111,  83, 152,  67, 250, 177, 120, 214,  49, 193,  63, 145,  68, 108, 122,  41, 100, 233,  56, 205, 154, 101,  54, 210, 123,  86,  35;
 153,  27, 126,  69,  50,  15, 239,  53,  44, 172, 118, 228, 223,   7, 150,  17,  54, 116, 127, 108, 225, 185,  53,  12, 230, 233,  32, 144, 111, 162, 195, 121;
 218, 188, 184, 184, 185, 237,  80, 222, 187, 127, 180,  29, 190, 191,  67,  27, 135, 251, 253,  17, 190, 111, 218, 179, 219, 209,  52, 187, 210,  93, 143, 123;
 230, 180, 189,  50, 172, 108, 220, 169, 251, 255, 163,  29, 198, 124,  94,  27, 133, 215, 125,   7, 252, 109, 251, 224, 139,  90,  93, 118, 192,  68, 215,  87;
 217,  92, 155, 244, 211, 196,  62, 246, 184, 130, 110,   8,  60, 183,  33, 242, 167, 119, 209, 192,  97, 143, 144, 234, 249, 231,  62,  10, 170, 112,  43, 187;
  33, 161,  82, 101,  86,  15, 227, 121, 109, 160, 106,  76, 214,  17,   4, 148,  54,  12,  66, 108, 209, 184,  81,  79,  52, 188,   1,  68, 105, 170,  67, 129;
 165, 109,  12,  37,  92,  15,  78,  80,  81, 232, 246,  93, 211,  40,  19,  19,  88, 236,  70, 111, 237, 246, 213,   8, 228,  24, 161,  48,  73, 249,  90, 132;
  66,  12, 146, 158,  78, 160, 188,  98, 156, 130, 218, 130, 108, 238,  49,  74, 102, 247, 187, 131,  32, 207, 130, 234,  16,  38, 218, 138,  21, 113,  33,   9;
  98, 137, 152, 216, 137, 253,  80, 134, 159,  61, 172,  24, 166, 177,  70, 222, 193, 230, 232,  16,  30, 107, 242, 177, 155, 244,  84, 123, 146,  92, 220,  46;
 196, 131, 248, 115, 160,  60, 127, 157,  58,  63,  55, 184, 211, 103, 202,  26,   7,  82, 229,  90, 242, 100, 235,  34,  79, 203, 116, 229, 240, 209, 206,   3;
  33,  41, 107,  71,  84, 219, 227,  33, 116, 224, 111,   8, 179,   1,  20,  48,   8, 172,  66, 110, 201, 184, 117,  12, 103,  29,  32,   0,  65, 171,  82, 160;
 166,  64,   2, 154, 205,   5, 142, 200, 134,  26,  81,   2, 192, 202, 121,  73, 217,  72,  19, 227,  66,  39,  26, 241,  17,  16, 203, 172,  21, 123, 240, 128;
  33, 169, 106, 122, 213, 209, 242, 195, 115,  69, 101,   9,  35, 136, 118,  48, 249, 170,   2, 144,  94, 186, 220, 117, 127, 205, 148, 105, 249,   0, 238, 142;
  81, 169,  26, 234,  50, 133,  91, 224,  42,   0, 224,   8,  55, 147,  32,  80, 182, 185,  29, 192,  74,  11,   8, 127, 249, 165,  42, 120,  16,   2,  35,  10;
 102, 169, 146, 218, 221, 221,  66, 195, 123,   5, 229,  24, 170, 194, 100, 244, 209, 170, 128,  24,  26,  26, 250, 243, 155, 252, 149, 123, 146,   0, 222,  38;
  92, 117,  35,  38,  29, 110,  75,  80, 169, 232, 189,  13, 223, 213,  89, 150,  16, 236, 221, 126,   9,  35, 184, 138, 177, 252,   5,  60, 202, 247,  71, 112;
  38, 173,  96, 155, 220, 163, 142, 232,  86,  51,  89,   2, 224, 232, 124,   0,  89, 235,  19, 211, 242, 114,  74, 255,  60,  30, 143, 236, 149,  91, 240, 128;
 149,  92,  31, 127,  34,  86, 134, 248, 244, 202, 242,  68, 115,  80, 161, 235,  38, 112,  84, 106, 229, 229,  63,  45, 160, 234, 102,   0, 121, 243,  97, 189;
 164,  22, 189, 109, 236, 111,  68, 191,  85,  43, 248,  88,  83,  57,  25,  59, 217, 214,  68,  42, 185, 182,  81,  10, 103, 239, 116,  84, 241, 249, 214, 163;
  16, 137, 151, 165, 155, 163, 160, 231,  14,  49, 202,   3, 228,  35,  32, 196, 233,  87, 107, 145,  18, 185,   3, 245, 169, 230, 222,  70, 144,  74, 165,  42;
 229, 216, 244,  82, 237,  31,  84, 153, 255, 250, 167,  93,  74,  89,  95,  95, 133, 196, 108,  62, 230, 101,  91, 208,  23,  90,  85,  54,  90, 253, 202,   6;
  90, 143, 102, 188, 211, 134, 189, 103, 188, 133, 238, 151,  45, 175,  38,  81, 230, 167, 203, 149,  52, 203,  48, 236, 123, 227, 190, 193, 135,  68, 167,  90;
 122, 188,  35,  58, 217, 229, 146, 234, 139,  27, 168,   9,  46, 253, 100, 144, 201, 251, 217,  19,  10, 107, 218, 183, 187, 214,  29, 123, 211,  79,  54,  10;
  71, 205, 230,  79, 230, 178, 174, 182, 109, 211,  95, 198, 104, 106, 191, 230, 111, 103,  50, 207, 213, 152,  47, 239,  46,  62, 207, 192, 143, 247, 248, 220;
 120, 185, 188, 114, 137, 221,  81, 158, 187, 125, 164,   8, 191, 191,  72,  59, 129, 211, 253,  16,  27, 107, 250,  49, 219, 223,  84, 123, 226,   0, 198,  58;
 228, 122, 157,  69, 108,  47,  87, 152, 122, 170,  50, 104, 214,  49, 193,  59, 146,  84, 108, 106, 161, 116, 233,  56,   7, 154, 101,  54, 192, 251,  70,  33;
  80, 188,  58, 254,  27, 192,  19, 226, 190,   5, 236,   0, 188, 247,  33,  80, 161, 115, 233, 192,   2,  79, 146, 127, 209, 247,  26,  27,  16,   1,  39,  42;
  88, 141,  12, 253,   9, 142,  77,  55,  36, 182, 238,   5, 183,  39,   2,  83, 192, 166, 105, 140, 120, 216, 113,  29, 229, 227, 218,  16,  48,   0, 228, 106;
  73,  61,  85, 101, 178, 234,  39,  55, 124, 168, 122,  96, 191,  51, 128, 176,  38,  55,  76,  40,  49, 184,  33,  78, 236, 255,  32, 128, 106, 224, 131,  41;
  97,  48, 184, 171,  77, 173, 241,   2, 234,  29, 237,  29, 150, 153,  94,  26, 201,  11,  83,  21,  22,  50, 210,  17, 199, 153,  26, 124, 208,  73,  82, 194;
  72,  27, 158, 245,  32, 142, 125,  55, 160, 132, 231, 133, 255,  39,   2,  82, 196, 245, 109, 140,  72, 216, 241,  10, 229, 239, 118,   0,  32, 178, 167, 122;
 144, 189, 115,  77,  50, 195, 131, 127, 116, 136, 250,  96, 243,  87, 160, 164, 122,  58,   6, 168, 123, 185,  33,  31, 233, 172,  34,  64, 113, 128, 231, 185;
  81,   1,  83, 195, 114,  74,  43, 112,  44, 105, 123, 226,  93,  23, 136, 240, 118, 157,  86, 248,   1, 146, 173,  92, 148, 164,  42, 196,  32, 130,  35, 161;
  34, 189,  35, 176, 213, 199, 243, 119,  23, 197, 104,  77,  52, 221, 112,   0, 221,  58,  19,  21, 123, 250,  16,  63, 121,  20, 149, 106, 193,  12, 182, 250;
  33,  54,  83,  89, 116, 235, 225,  83, 117,  73, 123, 116, 112,  81, 156,  52,  88,  42,   6,   8, 179, 186,  97,  95,  68,  30, 176, 192,  75, 136, 114, 177;
 159,  61,  23, 244, 131, 242,  54, 227, 189, 146, 162,  32,  63, 247,  97, 183, 166, 255, 252, 194, 109, 217, 178, 232, 187, 218,  71,   3,  34, 241,  43,  63;
   9,  88,  95, 101,  36, 154, 230,  52, 236, 192, 122,  96, 247, 152, 165, 224, 178, 116,  62, 106, 229, 181,  21,  44, 166, 255,  34,   0,  76, 187,  73,  12;
 109, 245, 240,  78, 253,  31, 247, 252, 123, 234, 253,   8,  74, 120, 158,  52, 217, 206, 118, 110, 237, 114, 255, 254,  63, 127,   5,  62,  67, 255, 210, 229;
  88, 188, 184, 242, 185, 237,  92, 151, 171, 123, 180,  93, 191, 159,  74, 155, 133, 123, 253,  17,  15, 111, 218, 177, 219, 209, 126, 251, 154,  84, 139,  27;
  64, 137, 159, 189, 142, 224,  37, 175, 238,  85,  74,   1, 212, 242,  34,  74, 225,  70,  42,  16,  23, 137, 147,  65, 172, 166,  94,  69, 152,  82, 165,  74;
   1,  49,  89,  71, 114,  78,  98, 104, 108,  96, 115,  68, 214,  19, 140,  48,  58,  13,  70, 104,   1, 184,  85,  93,  52, 172,  34,  68, 105,   2, 107, 129;
 102, 102, 228,  91, 236,  44, 236, 142, 139,  31, 185, 205, 194, 232,  93,  27, 205,  66, 115,  29, 130, 103, 202, 241,  14,  58,  85, 124, 221, 253, 210, 132;
  17, 188,  63, 121,  50, 227, 160, 103,  84,  73,  90, 114, 181,  28, 176, 160, 250,  59,  22, 161, 191, 188,  53,  31, 161, 142,  58,  64, 125,   8, 165, 169;
 109, 245, 118,  78, 253,  31, 246, 248, 251, 234, 253,   8,  74, 249, 159,  53, 221, 206, 118, 106, 244, 115, 248, 254, 127, 127,   5,  62, 195, 255, 210, 231;
 120, 185, 185, 112, 233, 205,  81, 221, 163,  57, 172,   8,  31, 183,  72,  50, 128, 214, 253,  80,  26, 107, 250,  49, 219, 217,  21, 125, 226,  18, 198,  42;
 116,  84, 255, 101, 130,  98, 103,  24, 116, 230, 167, 144,  83,  53, 137, 123,  59, 212, 104, 170,  57, 240, 245,  10,  81, 174, 101,   4, 229, 241, 228, 112;
 188,  80, 105, 109,  76, 111,  71,  88,  65, 234, 245,  76,  83,  29,  29,  57,  88, 212,  85, 106, 201,  54, 121,   0, 211, 203, 225,  52, 121, 187,  86, 178;
 104, 248, 184, 122, 233, 237,  81, 159, 203,  63,  44,  24, 190, 253,  72,  24, 129,  27, 245,  16,  18, 106, 218,  49,  75, 223, 117, 127, 210,  88, 206, 171;
  82, 229, 148, 254,  27,  32,  20, 175, 249,  27, 232, 112, 174, 242,  44, 247, 193, 243, 108, 128, 111,  75, 195, 233, 163, 242,  86,  27,  16,  80, 171,  13;
 241, 235,  89, 100,  48,  15,  79,  61,  33, 168, 186, 104,  55,  81, 192,  48, 150, 252,  93, 126, 201,  35, 201,  14, 250, 205,  37, 188, 108, 186, 194,  41;
 239, 254, 225, 118, 225,  60, 124, 158, 123, 219, 112, 253,  73, 236, 223, 190, 151, 207, 244, 143, 245, 118, 174,  98,   6, 126, 117, 174, 235, 245, 202, 221;
  72, 180, 156, 242, 169, 253,  92, 159, 171,  59, 188,  77, 191, 255,  72, 154, 135,  27, 253,  17,  95,  73, 218, 209, 219, 223, 127, 255, 138,  82, 139,  27;
  74, 169, 146, 154, 153, 217,  16,   7, 159, 141, 133,  40, 174, 211,  96, 204, 193,  59, 234,  16,  18,  43, 194, 243, 153, 148,  30, 123, 146,  12, 141,  14;
  35, 185,  96,  88,  93, 213, 225, 198, 203,  69, 172,  14,  40, 152, 118,  52, 200, 138,  66, 216, 158,  42, 118, 245,  31,  28, 146, 123, 211,  12, 118, 238;
 109, 176, 144,  64, 201,  93,  81,  25,  11, 255, 165,  28,  10, 149,  78,  62, 129, 156, 232,  24,  30, 110, 250, 144, 223, 156,  81, 127, 218,  15, 198,  86;
  99, 248, 214,  84, 239,  15, 116, 199, 235, 178, 170,   9,  94, 250, 101, 122, 163, 229, 122,   1,  69,  99, 154, 192,  21,  26,  85,  54, 216, 112, 203,   7;
 166, 205,  76, 154, 252,  33, 206, 239, 151,  18, 184,  26,  96, 104,  61,   3,  89, 194,  23, 227, 120,  39,  74, 191,  60,  30, 207, 188, 213, 123, 208, 128;
  21,  19,  83,  65, 114,  74, 107, 120,  36,  32, 115, 226,  81,  87, 136, 112, 118, 157,   6, 234, 129, 144, 109,  93,  20, 164, 162, 196,  37, 131,  39, 161;
 192, 121,  31, 117,  34, 142,  53,  55, 168, 138,  98, 108, 190,  55, 129,  83, 166, 117, 108, 104,  97, 221, 176, 108, 229, 187, 100,   2,  72, 176, 131,  57;
 219, 145, 158, 180,  19, 198,  48,  99, 173,  65, 206,  17,  62, 255,  34,  82, 162,  55, 249,   1,  36, 141, 146, 203, 211, 229,  26,   3,  40,  32,  41,  10;
  82,  46,  30, 254,  27, 224,  18,  98, 166,   4, 205, 161, 172, 231,  32,  80, 226, 177, 235, 128,  26,  11, 138, 125, 209, 165,  10, 155,  48,  35,  47,   2;
 185, 123, 200, 111, 117, 159,  94, 212, 113, 200, 244,  76,  59,  25, 147, 176,  28, 236, 148, 206, 237, 190, 121,  42, 102, 237, 164, 129, 107, 191,  90, 217;
 210,  61, 151, 212, 139, 192,  28, 103, 253, 146, 162,  96,  60, 246,  37, 251, 166, 243, 248, 130, 121, 207, 130, 104, 185, 146,  95,  10,   0, 112,  39,  46;
 144,  74,  87,  68,  34,   6,  43, 112, 189, 138, 242, 226, 127, 151, 165, 245,  54, 117, 110, 106,  97, 181,  33,  78,  17, 234,  98, 130,  99, 179,  37,  41;
  81, 105,  27, 174,  58, 131,  27,  96, 164,   0, 155, 224, 183, 211,  32,  80, 102, 177,  93, 226,  72,   3,  64,  61, 240, 225,  42, 152,  56,  35,  33,   3;
 165, 222, 157, 101, 172,  47,  69, 191,  84,  59, 114, 124, 211,  57, 136,  59, 221,  86, 100,  40, 249, 248,  81,  38, 237, 255, 116,  84, 216, 120, 194, 161;
  38, 237, 108, 155, 252, 163, 174, 236,  86, 178, 217,   2, 224, 232, 125,   0,  89, 235,  51, 211, 226, 114,  75, 255,  44,  30, 239, 252, 149,  91, 240, 128;
 120, 137, 174, 181,   9, 204,  69,  39, 161, 166, 206,   9, 167, 179,   2,  82, 192, 230, 105,  12,  88, 152, 240,  43, 195, 247, 208,  17,   2,  68, 214, 106;
  98, 240, 177,  72, 217, 253, 145,  95,  75, 125, 169,  29, 138, 157,  76, 156, 205, 154, 195,  20, 147,  43, 250, 209,  15,  28,  20, 126, 211,  14, 198, 254;
 167, 205, 234,  95, 244, 146, 238, 164, 223, 192, 126,  22, 104, 232, 191, 100, 123, 102,  51, 223, 231, 184,  47, 239,  46,  62, 143, 192, 149, 255, 248, 204;
 130,  13, 139, 156, 214,  32, 174,  71, 148, 131,  90, 210, 116, 238,  49,  75, 126, 123,  51, 129,  48, 219,   2, 234,  48,  38, 190, 136, 133, 120, 177, 152;
  88, 203, 252,  63, 178,  18,  63, 181, 246,  21, 230, 160, 227,  98, 130,  83, 102, 231, 172, 200, 220, 217, 109,  61, 232, 227, 246,  17,  48, 178, 173,  73;
  82, 201,  46, 182, 129, 132, 189, 230, 165,  21, 198, 135, 109, 239,  50,  87, 237, 231, 125, 199,  72, 223,  18, 229, 249, 242, 222, 195,  35,  20, 167, 218;
 217,  92,  30, 172,  82, 134, 123, 112,  52, 136, 194, 103, 117,  19,  33,  81, 116, 253,  29, 239, 104, 150,  17, 108, 241, 163, 234, 128,  40, 179,  34,  43]