[120, 233, 249, 122, 248, 201,  85, 255, 131,  61, 172,  40,  51, 183,  72,  48, 201, 210, 101,  72,  90,  43, 234,  51, 251, 221,  52, 127, 243, 152, 198, 107;
 144, 221,  15, 237, 156, 207,  71, 189, 132,  48, 194,   2, 119,  49,  48,  65, 104, 164, 123, 106, 121, 173, 113,  61, 241, 171, 193,  84,  48, 168, 240,  42;
 122, 185, 238, 110, 157, 213,  83, 172, 135, 229, 174,   9, 123, 253,  94, 162, 200, 246, 249, 209,  78, 107, 251, 181, 251, 221, 133,  91,  99,  14, 118, 122;
 120, 241, 184,  98, 153, 205,  83, 205,  35,  53, 173,   9,  31, 151,  72,  16, 145, 155, 205,  16,  90,  11, 250,  17, 251, 197,  37, 125, 242,   2, 134,  42;
  71, 249, 149, 146, 170, 133, 175, 140, 138, 245,   0, 253, 252, 230, 207, 174, 135, 115, 250,  85, 215,  73, 254, 113,  44,  22,  95, 254, 156, 116, 129, 221;
 177, 211, 119,  76,  82,  67, 239, 125, 101,  64, 240, 226, 121,  87, 164, 181, 126, 184,  22, 234, 225, 179,  36, 221,  50,   8,  35, 128, 127, 162, 230, 181;
 134, 106, 236,  55,  40,  89,  76, 248, 161, 246,  85, 185, 237, 109, 155, 143,   7,  85, 229, 111,  96, 116, 175,  40, 134, 211, 117, 161, 102, 247,  15, 244;
 141, 235, 176,  81, 236, 157, 188, 217, 255, 123,  52,  92, 142, 136, 221, 143, 167,  11, 230,  95, 195, 116, 142, 208, 140,  88,  85, 126, 206, 220, 139, 181;
 185, 149, 124, 123, 173, 223,  84, 191, 253, 123, 183,  16, 122,  63,  12,  57, 137,  18, 124,  40, 248, 237, 123, 255, 203, 223, 116,  86, 210, 128, 194, 111;
 203, 252, 135,  28, 201, 182,  44, 239, 191, 211, 194, 212, 104, 230, 245, 255, 229, 110, 250, 156, 165, 223, 150, 232,  28,  58, 223,  14, 138, 116, 171, 220;
  71, 242, 133, 147, 170,  48, 172, 142, 191, 123,  18, 247, 140, 174, 220, 175, 167,  79, 255, 149, 151,  92, 143, 241, 140,  22, 127, 230, 140,  84, 129,  93;
 125, 176, 145,  36, 137, 109,  67, 138, 227, 121, 169,  29, 159, 245,  72, 150, 153, 199, 236,  18,  31,  99, 250,  17, 153, 213,  21, 126, 202,  67, 198, 114;
 152,  30,  85, 245,  50,  42, 107,  19,  52, 107,  82, 244, 159,  55, 128, 229,  22,  22,  61,   8, 185, 156,  65, 142, 192, 247,  48, 128, 174, 128,   1,  57;
   6, 185, 232, 147, 197, 201, 185, 198, 158,  85,  88, 183, 164, 236,  94,   8, 251,  91, 147, 145,  22, 120,  94, 241,  13,  16, 223, 239, 149,  92, 149, 218;
 249,  22,  84,  69,  56,  62,  78,  63, 121, 170, 190, 124,  74,  51, 148, 247,  23, 196, 124,  44, 189, 237,  69, 206, 178, 255, 101, 150, 106, 224,  74,  37;
  88, 227, 184, 114, 171, 201,  17, 205,  43,  61,  60,  41, 142, 151,  74,  24, 147,  27, 237,  16,  18,  75, 234,  17, 219, 213,  53, 255, 210,  18, 143, 107;
  37,  32, 191, 101, 116,  15, 225,  88, 126, 168, 114,  72, 215,  57,  17,  56, 216, 236, 118, 121, 153, 248,  81,  12,  77, 158,  33,  84, 201, 169,  82, 161;
  36,  49, 249,  98, 208, 239,  67, 217,  35, 233,  45,   8,  19,  85, 201,  52,  25, 222,  85, 120,  27,  58, 248,  16, 125, 140,  37, 124, 227, 203, 198, 240;
  78, 239, 242, 254, 235, 224,  62, 236, 187,  30, 252, 169, 111, 239,  43,  81, 183, 251, 239, 226,  98,  67, 138, 251, 243, 247,  79, 139,  18, 247,  39,  75;
  88, 157, 190, 117, 163,  82,  93, 182, 161, 158, 206,  33, 255,  55,   2, 119,  39, 247, 253, 234,  56, 201, 171, 236, 251, 231, 255, 129, 162, 228, 175, 107;
 124, 100,  80,  97,  19,  43,  98,  24, 121, 162, 235,   8,  95,  67,   9,  81,  50, 204,  76, 106,  40, 244,  89,  46, 215, 231,   1,  21,  98, 163,  66,   0;
  84, 179, 247,  65, 166,  74, 239, 152, 103, 181,  31, 170, 219, 117, 217,  46,  50, 212, 124, 250, 152, 240, 237, 192, 253,  26, 229, 196, 231, 179, 246,  97;
  89,  92, 183, 180,  33, 238,  21, 151, 186, 242, 130,  12, 222, 246,   1, 251, 163, 117, 120,   3,  37,  69, 177,  24, 177, 235,  95,  18, 136, 116,   7, 122;
  16, 188, 190, 243,  42, 233, 177,   7, 172,  23, 158, 177, 183, 159,   2,  10, 167,  51, 253,  17,  50, 237,  35,  39, 201, 199, 122, 209, 224,   0, 133, 123;
 196, 108, 141, 173,  12,  11, 238, 168, 238, 176, 170,  74, 215, 200,  81,  67,  90,  69, 106, 123,  72, 101, 203,  56, 188, 128,  15,  60,  84,  59,  81, 128;
 124,  88, 249, 124, 168, 104,  85, 158, 163,  54, 172,   8,  87, 115,  73, 122,   3, 214, 108,  10,  74,  99, 251,   1, 215, 175, 117,  61, 224, 241, 198,  35;
 120, 189, 184, 106, 249, 157,  82, 255,  67,  45, 236,   9,  55, 153,  74,  16, 209, 222, 196,  16,  94,  58, 216,  51, 255, 205,  37, 125, 122,  74, 206,  11;
  91, 143,  18, 140,  19, 144,  15, 103,  45,   5, 202, 170,  47, 162, 166, 244, 162, 171, 220, 129,  93, 155,   4, 239, 176, 116,  26, 139,   6,   6, 171,  44;
  90,  19, 214, 229, 235,  58,  56,  67, 169, 165, 251, 255,  12, 175, 134,  94, 166, 181, 239, 128,  20, 219, 131, 192, 150, 241, 122, 211, 167, 132, 175, 151;
 121, 245,  99,  66,  81, 205,  71, 117, 161, 200, 173,   8,  51,  87, 140,  52,  24, 186,  84, 234,  75, 170, 120,  13, 119, 156, 132,  48,  99, 146, 198, 248;
  37, 233, 137,  33, 248, 141, 171, 200,  42, 245,  36,   8, 181, 193,  89, 128, 138,   9,  83,  93,   2, 122, 202,  48, 109,  13,  47, 108, 208,  10,  75, 232;
 122, 113, 105, 100,  91,  71,  91,  88,  35, 228, 181, 171,  19, 221,  71,  48, 220, 157, 213, 227, 204,   3, 248,  28, 243, 201, 137, 191, 101,  35,  54, 243;
  92,  42, 255, 240, 170, 105,  81,  83, 162, 191, 173, 184,  31, 247,  65,  26,  39, 254, 237,  24,  26,  67, 170,  32, 219, 199, 117,  61, 226, 225, 134,  99;
 120, 169,  41,  75,  29, 221,  67, 216, 230,  69, 172,   9, 187, 199,  82, 116,  88,  40, 232,  94,  78,  43, 255,  53, 235, 253, 130, 121,  82,   7, 126, 122;
 220, 101,  27, 104, 168,  76,  71, 152, 224, 146, 161,   8, 215, 211,  73, 123, 144, 208,  76, 106, 105,   5, 186,  16, 243, 233, 101,  60,  64, 243,  70,  34;
 124, 244, 154, 226, 148, 253,  83, 158,  50,  61, 175,   8,  87, 247,  72,  24, 145, 222, 236,  48,  26, 115, 248,  17, 219, 197,  53, 125, 224,  91, 206,  51;
 156,  60, 151, 245, 176,  78,  69,  23, 180, 138, 226,  80, 255, 119,   1,  59,  51, 119,  76,  56, 121, 237,  49,  10, 233, 227, 116,   0, 224, 240,  37,  43;
 121, 205,   7, 238, 156, 135,  79, 189, 133,   0, 223,  66, 243,  99, 184, 229,  88, 226,  31, 234, 121, 163,  91, 189, 241, 237, 167,  24,  58, 186, 240,  40;
 220, 176, 149, 120, 137, 237,  17, 139, 171,  19, 161,  24, 158, 247,  72,  27, 161,  19, 236,  16,  26, 103, 155,  17, 217, 242,  80, 127, 194,   0, 135,  34;
 162, 192,  98, 217,  84, 139, 232,  87,  87,  33, 118,  18,  40,   9, 180,  89, 106, 140,  23, 136, 234, 190,  65, 213,  22,  40, 144, 192, 119, 136, 112, 136;
  50, 135,  14, 238,  20, 135,  78, 103, 133,   9, 218,  66,  99,  43,  48,  64, 216, 166,  15, 161,  88, 171,   1, 223, 177, 244, 130,  17,  48, 138, 244,   8;
 160, 110, 250,  92, 109,  88, 229,  66, 249, 150, 116,  56,  34, 216, 213,  63, 169, 248, 194,  66,  98, 103, 162, 107,  23, 186,  80,  43,  69, 121,  86, 174;
  72, 145, 217, 231, 162,  10, 111,  53,  44, 137, 123,  96, 223,  55, 136,  82,  54,  87, 125, 250,  89, 152, 233,  96, 236, 173,  38, 128, 164, 178, 129,  57;
 224,  36,  84, 103, 104,  11, 100,  41, 107, 162, 163,   8, 231,   1,  72,  19,  16, 132,  76,  42, 112, 116, 205,  28, 164, 152,  65,  48,  64, 170, 194, 128;
 239, 226, 226,  18, 237,  57, 238, 200, 251, 255, 181, 157,  10, 200, 223, 158,  57, 200, 230,  95, 174, 103, 238, 226,  30,  94,  85, 191, 199, 253, 218, 196;
  91, 129,  55, 190, 201, 212, 116, 103, 237,  25, 203,  16,  44,  62,   8, 247, 224,  55, 249,   1,  85, 203,  51, 197, 145, 251,  90,   3,   2,  68, 167, 111;
 167, 108, 255,  86, 237, 120, 229,  67, 249, 159, 125,  24,  58, 248, 213, 191, 169, 126,  82,  27, 160, 247, 162,  98,  23,  26,  84,  10, 197, 113, 247, 167;
 100, 161, 185,  96, 252, 105,  83, 139,  83, 181, 172,  24, 214, 245,  73,  58, 153, 222, 104,  56,  58,  98, 251,  16, 239, 149,   5, 125, 224, 249, 198,  98;
 113,  84, 185, 108, 108,  45,  87,  63, 121, 142, 184,  12, 247, 121,   1,  48, 158, 165,  76,  34, 232,  39, 240,  10, 241, 253,  33,  56,  88, 248,  66,  43;
 201, 190,  45,  93,  58, 198,  49, 187, 246, 221,  86, 116, 249, 247, 218, 227,   5, 118, 253, 156, 227, 220, 179,  63,  79,  43, 127, 192,  42, 128,  53, 123;
 212,  60, 187, 118, 168, 236,  85, 208, 178, 190, 167,  61, 215, 215,  65,  27, 205, 245, 109,  82,  56, 103, 218,  34, 217, 227, 117, 125, 224, 113,  38, 115;
 137, 148,  92, 125,  56, 175,  81,  59, 117,  58, 126,  16, 223,  51, 128, 113,  23, 178, 124,  40, 188, 184, 113,  29, 199, 219,  97,  68, 120, 192,  64,   3;
 168, 188,  29, 249,  41, 239,  85,  57, 182, 122, 241,  88, 214, 215,  64,  49, 217, 184,  93,  34, 107, 102, 218,  29, 197, 211,  97, 188,  88, 105,   6, 179;
 207, 252, 134,  31, 201, 180, 172, 135, 251, 219,  66,  84, 232, 226, 213, 239, 197, 111, 250, 159, 247,  78, 222, 225,  46,  58, 222, 138, 138, 116, 251, 156;
 252,  15, 108,  37, 172,  18,  78,  45,  97, 230, 186, 173,  67,  40, 151,  19,  95, 196, 236, 230, 236,  74, 237, 142, 186, 250, 229, 149, 103, 246, 222,  76;
  74,  51,  50,  24,  91, 153, 176,  72, 239, 133, 228, 189, 142, 200,  98,  20,  50,  41, 234, 113,  22,  99, 134,  85,  86,  84,  17, 123, 234,   5, 175, 199;
 245, 157,  57, 110, 152,  71,  71, 185,  86, 108, 172,  76, 115, 117,  42,  48,  93, 214,  76, 106, 235,  35, 125,  63, 251, 175,  37,  60, 121, 170,  68, 122;
  35, 128,  98, 221, 116, 185, 232,  79,  95,  65, 124, 146,  40, 236, 190, 160, 122, 170,  18, 141, 151, 186, 102, 215,  22,  60, 146, 168,  95, 140, 114, 204;
 188, 109, 176, 191, 189,  45, 206, 218, 223, 170, 156,  24, 175, 233,  81,  74, 201, 226,  95,  91, 170,  39,  89, 186, 163, 213, 143,  56, 210, 249,  80,   8;
 116, 163, 191,   4, 172, 104,  71, 168, 233, 254, 171, 105,  66, 224,  93,  90, 177, 196, 108,  99,  24,  67, 138,  96, 152,  50, 101, 127, 128, 115, 246,  71;
  31, 241, 236,  37,  41,  95,  95, 153, 175, 253, 190,  13,  95, 125,  27,  50, 182, 199, 253, 111, 205, 241,  59, 145, 227, 223, 109, 181, 239, 246, 203,  83;
  65, 178,  47,  29,  10, 197,  33,  59, 182, 124, 198,  84, 180, 150, 130, 123,   0,  32, 122, 140, 163,  77, 247,  29, 205,  35, 122, 248,  24,   0,  37, 121;
  11, 183,  18, 191, 210, 165, 190, 255,  54,  25,  89, 215, 124, 243,  42, 133, 253, 123, 147, 133, 243, 218,  90, 245, 108,   2, 126, 202,  11,  70, 171, 153;
 207, 219, 166,  30, 173,  20, 172, 189, 248,  30, 135,  84, 204, 226, 222, 239, 197,  70, 248, 207, 245,  77, 190, 225, 130, 115, 222, 206,  14,  36, 185,  85;
   2,  96, 134, 157,  78, 139, 168,  72, 174, 177, 210,   2, 172, 202, 112,  66, 106, 173, 127, 193,   2, 219, 131, 217, 156,  48, 155, 136,   5,  40,  49, 136;
  57,  93,  21, 229, 181,  15,  71, 190,  68, 170, 202,  64, 243,  49,  17, 228,  80, 198,  28, 106, 201, 176, 113,  62, 229, 255, 165,  20,  58, 250,  80,  40;
 253, 241, 123,  64, 122, 215,  91, 248,  97, 104, 188, 238,  27, 221, 222, 180, 126, 220, 213, 234, 203,  39, 252, 159, 115, 205, 161, 255, 111, 151, 110, 247;
 126, 100, 228,  64,  15, 115, 218, 200,   3, 246, 173, 139,  75, 236,  95, 158, 217, 212, 233, 183,  12, 103, 239, 128, 155, 211, 193,  63, 231, 127, 126,  86;
 216, 197,  29, 229, 136,  78,  93, 191, 162,  54, 166,  24, 215,  55,  72,  83,  51, 151, 125, 170, 120,  69, 153,  23, 249, 171, 127,  52,  32, 240, 135,  34;
 210, 250, 187, 182,  59, 205,  51, 212, 186,  95, 145, 109, 174, 222, 110,  82, 167, 251, 237,  67, 230,  79, 186, 115, 251, 213,  62, 187,   0,   1,  39, 123;
  80,  42, 220, 116, 170,  40,  89,  19, 162, 183, 167, 185, 151, 167,  67,  26,  39, 245, 237,  16,  24,  77, 131,   0, 219, 135, 117, 185, 224, 225,  15,   3;
 120,  97, 106, 100,  53,  90,  91, 112,  97, 228, 238, 137,  11,  13, 146, 112, 114, 172, 221, 106, 204, 179, 116, 140, 243, 237, 128,  17,  38, 167,  94,  94;
  96,   3, 216, 236, 108,  10,  73,  56,   0, 172, 215, 236, 215,  35, 201,  82,  94, 212, 110, 232,   9,  18, 193,   8, 212, 173, 225, 148,  36, 171,   0,  33;
  41, 244, 164,  33, 181,  63, 196, 159,  95, 115,  10,  93, 210,  56,  94, 164, 153,  10,  90,  61, 255, 252,  93, 151, 174,  95,  21, 116, 222,  92, 216,  76;
  85, 124, 248, 170, 218, 101,  95, 216,  50, 227, 205,  26,  85, 215, 107, 120, 119, 217,  23, 243,  10,   6, 186,  50, 249, 133,  47, 108, 176, 243, 166, 115;
   2,  32, 182, 141, 108, 129, 168,  73, 174,  25, 210,   2, 172, 138,  52,  66, 234, 173, 123, 129, 130, 250, 195, 209,  20,  56, 202, 128,  21,  12,  49, 137;
 159,  31, 110, 255, 170,  50, 191, 251, 188, 218, 214, 245, 253, 102, 179, 107, 103, 119, 127, 175, 241, 193,  47, 111, 224, 235, 239, 128,  12, 240, 169, 113;
  77, 101,  49,  97, 161, 110, 101, 182, 112,  40, 102,   8, 159,  19,   9, 185,  16, 222,  76, 106,  89, 240, 241,  44, 229, 249,  32, 112,  66, 209, 194,  32;
 238, 239, 103,  53, 104,  26, 239, 172, 168, 118,  70, 157, 201, 109, 147, 151,  39,  68, 225, 239, 224, 220,  46,  61, 100, 115, 207, 133, 102, 245, 223, 240;
  69, 148,  25, 235, 176, 175, 107, 158,  62,  41,  75,  84, 213,  51,   8, 112, 151,  23,  95,  60, 179, 152,  89,  63, 237, 166,  58, 192, 136, 193,   1,  33;
 102,  46, 226,  26, 203, 240, 154, 202, 139, 215, 188, 171,  40, 238, 119,  26, 207, 251, 227, 147, 158,  43, 238, 226,  26,  52, 158, 251, 215, 215,  46, 198;
  70,  61, 240, 218, 234, 172, 188, 203, 171,  27, 185, 160, 172, 254,  77,  90, 167, 219, 255, 144, 130,  65, 138, 241, 191, 252,  79, 170, 209, 243, 163, 147;
  54,   2, 102, 136, 109, 211, 152,  65, 141,  76, 213, 187,  74, 140, 190,   8, 204, 129, 215, 165, 140, 167, 100, 212,  18, 120, 138, 155,  87,  15, 126, 215;
 121,  21, 223, 103, 193, 126, 103,  53, 117, 226, 239,   8, 211,  55,  10,  51,  88, 222, 106, 106, 121, 240, 249,  44, 231, 235, 196,  17, 107, 251, 202, 120;
 173, 244, 107, 170, 244, 195, 251, 248,  22,  80, 221,  51, 213, 215, 122,  32,  91,   8, 147, 251, 115, 150, 110, 191, 254,  69, 175, 237,  55, 143,  62, 243;
 123, 189,  34, 175, 173,  29, 214, 253, 207, 120, 152,  45, 238, 252,  30,  32, 216, 199, 127, 103, 222,  43, 251, 189, 185, 125, 175, 190,  84, 126, 211, 223;
  73, 120, 151, 103,   3,  94, 116,  20,  97, 162, 102,  72, 254,  49,   1, 191, 178,  84, 104, 106, 129, 244, 177,   8, 199, 251,  85,   0, 226, 115,  67,  40;
  40, 172,  57, 113,  93, 239,  65,  54,  99, 173, 172,   8, 179,  21,  64,  50, 137, 174,  68,  24,  10, 250, 241,  61, 207, 157,  52, 113,  98,   8,  70, 234;
  34,   5,   2, 131, 212, 163, 170,  97,  12,  33,  91,   2,  64, 106,  52,  64, 120,  43,  19, 177,  16, 184,   0, 220,  44,  12, 138, 192, 149,  14, 241, 136;
 133,  92, 149, 223, 130,  38,  47, 184,  22, 178,  67,  86, 212, 115, 169, 111,  87,  86,  50, 250, 113, 212,  89, 106,  45, 174, 239,   4, 184, 241, 161,  49;
 237,  95,  52,  63, 106,  62,  63, 184, 168, 254, 103, 253,  77,  98, 135, 219, 166, 101, 104, 110, 228, 197,  73,  45,  68, 107, 101, 134,  90, 247,   3, 213;
  92, 181, 147, 122, 147, 237,  48,  71, 255,  11, 105,  56, 238, 246, 108, 244, 177,  59, 224,  16,  51,  25, 186, 247, 153, 214,  30, 107, 210,  66, 167,  39;
  63, 109,   3, 174, 177,  22,  78, 112,  49, 200, 248, 207,  59, 206, 179, 180, 254, 237,  21, 239, 205, 147,  36, 238, 176, 253, 174, 168,  47, 247,  58,  93;
 120, 175, 112,  10, 219, 185, 146, 239, 127,  53, 172,  13, 106, 168,  14, 148, 169, 130, 234,  17,  62,  43, 159,  63,  59,  86,  17, 127, 243,  78, 222,  78;
  97, 190, 190,  48, 188, 189, 240,  23, 254, 255, 182,  93, 183, 232,  86,  26, 133, 111, 108,  29, 182, 111, 243,  35, 222, 255,  53, 120, 200,  72, 203,  81;
  37, 189, 211,  94, 240, 141, 231, 243, 122, 200, 105,  76,  48, 240, 229,  52,  59, 106,  98,  90, 211, 186, 186, 123,  61,  60,   5,  40,  73,  99, 194, 165;
  87, 116,  77, 163, 130, 111,  79, 121,  45, 230, 139, 205, 215, 102, 219, 120, 183, 213,  93, 183, 221, 146, 125,  12, 185, 198, 175, 244, 168, 115, 135, 117;
  66, 139, 133, 154, 169, 244,  60, 143, 175,  25, 136,  17, 140, 174,  76, 206, 135,  83, 249, 149,  22,  73, 203, 241, 139, 118,  94, 255, 144,  69, 175,  78;
   1,  12, 247, 253, 180, 190, 108,  55, 125, 235, 250, 112, 247,  56, 149, 233, 207, 103, 126,  45, 189, 248, 101, 206, 166, 254, 118, 128, 196, 232, 209,  45;
  34,   1, 118, 205, 108, 137, 184, 105, 238,  17, 112,   2, 168, 138,  52,  74, 234,  45, 123, 129, 146, 250,  67, 213,  28,  56, 218, 194,  21,   8, 113, 129;
  37, 111,   1,  13, 116, 143, 238, 248,  94, 232, 120,  76, 179,  72, 149,  32,  25, 104,   2, 111, 199, 176,  93,  63,  44,  12,  37,  36,  93, 187,  82, 132;
 168, 237, 120, 123, 212, 205,  87, 255,  80,   5, 108,  24,  51, 209,  40,  48,  25, 186,   2, 122, 114, 186, 120,  63, 111, 141,   4, 105, 115, 154, 230, 170;
 125, 176,  80,  96,  27,  30,  90, 184,  51, 224, 165,  12,  95, 115,  74,  20,  55, 196, 124, 110,  28,  35, 217, 150, 154, 253,   1, 126, 107, 167,  74,   7;
 203, 141, 138, 191, 160, 176, 108, 183, 190,  83,  75, 213, 253, 238,  18, 250, 231, 239, 253, 133, 191, 220, 191, 227, 190, 247, 254, 200, 172, 196, 169,  92;
 225, 130, 181,  25, 252, 189, 224,  31,  79, 121,  50,  92, 166,   8,  30, 172, 133,   2, 106,  29, 183, 124, 119,  23,  12,  90,  84,  86, 216,  12, 219, 204;
  82,  97,  86, 133, 110, 137, 248,  64, 175, 160, 178, 138, 141, 142, 112,  82, 110, 181, 127, 225,   2, 129, 131, 220, 148, 240, 138, 248,  53,   8,  35, 137;
  22,  13,  50, 145, 182, 168, 186,  66,  61,   3,  91,   2, 141, 234, 113,  72, 247,  43,  31,  17, 146,  49,   0, 194, 156, 212, 138, 194, 148, 105,  49, 129;
 130,  72, 134, 159,  28, 131, 168,  64, 150, 128,  82,  18, 104, 202,  49,  73, 120, 104,  59, 193,  96, 245,   2, 223,   8,  34, 219, 128,  21,  44,  48, 136;
 124, 161, 188, 226, 173,  73,  80, 201, 207, 189, 189,  41, 206, 249,  65,  26, 139, 149, 237,  16,  26,  97, 203, 144, 219, 213,  37,  63, 240, 106,  94,   3;
 188, 251, 112, 104, 249,  31,  86, 250,  83,  40, 184, 108,  11,  89,  13, 149, 156, 216, 196,  98, 254,  98, 209, 157, 178, 217,   5,  54, 123, 189, 202, 135;
   7, 186, 173,  19, 122, 157, 169, 154,  62, 253,  30, 228, 244, 230, 223,  46,  39,  75, 127, 221, 147,  88, 175, 113,  12,   2, 255, 228, 140, 131,  17, 253;
 252,  96,  18,  44,  25,  10,  86,  40,  49, 160, 194,   9,  71, 211,   1, 211, 144, 220, 236,  98, 104, 199, 209,  14, 179, 241,   1,  31,  34,  49,  46,   2;
 119, 117, 235, 163, 130,  39,  79, 121,  32, 232, 219, 202,  87, 118, 217, 112, 126, 221,  21, 255, 217, 146,  29,  10, 249, 135, 175, 196, 160, 115, 178,  97;
 195,  37, 147,  80, 203, 124, 188, 103, 169, 218,  32,  24, 188, 246,  77, 191, 167, 127, 112, 156,  85,  73, 178, 192,  15,  24,  95,  42, 194, 100,  35, 238;
  37,  98, 200,  71, 228,  63, 238, 216,  90, 234, 125,  76,  83, 200, 223, 184,  89, 204,  18,  30, 197,  54, 252,   2,   6,  29,  37,  44, 205, 251,  90, 132;
 217, 149,  17, 127, 161,  78,  71, 191,  52,  10,  99,  80, 223, 115,   8, 245,  21,  94, 124,  42, 121, 216, 217,  63, 173, 251, 114,  68,  42, 160, 131,  49;
  49, 140,  76, 233, 156, 191,  78, 190,  87,  43, 252,  68, 243,  97, 184, 100,  89, 194,  30, 168, 187,  42, 105, 191, 170, 223, 165,  84, 186, 217, 248,  40;
  69, 125, 133, 165, 176,  14, 110, 190,  46, 234,  58,  76, 247,  55,  81,  50, 149, 100,  93, 111, 225, 208, 217,  46, 237, 158, 175, 180,   8, 243,   3,  57;
 252,  96,  21, 100, 137,  76,  71, 184, 225, 178, 165,   8, 219, 115,  73, 191,  17, 212, 108, 106, 105,  71, 219,  10, 243, 217,  69,  60,  98, 179,  74,  34;
  84,  56, 187,  68, 170, 104,  21, 138, 234, 255, 158,  40, 150, 183, 197,  58, 163, 117, 125,  18,  17,  73, 171,  96, 217, 175, 127, 255, 160,  99, 135, 115;
 227, 188, 135,  28, 201, 244, 172, 207, 171, 211, 200,  85,  44, 254, 118, 255, 225, 103, 250, 133, 247,  79, 150, 243,  59,  58, 222,  58, 154,  84, 187, 156;
 119, 127, 243, 196, 247,  90, 102, 208, 105, 232,  91, 106,  72, 252, 221, 180,  62, 252, 246, 251, 197, 179, 172, 202,  62,  28, 135, 174, 167, 247, 118,  37;
  89, 185, 186, 102,  25, 213, 123, 112, 231, 236, 174,   5,  95, 255,  82,  48, 164, 245, 253, 197, 141, 137, 185, 186, 251, 253,   3,  91, 107, 167, 103,  91;
 190,  29,  98, 168,  95, 243, 218,  72, 141,  68, 221, 143,  15, 204,  55,  16, 222, 177, 215, 103, 140,  39, 116, 218, 147,  81, 136, 187, 119, 111,  86, 215;
 116,  36,  84,  37,  73,  43,  98,  40, 105, 162, 163,  24, 195,  97,  13,  27,  56, 196,  76,  42,  56, 242, 205,  14, 148, 150,  65,  53,  96,  35,  66, 130;
  59, 181, 103,  53, 181, 249, 240,  39, 125,  97, 218, 253, 171,  60,  30, 164, 202, 143, 222,   5, 191, 248,  85, 199, 134, 119, 152,  83,  79,  12, 219,  94;
 221, 209, 249, 229, 178,  10, 111, 188,  32, 129, 126, 224, 223, 103, 136, 118, 118, 212, 125, 234, 217, 144, 233, 168, 254, 237,  38, 132,  38, 179, 129,  41;
 104, 153, 241,  68, 251,  76,  87,  23, 235, 165,  44,   8,  62, 183,  68, 118,  34, 246, 104,  72,  17,  43, 178, 224,  63, 188,   5,  62, 226, 226, 198,  43;
 168, 254, 114,  82, 227, 249,  55, 247, 121,  46, 124, 184,  40, 183, 206, 180,  55, 250, 134,  10, 241,  62,  40, 247, 126, 223,  52, 235,  99, 214, 206, 253;
  65,  15,  23,  87, 180, 171, 228,  39, 252, 130, 122,  80, 247,  97, 148,  65, 131, 102, 110,  12, 112, 248,  65, 110, 172, 190, 118,  16, 192, 232, 193,  40;
 197,  79, 156, 101, 164,  10, 103, 183, 116, 170, 122,  64, 211,  33, 145, 235,  16, 108, 108, 110, 105, 244, 197,  10, 164, 174, 103,  20,  72, 248, 201,  40;
  32, 184,  25, 249, 124, 133, 169,  95,  14,  25,  80,  64, 180, 151, 112,  64, 204,  27,  23,  25,   3,  58, 114, 213,  77, 144, 186, 232,  16,   8,  49, 169;
 254, 237, 238,  26, 205, 249, 214, 204, 195, 118, 173, 155, 106, 236,  95, 155, 201, 226, 225, 215, 126,  99, 254, 177,  59,  81, 197,  59, 231, 127, 222, 214;
  82,  59, 254, 164,  43,  82, 126,  34, 169, 238, 138, 165, 110, 174,   6,  82, 166, 245, 253, 227,  92, 217, 131, 232, 155, 247, 207, 131,  32, 102,  47,  95;
 194, 114,  66,  26,  91, 129, 186, 204, 191,  69, 225, 191,  76, 202, 111, 220,  62, 169, 234, 245,  38,   7, 142, 246,  30,  16,  18, 111, 127,   7,  47, 222;
  44, 165, 241,  66, 221, 237,  67, 203, 123, 229, 109,  24,  10, 245, 220, 180,  25, 250,  66,  24,  19, 122, 250, 246,  47,  28,   5, 126, 211, 207, 198, 244;
  42, 146, 122,  90, 121, 245,  49,  88, 183,  77, 117,  53,  40, 195, 174, 156,  76,  42, 195,  28,  18,  11,   2, 213,  86,  63,  16, 203, 219, 133, 110, 243;
 121, 149,  20,  69,  61,  31,  70,  63, 101, 168, 174,  68, 243,  49, 144, 246,  80, 132,  92,  44, 201, 184, 113, 142, 167, 253, 133,  20,  42, 234,  88,  44;
  23, 173, 101,  65, 134,  30, 175, 171, 106, 242, 142, 206, 153,   8, 213, 167,  39,  79,  89, 223, 195, 120, 183, 232,  28,  24, 207,  36,  77, 100, 123, 180;
  89, 169,  58, 225, 148, 157, 248, 119, 108,  73, 254,  10, 187, 152,  18,  96, 172, 171,  92, 217, 159, 187, 245, 149, 251, 253, 170,  88, 101,   8, 249,  78;
 184, 113, 123, 108,  94,  71,  91, 120,   1, 224, 244,  10,  19,  31,  17,  48, 124, 189,  85, 234, 201,  51, 240,  28, 243, 201, 161,  60, 101, 187, 118, 242;
 135, 232, 149,  17, 173, 221, 188, 207, 255, 243,  32,  93, 140, 140,  69, 143, 167,   9, 122,  29, 231, 124, 186, 210,  13,  24,  85,  54, 210,  92, 139, 205;
  23,  98, 232, 119, 160,  59,  79, 137,  59, 230,  87, 137,  71, 108, 223,  26, 183,  77, 245,  15, 140, 212, 239,   0, 194, 207, 109, 148, 228, 247, 158,  80;
 250, 181,  48, 174, 188,  13, 214, 249,  79, 104, 154,  43, 255, 253,  26,  32, 222, 159, 255, 101, 216,  43, 203, 223, 254, 253,  47, 254,  86, 174,  83,  91;
 200,  53,  17, 107,  17, 110,  83,  49,  36,  73, 235,  88, 223,  23,   8, 113, 144,  23,  92, 106,  57, 144, 241,  29, 225, 249,  32,  16,   8,   3, 135,  51;
 203, 172, 142, 191, 248, 252, 124, 167, 190,  83,  70, 145, 189, 238,  82, 123, 231, 239, 123, 157, 247, 221, 190, 247, 255, 251, 222,  72, 172, 192, 171, 216;
  88,  20,  23, 116, 139, 110,  85,  55, 165, 150, 174,   8, 255,  55,   1,  95,  33, 182, 108,  56, 121, 205,  51,  12, 249, 242,  84,  16, 162, 224,  36, 122;
 120, 225, 249,  98, 250, 201,  87, 253,  51,  61,  52,  56,  55, 151,  72,  48,  27, 154,  69,  80,  90,  43, 234,  51, 251, 205,  53, 125, 113, 136, 198, 235;
  70, 191, 147,  90, 179, 252,  19, 195, 255,  11, 105, 112, 174, 246, 236, 252, 151, 123, 164,  18,  51, 216, 170, 247, 137, 214,  30, 106, 218,  69, 167,  53;
  40, 228,  57,  65, 117, 237,  97,  22,  99,  37, 108,   8, 178,  21,  68,  52, 153, 154,  66,  24,  11, 186, 240,  53,  79, 156,  16, 112,  66, 202,  70, 234;
 215,  94, 206, 183, 130,   2, 190, 112, 176, 194, 211, 247,  77, 238, 179, 203, 110, 229, 189, 231, 237, 213, 143, 234, 242,  99, 239, 128, 173, 245, 185,  81;
  48, 141,  88, 218, 156, 227,  82,  43, 215,   1, 233,  18,  98, 241,  44,  80,  88, 186,  11, 128,  58, 171,  73,  63, 235, 166, 144,  89, 177,  10, 244,   2;
  37, 189, 219,  79, 210, 207, 167, 113, 122, 192, 105,  96, 112, 243, 164,  48,  51, 122,   2,  74, 211, 186, 184, 127, 109, 172,  37,  32,  73, 178, 227, 177;
 179, 211, 115,  76,  82, 147, 239, 121,  69,  64, 240, 230,  88,  70, 180, 181, 126, 184,  22, 234, 233, 179,  36, 221,  52,  40, 162, 196, 127, 138, 226, 189;
 117, 185, 185,  32, 186, 109,  83, 202,  43, 121, 184,  40, 150, 182,  74,  50, 145, 221, 124,  80,  31,  35, 248,  19, 153, 213,  37, 126, 224,  99, 134, 115;
 231, 226, 236,  23, 236,  56, 236, 168, 123, 182, 119, 191,  65, 104, 223,  31,  59, 198, 102, 239, 252, 118, 206, 227,  30,  58, 245, 173, 109, 245, 218, 196;
 201, 115, 158,  71, 101,  30, 102,  57, 105, 232,  39,  76, 222,  17,  11, 182, 180,  68, 108, 106, 197, 244, 177,   8, 231, 249, 101,   4,  74, 178, 203,   5;
 168, 148,  50, 250, 117, 173, 120, 115, 253,  25, 119,  24, 174, 155,  36,  17, 133,  59,  87,  16, 178, 173,  18, 215, 199, 253,  16,  74, 210,   8, 195, 139;
 121, 249,  41, 104,  25, 221,  83, 252,  70, 109, 236,   8, 179, 221,  82,  48,  88, 184, 221,  88, 203,  42, 250,  55, 251, 237, 161, 121, 114,  11,  86, 122;
  80,  32, 251, 246, 168, 104,  81,  22, 162, 159, 174, 184,  55, 247,  73,  58,   7, 246, 125, 144,  10,  67, 226,  34, 219, 167, 116, 185, 160, 241,  38, 107;
  33, 231,   0,  19, 244, 137, 236, 239,  94, 161,  88, 221, 163, 232, 220,   0,  25,  74,  66,  29, 198, 250, 206,  55,  44,  12, 189, 232,  77, 158, 218, 140;
 105,  20,  61, 127, 224, 175, 121,  51, 117,  47, 107,  92, 247, 115,   0, 121, 149, 183,  38,  40, 185, 184, 113,  29, 199, 251, 113,  64, 216, 192, 194,  35;
  88, 243, 216, 162, 186, 137,  16, 220,  63,  61, 180, 169, 175, 143,  74,  16, 183, 155, 205,  80,  22,  73, 136,  49, 250, 213,  61, 255, 240, 146, 143,  91;
  73, 177,  63,  89,  40, 212,  57,  63, 246, 125,  70, 116, 188, 151, 194, 235,   4,  52, 255, 140, 147,  92, 247,  21,  69,  35, 122, 232,  10, 132, 133, 121;
 102,  76, 148, 250, 173, 173,  76, 187, 143, 186, 169,   8, 206, 235, 117,  91, 201, 230, 127,  50,  88,  67, 218, 180, 191, 218, 215, 124, 146, 123, 208,   2;
 189, 109,  99, 174, 116,  23,  78, 124, 113, 200, 248, 207, 119, 206, 179,  48, 254, 233,  21, 239, 237, 147,  44, 174, 178, 237, 174, 136,  61, 183, 114, 221;
 198, 143,  12, 186, 217, 128,  89, 167, 161,  85, 128, 157, 237, 230,  10,  83, 199, 231, 233, 213,  62,  75, 206, 119, 252, 115, 220, 219, 176, 132, 166,  92;
  35, 180, 241,  69,  95, 127, 128, 107,  91, 225, 185, 126, 200,  60, 212, 166, 222, 255, 250, 161, 189, 235, 245, 218,  15,  94, 207, 178, 207, 108, 219, 181;
 165,  62, 170,  57, 100, 172, 243,  82, 254,  79, 112,  29, 179, 200,  23,   8, 153,  41,  98,   7, 166, 244, 150,  51,  68,  46,  51,   8, 205, 105,  83, 195;
  65, 188, 186,  48, 188, 173, 113,  86, 238, 223, 182,  29, 183, 152,  82,  90, 133, 175, 124,  29, 150, 111, 243,  19, 223, 255,  53, 120, 200,   8, 203,  91;
 103, 181, 131,  34, 244,  73, 195, 232,  42, 160, 169, 236,  82, 240, 204,  20, 153, 220,  82, 115,  91,  35, 218,  34,  56,  20, 141, 126, 205,  35,  86, 240;
  70, 237, 254,  94, 250, 216, 183, 235, 187,  31, 124, 170, 108, 255, 236,  20,  63, 251, 231, 192,  66,  99, 170, 247, 127, 255,  69, 235, 119, 208, 167, 239;
 120, 156, 188, 124, 237, 221, 213, 183, 255,  59, 126,  24, 255,  57,  12,  50, 137, 151, 245,   0, 248, 124, 123, 151, 255, 255, 117,  86, 210,  72, 195,  43;
   7, 237, 245,  91, 253, 127, 174, 200, 223, 219, 120,  82, 200, 252, 253, 173, 191,  74,  18, 126, 167, 225,  47, 250,  47,  30,   7, 238, 219, 255, 235, 181;
 248, 216,  61, 252,  13,  78, 101, 182, 133,  50, 230,  10, 114,  51,  33, 119, 104, 244, 123, 106, 105, 143, 115,  61, 241, 170, 208,  16,  50, 184, 116,  42;
  70, 105, 176, 251, 248, 141, 190, 204, 239, 145, 177,   8, 238, 238,  93,  26, 190, 219, 127, 211, 210,  99, 218, 241, 191, 220,  15, 122, 209, 178, 163, 129;
  13, 162, 172,  49, 133,  63, 100, 191, 119, 255,   7,  93, 199, 104,  90,   8, 145,  14, 107,  29, 190, 244,  93, 146, 206,  95,  85, 116, 202, 204, 216,  70;
 105,  45,  20, 101, 129, 127, 101, 183,  97,  50, 110,   8, 155,  49,   3, 183,   0, 142, 192,  40,  89, 248, 113,  12, 231, 217,  68,  53, 226, 244, 202, 168;
  41,  32,  23, 225, 116,  15, 225,  82, 124, 169, 114,  72, 151,  17,  48, 160, 152,  60, 114,  25, 129, 188,  17,  12, 205, 170,  50,  64,  72, 136,  67, 168;
  77,  78,  47,  62, 104,  62, 111, 180, 164, 254, 174, 141, 109, 103, 147, 219,  39, 101, 107, 110, 228,  65,  47,  60, 118, 107, 111, 144,  66, 247,  43, 105;
 121, 249, 185, 110,  29, 197,  91, 140,  66, 109, 140,   8, 179, 221,  82,  48, 145, 218, 125,  88,  90,  42, 251,  53, 251, 205, 165, 125, 114,  10, 214, 106;
 124,  44, 180, 254, 189,  45,  86, 150, 207, 186, 180,   8, 175, 121,  17,  91, 201, 226,  93,  89, 186, 111,  82, 168, 243, 219,  85,  58, 210, 121,  80,  11;
  91, 177, 174, 228,  29,  95,  95, 217, 175, 236, 159,  13,  95, 253,  83, 178, 188, 245, 253, 109, 205, 161, 185, 209, 243, 221,  13,  55, 103, 166,  86, 115;
 100, 106, 251,   4, 108,  74,  67, 168, 235, 236, 186, 104,  82, 224, 197,  82, 209, 228, 108, 115,   8,  35, 202,  66, 184,  36,  37, 253, 192,  51, 118,  97;
 206, 186, 190, 114, 235, 249, 187, 128, 187,  31,  21, 185, 236, 255,  79, 155, 151, 123, 253,  83,  54,  69, 186, 227, 207,  83,  93, 251, 198,  85, 143,  91;
 236, 120, 152, 254, 201, 236,  85, 156, 179, 134, 165,   8, 247, 247,  65,  27,   5, 254, 105,  90, 106, 102, 218,  42, 221, 187,  85,  56, 226, 241,   6,  50;
 174, 178, 190,  24, 235, 253,  16, 203, 255, 223, 164, 185,  14, 220, 110, 188, 149,  25, 237,  49, 182, 103, 162,  83,  91,  87,  85, 127, 210, 100, 143,  87;
  86, 161, 136, 160, 153, 249,  90, 143, 175,  53, 137,  25, 143, 186,  74,  82, 161, 147, 253, 145,  30,  11, 203, 209, 187, 213, 159, 127, 144,  70, 143,   6;
  71, 183, 145, 160, 242,  44,  27, 154,  43, 233,  56, 237, 142, 246, 201, 148, 150,  93,  76, 116, 135,   3, 152,  74, 172, 212,  47, 254, 136,  70,   3,  85;
 206, 132,  26, 250,  57, 244,  89, 200, 191,  91, 229,  16, 206, 211,  46, 125, 209, 128, 125,  24,  58, 103,  27, 215, 219, 255,  18,  95, 146,   5, 234,   2;
 200,  50, 152,  48, 232, 173, 121,  23, 163, 183,  37, 157,  23, 167,  66,  26, 167, 191, 229,  20,  26,  94, 146,   0, 223, 193, 117, 121, 224, 128, 142,  82;
 226, 108, 233, 216, 217, 224, 158, 206,  27, 135, 232, 155,  32, 174, 119,  24, 201, 251, 147, 145,  46,  79, 198, 242, 127,  20, 158,  59, 213,  85, 254, 222;
  56,  32, 220, 245,   5,  43, 120,   7, 119, 163, 226,  24, 183,  41,  16,  88, 233, 142, 107,   8,  56, 252,  81,  12, 215, 239,  80,   1, 225, 136,  74, 138;
  95, 161, 138, 162, 153,   4,  92, 141,  35, 241, 139, 157,  79, 174,  90, 154, 165, 199, 253, 149,  31,  75, 155, 160, 187, 193, 159, 125, 168,  86, 171,  18;
 173, 212, 213, 213, 200,   6,  45, 185,  86, 178,  67,  80, 209, 115, 129, 239,  87,  84,  50, 184, 225, 212,  93,  10,  44, 170, 197,   4, 186, 240,   0, 176;
  93,   6, 148, 103,  52,  62,  98,  56, 116, 169, 111,  84, 223, 115, 136, 247,  17,  68, 108,  46, 185, 240,  73,  14, 172, 255,  97,  68, 170, 227,  72,  33;
  71, 243, 146, 138, 169, 141,  95, 153, 175, 101, 143, 205, 206, 195, 206, 214, 134,  68, 236,  78, 219,   1, 219, 243, 176,  52,   5, 126,  10, 183, 139,  21;
  56, 188, 177, 233,  21, 239, 131,  86,  86, 105, 232,  16, 182,  57,   0,  32, 201,  26,  19,  25,  27, 186, 113,  55, 205, 156,  18, 112, 209,  72, 247, 234;
 195, 115, 169,  13,  56,  16, 171,  24,  42, 200, 159, 228, 181, 198, 211, 226,  86,  68, 125, 237, 193,   2, 231,  73,  68,  32, 171, 152,  12, 162,  19, 113;
   1, 143, 158, 255, 160, 174, 167, 119, 252, 139, 127,  80, 247, 243, 160, 225, 180, 103, 110,  40, 113, 249,   3, 111, 236, 175, 118,   0,  72,  98, 169, 169;
  96, 228,  49,  65,  93, 237, 195,   1, 123,  97, 109,  24, 146, 213,  76, 180, 153,  60,  66,  24,  91, 180, 240,  18,   7, 156,   1, 114,  66,  10, 198, 162;
 163, 145,  99,  76,  86, 147, 238, 121,  93,  64, 240, 230,  72, 200, 180, 165, 126, 168,  22, 239, 245, 187,  36, 221,  48,   8, 131, 130, 127, 174, 232, 189;
 221, 205,  89, 229, 182,  10, 110, 188, 113, 160, 226, 210,  95,   3, 129, 119, 118, 212, 125, 232, 232, 220, 149, 142, 250, 233, 167, 196,  47, 176, 160,  33;
 193, 119,  41,   1,  40,  62, 171,  20,  32, 232, 199, 212, 145,   6, 145, 115,  68,  28,  91, 110, 225, 196, 245,  12, 102,  41, 170, 152,  12, 145,  19, 241;
 185,  69,  99, 173, 116,   3,  79, 120,  85, 194, 113, 199, 123, 111, 185, 177, 126, 232,  23, 238, 237, 150, 101, 175, 242, 239, 164, 128,  63, 191, 114, 217;
  97, 207,  29, 111, 188, 143,  71, 190,  86,  41, 170,  76, 243,  33,  53, 112, 217, 198,  76, 110, 253,  43, 121,  63, 235, 190, 165,  84, 152, 187, 208,  40;
 121, 253,  58, 230,  53, 221,  91, 112, 113, 200, 191,  13,  59, 221,  82,  48, 188, 254, 221,  76, 169, 171, 184, 175, 251, 253, 161, 248,  99, 167, 114, 123;
  41,  17, 157, 125, 224, 143, 101,  55, 102, 105, 107,  92, 247, 115,   8, 120, 148,  46,  34,  12, 145, 184,  81,  21,  79, 255, 112,  64, 216, 130, 194, 176;
  80, 189, 121,  96, 242, 203,  83,  91,  42, 236,  60, 168,  23, 151, 194,  48, 183, 159,  68,  48,  26,  26, 160,  20, 217, 133,  33, 253, 100, 128,   7,  99;
  11, 114, 237,  81, 122, 157, 185,  26, 238, 253,  86, 228, 185, 198, 214,  32,   6,  44, 127, 157, 131,  88, 183,  89,  78,   9, 171, 160, 142, 132,  25, 249;
  17, 117, 127, 109,  18, 203, 103, 124, 116, 224, 251,  98,  83, 119, 169,  49,  58, 252,   4, 234, 105, 177,  45,  12, 113, 237,  37,   0, 105, 178,  98, 177;
  17, 172, 174, 191, 136, 238, 109, 231, 166,  23, 238,  17, 245, 247,  26, 123, 105, 231, 123, 156,  58, 201, 187, 101, 207, 191, 214,  81, 128, 192, 167,  74;
 244, 165, 154, 178, 209, 201,  90, 197,  51, 181, 165,  25,   7, 155, 106,  16, 241, 187, 133, 208,  62,  91, 152,  50, 251, 193, 141, 125, 160,   2, 134,   2;
  77,  35, 172,  49, 236,  61, 225,  27, 234, 189, 151,  29, 135, 225,  83,  11, 137,  14, 109,  29, 144, 120, 235,   0, 205,  91, 117, 124, 192, 109, 219, 192;
 222, 178, 190,  88, 235, 125, 145, 203, 187, 223,  52, 185,  14, 221,  71, 159, 183,  25, 255,  49,  54,  71, 186, 211,  91,  83,  93, 255, 194, 100,  15, 215;
 215, 132, 237, 133, 142,  54, 175, 187, 108, 242, 159, 214, 217, 102, 223, 111, 119,  70, 125, 191, 241,  85, 189, 194, 253,  10, 239, 132, 173, 245, 177, 116;
 184, 227, 121,  98, 248, 201,  87, 253, 178,  61, 164,  56,  19, 151,  72,  16,  31, 218,  68,  88, 122, 107, 168,  55, 249, 205,  53, 125,  97, 128, 198, 235;
 121, 177,  56, 232, 244, 141,  81,  25, 100,  73, 255,  42, 179,  25, 154, 112, 216, 138,  22, 125, 158, 186,  97,  29, 255, 205, 160,  72, 100, 138, 240,  99;
   3, 252, 181,  83,  11, 237, 181, 199, 191, 247,  32,  24, 188, 158,  68, 175, 167, 123, 122,  17,  99,  77,  58, 112,  13,  26,  93,  50, 192,  88, 135, 239;
   7, 173, 132,  89, 173, 115, 174, 202, 223, 243, 184,  80, 200, 120, 223, 175, 251,  75, 250,  59, 167,  97,  95, 250,  14,  30,  71,  63, 221, 125, 105, 140;
 162, 167, 251,  88, 250, 193, 189, 239, 186,  22, 120, 179, 121, 239, 236,  16, 255, 187, 167, 128, 114,  46, 170,  87, 127, 135,  39, 239,  85, 224, 231, 251;
 197,  31,  58,  78, 224,  30, 119,  48, 233, 140, 111,  76,  83, 241,   7,  51, 180, 100, 108, 106, 244, 225, 185, 108, 119, 249,  97,   8,  74, 179,  74,   5;
 231,  71, 108,   6, 204,  59, 199, 168,  80, 254, 241, 159,  67, 104, 159,  19,  88, 196, 102, 110, 236, 118, 237,  44, 118,  42, 229, 189,  69, 251, 214, 196;
 157,  60,  62,  57, 156, 238, 178,  82, 252,  91, 186,  21, 215, 248,  18,  35, 185, 103,  92,  49, 191, 225,  17,  30, 201, 175,  35,  85, 201,  97,  43, 147;
 137,  96,  22, 233, 117, 174, 225,  86, 108, 128, 110,  80, 159,  17,   1, 188,  42,  44,  98,  24,   1, 188,  81,   8, 197, 233,  18,  64,  74,   8, 107, 168;
   4,  43, 191,  94, 238, 120, 177,  67, 235, 159, 245,  34, 174, 232, 197,  14, 171, 123, 226,  16,  18, 107, 170, 224,  28,  22,  86,  43, 193, 105, 103, 175;
  62,  28,  96, 238,  31, 127, 218,  88,  13, 106, 189, 175, 107, 125,  55,  57, 222, 241, 215, 227, 172,  35, 124, 188, 211, 221, 137, 187, 255, 127,  86, 223;
 152, 189,  53, 251,  29, 239,  67,  50,  87,  41, 171,  16, 190,  21,   0, 165, 200,  50,  90,  90,  59, 169, 121, 191, 201, 208,  16,  82,  82,  75,  68,  42;
 253, 113,  61, 105, 205, 125,  87, 216, 199, 116, 172,   8,  18, 221,  95, 126, 200, 138, 122,  90, 207,  35, 251, 177, 215, 217, 129,  63, 114, 251,  86, 114;
  51, 237,  97,  75,  84, 151, 234, 252,  87,  64, 120,  70, 113,  72, 156, 164, 120, 170,  18, 239, 207, 186, 124, 255,  46,  76, 135,  96, 127, 154, 122, 172;
 116,  41,  84, 101,   1,  43,  66, 128, 113, 160, 234,   8,  11,  35,   5,  88, 176, 196, 108,  98,   8, 178,  81,  40, 147, 254,  65,  17, 227, 243, 106,   2;
 203, 172, 174, 188, 237, 180, 156, 207, 250,  95, 152,  29, 172, 234, 126,  91, 197,  35, 127,  21, 182,  79, 146, 243, 216, 122, 222, 251, 152,  68, 155,  79;
 204,  49,  17,  97, 161,  78,  71,  49, 105, 104, 103,  72, 222,  23,   8, 181, 144,  28, 104, 106,  89, 144, 241,   5, 133, 249,   0,  70,  74,   3, 134,  50;
 108, 121, 188, 224, 173, 141,  86, 182, 203, 168, 184,   8, 174, 251,  69,  82, 200, 231, 125,  80,  88,  43, 210, 160, 187, 223, 135, 122, 144, 123, 210,  11;
 109, 240, 184,  82, 205,  61, 212, 159, 115, 251, 173,  24,  82, 248,  94, 187, 157, 206, 242,  28, 207,  99, 218,   0,  95,  89,  85,  60, 203, 120, 218, 150;
 118, 224, 160,  50, 203, 225, 144, 200, 155, 183, 161,  27,  70, 220,  77,  26, 137, 221, 233, 145,  26, 103, 202, 115, 153,  22, 221, 127, 193,  13, 150,  70;
 195, 178,  21, 152,  42, 169,  24,  40, 175,  88, 145, 237, 172, 198, 224, 215, 134,  33, 254, 103, 135,  67, 198, 213, 132,  48, 107, 254,  28,   5,   3,  85;
  92, 187, 250,  97, 170,  24,  57, 147, 170, 181, 190, 173, 141, 175,  66,  82,  39, 215, 237, 208, 146,  73, 163,   0, 223, 229,  47, 245, 166, 224, 143, 115;
 246, 225, 239,  22, 206,  64, 188, 236, 187, 246, 211, 191,  64, 236,  95,  27, 107, 199,  99, 231,  92, 119, 239,  96, 126,  34, 205, 111, 229, 119, 246, 214;
 225, 213,  21, 222,  13, 204,  69,  37, 197,  18, 167,  24, 242, 117,  36, 247, 192, 182, 122,  10, 105,  47, 123, 157,  53, 186,  84,  18,  18,  42, 212,  42;
 180, 224, 184, 218, 221, 241, 208, 205, 214,  23, 193,  26, 162, 208, 109,  40, 217,  26,   2,  16,  42,  39, 122, 179, 183, 212,  23, 127, 209,  88, 244, 174;
  41, 241,  49,  67, 245, 205,  75, 253,  83, 105, 125,   8, 178, 213, 216,  52,  25, 154,  23, 126, 211,  58, 248,  55, 109, 156, 165, 252,  82, 138, 214, 232;
 244, 225, 248, 238,  61,  13,  90, 220, 235,  40, 184,   8, 251, 203,  93,  18, 220, 201,  93, 243, 202,  35, 218, 243, 251, 221, 135, 124,  81, 179,  98, 128;
  95,  54, 143, 183, 130,  38,  62,  83, 188, 242, 139, 213, 221, 102,  75, 219, 183, 199, 249, 183, 181, 197, 153,  74, 184, 227, 255, 132, 136, 119,  43,  80;
 172, 130,  50, 250, 101, 189, 112,  80, 255,  29, 117,  16, 142, 219,  44,  93, 167,  25,  23,  24, 178,  36,  42, 241, 135, 217,  18,  75, 210, 129,  99, 131;
 253, 119,  21,  70, 169,  95,  71, 184, 113, 252, 183,  44,  91, 113, 139, 183,  24, 196, 204, 106, 233, 103, 249,  44, 243, 251, 101,  21, 106, 183,  78, 101;
  20,  43, 170,  55, 128,  78,  79, 128,  50, 230,  78, 129, 119, 239,  83,  26, 176, 109, 117, 207,  76, 208, 171,  32, 195, 239, 101,   5, 225, 243,  86, 224;
 175, 180, 255,  82, 195, 255, 181, 239, 249,  87, 119,  18,  72, 252, 190, 189,  63,  91, 162,  56, 181, 252,  62, 231,  31,  27,  85,  71, 199, 197, 239, 244;
 182,  61, 111,  56, 211, 234, 178, 226, 185, 198, 105, 161, 111, 173,  39,  24,  35, 119, 209, 115,  52, 137,  60, 110, 123, 118,  13,   3, 229, 119,  39, 214;
 132, 167,  56,   5, 116,  79, 163, 120, 114, 236, 189, 104, 151, 133, 194,  33,  60,  92,  70, 122, 241, 118, 233,  14, 236, 128,  35, 180,  64, 162,  87, 241;
 242, 181,  69,  90, 219, 112,  25, 143, 187, 121, 167, 185, 104,  55,  14, 223, 229, 151, 253, 180,  59,  75, 249, 245,  27, 242, 148, 215, 131,  68, 166, 126;
 246, 189, 229,  62, 203, 121, 148, 238, 171, 246, 168, 155, 106, 252,  95,  27, 171, 255, 243,   3, 126, 103, 254, 177, 123,  64, 205,  63, 229, 124, 214, 214;
 150, 191,  19,  90, 179, 253,  22, 239, 255,  91, 104, 112, 238, 246, 164, 245, 151, 123, 132,  16, 183, 219,  58, 247, 169, 214,  23,  74, 210,  85, 167, 245;
  65, 184, 186,  56,  42, 252, 177,   7, 238,  65, 110,  16, 183, 158,  70, 112, 163,  63, 123,  17,  23,  25, 178, 115, 223, 245,  26,  75, 136,   0, 175,  91;
  43, 249,  66,  78, 125, 145, 198, 252, 199, 200, 248, 110, 104, 216, 181, 180,  88, 232, 150, 234, 207,  42,  94, 253,  54,  92,   5, 186,  95, 191, 122, 141;
 177,  32,  76,  69,  20, 187,  65,  42,  87, 164, 230,  12, 195, 192, 147,  52,  88, 172,  96,  60,  12, 240, 101,  28, 142, 219, 129, 117, 114, 168,  92,  68;
 233,  60, 181, 101,  61,  95,  81,  51,  97, 239, 190,  28, 139,  53, 134, 182, 137, 164, 204,  40, 189, 188, 241,  14, 199, 255,  48,  51, 226, 164,  78, 127;
 242, 225,  80, 173,  60,  11,  94, 237, 143, 160, 154,  10, 239, 202,  88,  82, 214, 197, 127,  99, 106,   7, 203, 223, 190, 244, 143, 190,  20, 186, 145,   9;
 195, 109,  27,  20, 240, 201,  45,  39, 185, 224, 170, 136, 182, 150,  68, 113, 162, 191,  88,   4, 113, 217, 176, 108, 189,  48,  28,  50,   8,  16, 131, 124;
  55, 126, 211,  86, 118, 146, 190,  96, 121, 194, 254, 234, 104, 252, 183, 180, 126, 253, 150, 226, 229, 183, 140, 238,  58,  62, 135, 139, 111, 247, 122, 141;
 179, 251,  85, 117, 232, 143, 212, 247, 217, 176, 176,  77, 134,   8,   5,  21, 142, 245,  70, 100, 237, 254,  81,  28, 183, 218,  69,  54,  89, 184, 194, 157;
 136, 159, 125, 253, 242,  79, 109,  55,  60, 250, 118, 244, 189,  55, 128, 113,   7,  55,  87, 172, 225, 220,  97,  95, 228, 203, 118, 128,  62, 192, 131, 249;
 130,  76,  10, 156,  20, 163, 169,  98,  20,   2,  82,  18,  48, 202,  49,  65,  89,  40,  19, 129,  96, 172,   2, 255,  64,  38, 250, 128,  21,  72,  48, 136;
 131,  97, 255,  85, 236, 138, 253,   7, 184, 179, 102,  16, 149, 159,  20,  43,   6,  55, 113, 141,  96, 252, 176,  66, 103,  26,  94,   0,  69, 208, 195, 168;
  53, 161,  73, 161,  92,  11, 202,  88,  79,  32, 177,  78,  19,   8, 252, 176, 122, 136,  22, 255, 155,  50,  77, 148, 156, 140, 163, 124, 125, 139,  90, 128;
 225,  14, 108,  87, 116,  62, 237,  54, 112, 174, 126,  92, 179,  40, 150, 115,  76, 230, 102, 172, 244, 254, 229, 110, 102, 171, 242,   0,  73, 192,  90,  12;
 218, 181, 114, 173,  62, 139, 246, 125, 253, 232, 251,  43, 238, 220,  56,  96, 254, 189, 223,  97, 240, 187, 129, 223, 190, 253,  11, 246, 118, 142, 131, 223;
 120,  35, 148, 105,  77, 111,  96,  67, 103,  61, 226,  25,   3,  19,   0,  90, 232, 158, 238, 144,  26, 251, 195,  16, 215, 225, 112,  81,  99,   8, 230,   2;
 207, 212, 244, 243, 170,  48, 124, 158, 187,  83,  23, 177, 217, 111, 223, 127,  39,  87, 253, 159, 182,  68, 255, 242,  79, 251, 255, 196, 166, 245, 193,  85;
 207, 116, 134, 180, 107,  26, 124, 116, 189, 234, 147, 253, 204, 230,   3, 219, 166, 229, 255, 231, 101,  85, 137, 202, 246,  51, 239, 131,  46, 245, 171,  19;
 201, 179,  61,  73, 104, 221,  57,  29, 238, 120,  22, 228, 156, 151, 210, 248,   6,  28, 255,  76, 211,  72, 247,  81,  71,  41, 122, 232,  30, 128,   3, 249;
 218, 185, 162, 200, 155, 212,  31, 207, 175, 117, 142, 131, 172, 223, 102,  86, 238, 215, 251, 208,  26,  75, 243, 243, 251, 245, 143, 123, 130,  20, 167, 126;
 124, 235, 250,  96, 208, 196,  91, 218,  34, 141, 236, 137,  51, 231,  67,  16,  62, 255,  69, 240,  10, 138, 232,  44, 251, 197,  37, 233, 225, 163,  38, 107;
  80,  80, 152, 190, 137, 237,  20,   6, 175, 183, 138,  25, 182, 191,  67,  90, 129, 119, 237,  17,  14,  69, 210,  50, 209, 247,  88,  59, 144,  88,  13,  90;
  95,  33, 135, 165, 139, 102,  46, 175, 164, 227, 138, 197, 221, 118,  73, 250, 183, 199, 121, 245,  29, 193, 189,  64, 185, 230, 207,  84, 136, 118, 163,  84;
  74, 170, 186, 184, 187, 240,  57,  71, 190,  29, 206, 177, 172, 182,  98, 204, 231,  59, 239, 144,  18,  73, 162, 243, 217, 247,  58, 203, 146,   4, 173, 123;
 109, 247, 117,  71, 253,  95,  87, 184, 113, 236,  55,  44,  75, 125, 159, 181, 156, 196, 228, 110, 237, 242, 253,  12, 110, 251, 101,  23,  74, 191,  94, 117;
  48, 107, 106,  76,  84, 147, 206, 212,  69, 164, 244, 138,   1, 137, 181, 164,  88, 232, 130, 234, 200, 179,  52, 156, 115,   9, 133,  41, 119, 184, 116, 172;
 122, 120, 107,  96,  41, 207,  81, 112, 161, 236, 180, 169,  27, 157,  67,  18, 140, 177, 221,  97, 204,   3, 224,  12, 211, 201,  33, 187,  99, 166,  22, 115;
  24,  13,  14, 173, 148, 162, 237, 119,  20,   1,  94,   2,  17,  35,  48,  65, 104,  38,  23, 169,  56, 152,   1, 140, 224, 167, 170, 128, 164, 232, 177,  40;
 192,  89,  63, 124,  57, 204, 117, 198, 191,  72, 102,   8, 190, 183,  37, 112, 160, 115, 124,  64,  33, 233, 178, 127, 243, 255,  20,  18, 194,  16,   7,  59;
 190,  84, 104, 238,  38,  23, 222, 252,  21, 106, 253, 255, 123,  93, 189,  32, 254, 217, 149, 231, 236, 167,   9, 191, 242, 205, 161, 182, 127, 191,  80, 155;
  66, 155, 178, 252, 185, 205,  22, 183, 171,   9, 186, 104, 174, 191,  64,  18, 167, 119, 237,   1,  82,  41, 130, 243, 235, 247,  54, 251, 194,  80, 135,  27;
   0, 167, 123, 253, 250, 195, 189, 107,  62,   7, 120, 179, 169, 239, 104,  16, 127,  27, 135, 160, 114,  26,  42,  95, 105, 199, 191, 173, 117, 192, 167, 235;
 200, 108,  55, 116,  67, 204,  61, 230, 184, 198, 102,  24,  60, 151,  33, 245, 166, 123, 219,  72,  96, 223, 178, 111, 117,  35,  94,  40,   2,  16,  39, 234;
 246, 124, 229,  13, 143, 111, 214, 168,  87, 242, 168, 207,  66, 124,  29,  51, 217, 212, 249, 231, 236, 103,  95,  62,  59,  62, 197,  54, 245, 127,  86,  86;
  37,  56,  25,  83, 193, 253, 112,   0, 121, 232, 100,   8, 182, 144,  69, 188, 144,  56,  64,  88,   1, 240, 240,  32,   7, 220,  16, 114, 202,   9,  66, 174;
  77, 185,  17,  69,  33,  94,  86, 177, 105, 104, 111,   8, 158,  19,   8, 244, 144,  28,  72, 106,  81, 176, 241,   5, 167, 249,   0,  70,  74,  34, 202,  50;
  13, 113,  39, 115, 161, 108, 101, 152, 228,  82,  71,   4, 211, 215, 217, 123,  20,  88,  56, 110, 195, 208, 190,  32, 199, 203,  99,   4, 170, 247, 247, 241;
  64, 185, 187, 181, 178, 200,  49,  39, 238, 197, 106,  33, 183, 191,   2,  96, 162,  63, 125,  81,  18, 152, 179,  45, 237, 165,  62,  65, 100,   0, 135, 123;
 163, 129,  99,  78,  92, 147, 238, 121,  85,  64, 241,  70, 104, 200, 188, 165, 126, 168,  18, 239, 245, 186, 110, 221,  52,   8, 131, 136,  95, 142, 120, 172;
 223, 237, 236, 213, 143, 126, 253, 191,  50, 243, 150, 146, 217,  47, 223, 111,  39, 215, 125, 255, 240,  64, 255, 194, 239, 203, 255, 245, 166, 244, 145, 112;
   7, 252, 172,  56, 141,  61, 148, 202, 223, 183, 152,  31, 194, 248,  95,  11, 201, 195, 122,  21, 174, 111, 223, 210, 220,  30, 223,  63, 221, 124,  89,  70;
 184, 239, 121, 112, 184, 207,  87, 246, 178,  60, 180,  56,  51, 151,  64,  17,  15, 218,  68,  72, 106, 111,  40,  55, 251, 137,  53, 124, 113, 152, 198, 235;
  80, 251,  27, 168, 186, 201,  23, 253, 174, 237, 184, 169, 191, 247,  66, 112, 182, 251, 237, 208,  82,  11, 186, 125, 249, 133,  47, 255,  48,  18, 135, 123;
  99, 188,  42, 177, 245, 253, 248,  23, 223, 121,  90,  93, 142, 188,  86, 184, 205, 191, 255,  21, 191, 250, 212, 215, 143, 127, 152, 227, 206,  76, 154,  31;
 244,  70, 108, 101,  34,  10, 111,  56,  48, 166, 246, 236,  83,  71, 137,  17,  62, 212, 109, 238, 104, 148, 101,  14, 246, 235, 225, 132, 109, 179,  70,  49;
 213, 156, 151, 254, 155, 102,  38, 170, 190,  19, 202,  82, 252, 114,  40, 231, 243, 119,  42, 106, 113, 205,  59, 111, 185, 166,  79,  22, 144, 113, 161,  32;
  73, 114, 109,  73, 120, 221, 169,  24, 238, 125,  87, 228, 185, 134, 214,  43,   6,  40, 127, 157, 131,  84, 247,  81,  70,   9, 186, 168,  14, 132,  27, 249;
 104, 178, 188, 187, 172, 169,  81, 158, 239,  63, 150,  57, 230, 249, 106,  91, 193,  18, 111,  17,  26, 107, 203, 177, 205, 243, 118, 127, 144,  72, 214,  11;
 180, 236,  26, 178, 208, 203,  87, 236, 178,  55, 160,  25,  23, 211, 106,  17, 185, 155,  65, 114, 106,  95,  24,  63, 249, 195,  55, 117,  48,   0, 134, 138;
 172, 250, 124, 123, 116, 155,  66, 248,  85,  30, 244, 108, 114,  81, 173, 145, 216, 120, 198, 106, 234, 230,  74,  61, 102, 217,  97, 117,  91, 187,  86, 171;
  69,  42, 172,  33, 172,  45, 113,  82, 234, 189, 183, 125, 134, 169, 211,  10, 129,  76, 109,  29, 148, 233, 227,   0, 206, 217, 113, 252, 192, 105,  83, 195;
 246, 166, 237,   6, 204,  72, 206, 169, 107, 246, 171, 159,  66, 108,  95,  83, 123, 196, 235, 167, 124, 115, 223,  74,  60,  50, 207,  29, 229, 102, 118,  86;
 120, 171, 121, 100, 208, 198,  75, 250,  32, 132, 236, 137,  51,  71,  65,  16,  28, 253,  69, 248,  74, 154, 224,  12, 255, 197, 165, 108,  97, 130, 102, 234;
  33, 121, 121,  78, 114, 205,  19, 112,  32,  72, 117, 236, 115,  85, 129,  48,  30,  56,  20, 110, 201, 178, 116,  29,  97, 172,  32, 152, 120, 130,   6, 249;
 231, 145,  55,  94,  77, 220,  70,  33, 201,  83, 163,  24, 242, 242,  44, 247, 192, 182, 122,  10, 121, 103, 250, 245,  21, 186,  64,  26,  26,  42, 208,  54;
  53,  33, 105, 201, 244,  47, 107,  88,  69,  96, 125,  74,  83,   5, 185,  52, 122, 136,  23, 124, 155, 178, 125,  28, 125, 140, 161,  68, 247, 139, 114, 225;
 228, 110, 173, 103, 236, 111, 199, 168, 138, 190, 181,  25, 195,  45,  91,  27, 137, 196, 101, 111, 120, 103, 235,  34,  93,  18, 101,  61, 196, 251,  86, 242;
 158, 189,  51,  88, 179, 245, 159, 238, 127,  79, 236,  48, 174, 246, 164, 244, 183, 123, 148,  16, 243, 139,  62, 255, 185, 247,  31, 203, 210,  68, 167, 127;
  99, 188, 160, 184, 239, 145, 144, 111, 203,  95, 152,  45, 172, 186, 118,  74, 195, 171, 255,  21, 150,  75, 214, 243, 152,  86,  30, 251, 156,  68, 187,  95;
 145,  28,  62,  57, 154, 234, 144,  50, 244, 195, 238,  16, 150,  60,   2, 104,  43, 183, 106,  17, 189, 188,  87,  46, 205, 167,  82,  65, 232,  65, 169,  26;
  56, 254, 121, 112,  56, 201,  87, 254, 178,  61, 164,  40,  55, 215,  72,  17,  15, 218,  76, 122, 106, 111, 232,  53, 251, 193,  53, 125,  96, 144, 198,  43;
  37,  17, 157, 103, 228, 143,  97,  49,  98, 105, 107,  84, 210,  49,  24,  48, 144,  46, 114,  76, 145, 184, 241,  21,  77, 189,  97,  64, 200, 131, 194, 176;
 209, 205,  91, 245, 180, 138, 108,  55,  53, 170, 146, 208, 183,   3, 144, 113, 102, 182,  61, 232, 105, 220, 193, 110, 164, 184, 166, 128,  44, 176, 128,  40;
 137, 124,  29,  21,  73, 223, 165, 246, 254, 250,  36,  76, 156, 148,   1, 175,   3, 109,  90,  78, 225,  93, 240, 126,  37,  27, 127,  48,  74,  56,  11, 248;
 173, 167,  32, 171, 212, 135, 235, 249,  86,  69, 217, 215, 145, 200, 122,   0,  89, 138,  19, 255, 254, 186, 109, 183, 108,   5, 175, 236, 213, 142, 244, 192;
 180, 244, 156, 217, 157,  73, 148, 205, 222,  51, 161,  26, 134, 208, 108,  11, 201,  26,  74,  48, 122, 103,  90,  19, 233, 128,  21,  63, 208,  88, 132, 162;
 177,   4, 109,  65,   4, 255,  65,   7,  85, 230, 102,  29, 131,   0,  22, 121, 136, 172, 104,  44,  44, 252, 117,  28, 195, 168,  16,  17, 112, 137, 212,  78;
 169,  88,  23,  20,  99, 205, 181, 230, 184, 226,  98,   8, 190, 183,  33, 187, 166, 119, 250,  64,  97, 253,  50, 110,  85,  50,  94,   0,  72, 113,   7, 249;
 218, 252,  50, 248,  25, 213,  26, 238, 191, 188, 164,   9, 174, 222, 100,  81, 237, 247, 255, 209, 106,  79, 242, 247, 251, 241, 143, 123,   2,   4,  39,  90;
 164,  64, 127,  91, 101, 237, 120, 192, 239,  17, 113,  17, 142, 203,  61,  25, 168, 153, 198,  82,   2, 180,  26, 241,  71, 216,  80,  75, 208, 153,  70, 130;
 116, 237,  25, 234,  60, 141,  79, 248, 226, 168, 184,  72, 147, 203,  81,  16, 216, 236,  93, 122,  74,  35, 200,  62, 249, 221, 167, 124,  80, 186, 114, 130;
 204, 252, 184, 115, 169, 237,  23, 188, 123,  63,  37,  24, 254, 125,  74,  59, 129,  83, 121,  90, 114, 108, 251,  51, 239, 223,  85, 127, 194,  83, 135,  43;
  51, 175, 104,  10, 254, 153, 222, 239,  87,  37, 252, 143,  43,   8, 222, 148,  90, 138, 134, 117, 222,  58, 108, 191,  62,  93,   5, 127, 119, 142, 218, 204;
  80, 169, 174, 254, 137, 237,  73, 231, 190,  27, 174,  16, 183, 243,  80,  82, 105, 162, 125, 152,  26,  73, 203, 115, 217, 254, 246, 217, 130,  64, 247,  42;
 160, 230, 172, 215,  77,   9, 165, 111, 218, 183, 181,  26, 166,   9,  92,  47, 201,  26,  83,   9,  98, 110, 234, 139,  69,  26,  94,  59,  69,   8, 215, 168;
 116, 105, 210,  36, 145,  43,  66, 192, 113, 160, 162,   9,   3,  32,   5,  24, 168, 228, 108,  82,  12, 250, 209,  40, 177, 214,   1,  19, 225, 113,  66,  14;
  89, 135, 158, 119, 177,  30, 103,  61, 244, 142, 111,   0, 255, 227, 170, 119,  48, 102, 108, 110, 244, 233, 171,  47, 243, 239, 100,   1,  98, 226, 225, 105;
 203,  50, 173,  29,  58, 114, 185,  27, 190, 207,  87, 244, 148, 150, 130, 106,   7,  53, 255,  28, 163, 197, 231,  83,  68,  39,  58, 152, 156, 128, 141, 113;
 185,  77, 103, 253, 118,  83, 111, 252,  85,  66, 114, 210, 123, 109, 177, 241, 126, 236,  23, 238, 233, 182, 101, 191, 102, 235, 224, 128, 127, 189, 114, 225;
 199, 126, 199, 181, 106,  56,  44, 214, 185, 250,  82, 247,  76, 246, 219, 255, 231,  77, 255, 231, 165, 213, 143, 224, 150, 114, 255, 134, 174, 245,  43, 213;
 244,  39, 249, 112, 248, 232,  89,  87, 178, 189,  44,  56,  23, 167,  65,  26,  39, 222,  69,  24,  58,  91, 226,   2, 249, 165,  53, 124, 160, 192, 134, 107;
 156, 112, 181,  97, 161,  79,  77, 157,  53, 186, 166,  88, 223,  23,  73, 191,  23,  84, 125, 120, 105, 228, 113,   8, 225, 218, 117,  20, 226, 240, 133,  49;
  57, 125, 123, 238, 117, 223,  91, 240,  97,  72, 124,   8,  59, 221, 179,  48, 220, 186, 149,  74, 203, 186,  48, 189, 243, 205, 160, 137, 114, 131, 118, 251;
  41,  93, 118,  69, 243, 219, 231, 103, 253, 192, 126, 104, 122, 120, 183, 180,  58, 102, 214, 120, 229, 185,   4, 236,  46, 126,   5,   2, 239, 244, 234, 141;
 218, 190, 180,  24, 203, 119, 153,  95,  31, 255, 180, 191,  12, 189, 102,  31, 175, 159, 255, 145, 182,  79, 179, 210,  91,  87,  93, 255, 211,  68,  47, 223;
  67, 184, 186, 144, 245, 253, 176,   7, 255,  81,  66,  24, 172, 156, 116, 184, 133,  59, 242,  17, 183, 252, 146, 215,  15, 127,  26,  75, 200,  76, 155, 158;
 205, 246, 189,  97, 160, 111, 117, 190, 122, 251,  54, 120, 158,  53, 216,  59, 149,  84, 124, 120, 243, 116, 233,  82, 111, 219, 101, 230, 192, 241, 199,  97;
  80, 186, 156, 250,  60, 140,  64, 159, 190,  29, 163,  92, 230, 243,  72,  80, 193,  51, 109,  16,  26,  77, 219, 115, 217, 182, 179, 122, 152,   0, 231,  11;
 143, 220, 103, 215, 226,  50, 111, 182,  53,  82,  95, 246, 105, 103, 188, 231, 119, 214, 183, 238, 241, 212,  45, 239,  46, 122, 231, 196,  47, 247, 240, 125;
 120, 238,  92,  96,  40, 141,  87, 254, 163, 180, 172,   9,  23, 135,  64,  18,   5, 210,  77,  74,  74,  11, 218,  53, 251, 197,  53, 125,  98, 146, 134,  42;
  50, 166, 200, 249, 152, 227, 201, 107,  54,  15, 252, 178, 161, 231,  32,   0, 125, 155, 135, 176,  58,  74, 194,  95, 201, 135, 187, 237, 113, 192, 166, 240;
  56, 175, 104,  41, 215, 235, 215, 239,  87, 101, 124, 143,   3,  44,  22,  16, 121, 138, 131, 181, 254, 186, 125,  63, 127,  69, 165, 117, 245,  78, 214, 202;
  35, 143,  70, 138,  92, 179, 234, 232, 197,  64, 217, 199, 104, 200, 190, 128, 124, 171, 147, 231, 135,  43,  14, 253,  50,  12, 138, 136,  93,  15, 120, 156;
 245, 212,  20, 122,  61,  61,  82, 156, 223,  91, 167,  92, 110,  88,  31, 255, 213, 192, 124, 126, 175,  39,  91, 183, 186, 251,   0,  94, 218, 159,  72,  15;
  80, 203,  59, 246,  50, 202,  63,  55, 188, 140,  82, 161, 191, 143, 160,  80, 166, 127, 109, 193,  64, 153, 128, 109, 241, 229,  62, 193,   0, 130, 165, 107;
   0,  20, 189, 249,  20, 111, 105,  30,  22, 115,  70,  16, 149,  23,  40, 104,  85,  28,  27,  56,  51, 148, 113,  18, 197, 167, 186,  68, 176, 200, 133, 112;
 199,  58, 199, 181, 170,  42, 172, 146, 190, 251,  83, 246, 157, 166, 211, 123,  39,  79, 127, 151, 181, 220, 175,  64, 140,  34, 255, 132, 172, 245,  35, 213;
 248, 249,  72, 229, 112, 139,  75, 112,  48, 172, 164, 173,  55,   3,   0,  17,  18, 236,  69, 238, 104, 222, 192,  44, 254, 193, 173, 176,  40, 130,   6, 187;
 112, 239,  27, 238,  52, 141,  83, 244, 105, 168, 248,  40, 183, 155,  64,  16, 158, 251,  69,  82,  74,  58, 200,  47, 248, 221,  36, 122,  64, 138,  66,  11;
 250, 252,  50, 248,  25, 245,  82, 238, 191, 158, 172,   9, 174, 223,  69,  81, 205, 255, 253, 193, 106,  79, 210, 255, 251, 245, 155, 127,  18,   5,  39,  27;
  41,  17,  21,  12, 104, 127,  81, 121, 104, 104, 253, 108, 214, 116, 131,  60, 156,   4, 196,  46, 141,  35, 113,  28, 208, 151,  33,  62,  90, 107,  70, 241;
 201,  76,  18, 244, 229, 188, 108,  55, 184, 138, 110,  80, 189, 147,  33, 246, 161, 102, 120,  10,  97,  29, 146, 107, 181, 255,  54,   8,  10,  80, 137,  41;
 230, 162, 172, 184, 236,  73,  81, 201, 155, 247, 128, 153, 198, 237,  91,  10, 217, 193, 235,  21,  42, 103, 203, 147, 221,  23, 221,  61, 148, 236,  54,  90;
 164,  65,  31, 250, 205, 141, 252, 200, 239,  16,  33,   1, 159, 219, 109,  27, 233,  17,  66,  82,  66, 101,  26, 112,  71, 217,  71, 109, 208,  27, 103, 130;
  26,  60, 127,  93,  67, 248,  49, 102, 181, 134,  78, 160,  44, 183, 163,  29,  35, 123, 227, 136,  96, 220, 178, 107, 199, 227,  82,  11,  34, 208,  39, 250;
 109, 159, 121,  69, 118,  95, 115, 184,  97, 236, 127, 236,  91,  45, 151, 180,  22, 204, 182, 110, 197, 176, 125,  12, 110, 111,  33, 132, 111, 175,  78, 117;
  26,  12, 255,  93,  35, 250,  49,  67, 188, 134, 110, 160, 173, 183, 163, 237,  38,  59, 163,   8,   0, 216,  34,  72, 199, 231,  82,   3, 226, 228,  39, 239;
 118, 233, 228, 108, 137,  71,  94, 239,  15, 176, 136,   9,  79, 232,  85, 158, 149,  87, 253, 115,  78,  75, 219, 153, 187,  90, 205,  63, 220, 126, 154,  14;
  74, 190, 186, 216, 251, 240,  57, 199, 175,  13,  76, 161, 172, 151, 226, 244, 231,  59, 175, 144,  22, 139, 162, 243, 255, 117,  30, 235, 130,  68, 167, 239;
  82, 185, 168, 170,  62, 229, 155, 206, 170,  69, 204, 143, 180, 143,  98,  80, 198,  43,  95,  85,   6,  11, 242, 117, 248,  69, 170, 251, 156,   6,  55,  91;
   2, 129,  34, 138, 180, 128, 168,  99,  12,   1,  91,   2, 168,  42,  56,  64, 122,   3,  19, 145, 210, 152,   1, 213,  40,  48, 138, 192,  21,  10, 177,   0;
 109, 140,  55,  49, 245, 232, 241, 163, 252,  87, 106,  25, 211, 104,  42,  89, 129,  38,  96,   8,  54, 244,  98,  37,  69, 251,  80,  65, 192,  64, 199,  66;
 208,  93, 127, 236, 174,  74, 119, 174, 228, 130, 238,  34, 247, 115, 161, 115, 114, 244, 108,  98, 104, 249,  33,  44, 241, 235, 101,  17,  48, 248,  69,  43;
 205,  12, 205,  37,  32,  46, 110,  16,  48, 234, 119, 205, 223,  35,  19,  27,  22, 228, 125, 110, 169, 212, 209,  10, 198, 251,  97, 132, 232, 243,  74,  80;
 117, 239,  25, 238,  52, 143,  71, 240,  32, 168, 185, 104, 247,  83,   1,  16, 216, 236,  76, 106,  72,  35,  72,  61, 241, 221,  39,  60,  80,  58,  66,  35;
 154, 205,   6, 181, 148, 130, 108, 183, 189,  18, 210,  18, 173,  43,  48,  67,  99, 227,  31, 129, 104, 157,   1, 239, 248, 227, 254, 128,  39, 144, 177,   8;
 189, 198, 110, 127,  38,  19, 222, 248,  85, 162, 247, 230,  83,  89, 185,  33, 127, 252,  21, 238, 232, 246,  13, 158,  98, 235, 229, 148, 127, 187, 112, 129;
 128, 228, 156, 245,  13, 173, 160,  79, 222,  55, 128,  16, 166,  41,  92,  11, 137,  19, 107,   1,  34, 101,  83,   3, 197, 146,  90,  48, 208,  88, 209, 138;
  82, 255, 154, 254, 186, 141,  18, 246, 187,   9, 186, 105, 191, 191,  96,  80, 182, 243,  93,  80,  82,  43, 136, 247, 187, 245,  54, 250,  64, 130, 131,  11;
 168, 228,  21, 185,  13, 239,   1,  15, 150, 183, 163,  17, 166,   1,  72, 203, 201,  18, 234,  16,  42, 109,  91,  22, 205, 146,  85,  53, 208,  72, 132, 138;
  29,  59, 188,  51, 174, 141, 113,  17, 234, 253, 183,  93, 158, 153,  66,  10, 164,  13, 108,  93, 146, 248, 203,   0, 205, 137,  53, 114, 200,   1, 195,  67;
 101, 249,  56,  65, 101,  31, 102,  32, 105,  96,  38,   8, 150,  16,   4,  48, 128,  12,  64, 106, 197, 176, 241,   1,  71, 221,   1,  54,  72,  34,  75, 134;
  84,  45,  28, 190,  10, 105,  86, 232, 164,  54, 137,   9, 231, 227,  11,  89, 160, 163, 109,  99,  76,   3, 139,  61, 209, 227, 107,  57,  48, 115,   7,   2;
 201, 114, 109,  75, 108,  29, 185,  24, 238, 125,  87, 180, 185,  29, 222, 107,   6,  24, 127, 207, 195,  20, 247, 113,  70,   9, 186, 168,  15, 151,  83, 249;
 130, 136, 148, 186,  13, 229, 128,  70, 223,  31, 145,  17, 166, 136,  98, 201, 201, 163, 234,  17,  62, 111,  67, 179, 145, 242, 218,  91, 144,   9, 188,  14;
  57, 113, 113,  79,  82,  79,  75,  56,  96,  64, 117, 200, 115,  87, 152,  52,  54, 152,  21, 238, 193, 144, 125,  29, 101, 168,  32, 128, 117, 130,  67, 241;
  41, 189, 123, 111, 116, 207, 123, 240, 101,  72, 124,  32,  51, 221, 179,  48, 254,  56,  23,  74, 195, 184,  48,  61, 103, 141,  32, 128, 119, 139, 118, 235;
  37, 161,  83, 105, 244, 173, 236, 219, 127, 105, 120,  76, 147, 195, 220,  52,  95, 138,  22,  28, 219, 184, 112,  83, 174, 220,  37, 100, 235, 200, 194, 177;
  68,  40,  18,  20, 113, 138,  98,  97, 233, 128,  34,   8, 142, 194,   1,  18, 160, 164,  72,  50,  64, 177, 128,  76, 141, 180,   3,  65,  64,  34,  67, 128;
 117,  89, 107,   4,  42,  82, 143, 248, 224, 224, 222, 238,  83, 214, 179, 114, 126, 244,  94, 239, 201,   3, 188,   8, 240,  41, 171, 188,  45, 187,  51, 117;
 195,  28, 242,  24, 215, 172,  49,  23, 253, 195,  70,  28, 188, 177,  35, 124,  39, 190,  51,  25, 177, 252,  18, 246,  93,  62,  80,  74, 218,  68,  32, 127;
 110, 240, 240,  18, 203, 253, 144, 200, 171, 249, 177, 125,  10, 220,  78, 159, 141, 153, 245,  17, 158,  99, 250, 240,  27,  81,  85, 255, 195,   5,  78, 215;
 232,  48,  25, 104, 168,  13,  80,  31,  33,  41, 224,  93, 151,   3,  64, 154, 204, 156, 204,  16,  25,  63, 209,   2, 198, 241,  48, 124, 200, 136, 202,  19;
  84, 156, 151, 237, 154,  98,  39, 168, 244, 130, 203,  32, 213, 115, 169, 246, 115, 245, 108, 170,  49, 209, 189,  15, 185, 230, 111,   4,  32, 115,  37,  32;
 222,  80, 253,  90, 179, 122,  81, 136, 119,  87, 167,  56,  79,  93,  15, 253, 179, 148, 253,  48,  58, 229,  41, 210, 219, 251,  85,  87, 247, 213, 102,  99;
 246, 226, 225, 106, 170,  73, 158, 172, 171,  55, 177, 184, 206,  94, 204, 190, 207, 213, 253, 211,  90,  71, 235, 243, 152, 244, 223, 255, 213,  23, 135,  39;
 248, 167, 249, 112, 248, 236,  89,  95,  50, 149, 172,  24,  51, 167,  64,  18,   5, 158,  69, 152,  58,  74, 226,   6, 249, 205,  53, 120, 160, 192, 198, 234;
  99, 239,  82,  74,  81, 145, 106, 231, 107,   1, 232,   8,  40, 226, 220, 180,  50, 171, 194, 152,  30,  26, 172, 255,  62,  92,   6, 107, 146, 134, 234, 172;
 229, 198, 116, 122, 237,  29,  94, 157, 219,  59, 179,  93, 195,  73,  31,  91, 209, 198, 109, 126, 238, 103,  79, 183, 230,  90,  85,  62,  90, 253, 218,  71;
 122, 188,  16, 250,  41, 237,  84, 254, 191,  27, 172,   9, 174, 255,  96,  89, 221, 191, 253,   0,  10,  75, 218, 189, 219, 247,  90,  59,  26,  86,  14,  27;
  72, 132, 148, 185, 137, 253,  65,  14, 151,  63, 166,  24, 238,  33,  74, 207, 129,   2, 232,  24,  58, 109, 115, 145, 205, 210,  85,  19, 210,  76, 140, 110;
  80, 182, 155, 110,  52, 236,  67,  59,  54,  77, 255, 108, 247, 211, 138,  80, 209, 174,  76,  24,  11,  58, 248,  31, 249, 165,  48, 216,  72,   2, 102, 123;
   7, 114, 174, 179, 170, 190,  45, 149, 254, 247,  87, 180, 221, 102, 219, 107,  39, 111, 127, 157, 147, 208, 191,  96, 204,  43, 255, 196, 172, 241, 169, 113;
   0, 174,  12, 249,  24, 135,  73, 119,  22,  39, 238, 145, 181,  39,   2,  64,  77, 182,  75, 136,  58, 152,  81,  31, 239, 231, 186,  81,  48, 128, 164,  58;
  88,  11, 255, 253, 162,  74, 117,  51, 100, 134, 246, 160, 183,  39, 129, 115, 102, 247, 108,  98,  72, 249, 161,  40, 241, 227, 102,   1,  32, 240,  37,  43;
  83, 169,  26, 174,  50, 132, 154, 230, 190,   9, 232,   9, 191, 243,  96,  80, 182, 123,  93, 192,  66,  11, 128, 125, 249, 245,  46, 122,  16,   2, 171,  11;
 230, 176, 141, 186,  77,  77,  81, 168, 131, 244, 129, 137, 211, 221,  88,  27, 137, 212, 249, 115,  10, 103, 219,  16, 221, 145, 197, 125, 144,  43,  22, 114;
 120, 186, 168, 108,  25,  95,  90,  62,  82, 245, 164,  25, 175,  61,  82,  48, 133, 214, 253,  12, 188,  75, 251,  31, 251, 223,  21, 125,  66, 140,  14,  90;
  11, 184, 154, 187, 213, 253, 176,  71, 255,  89,  64,  17, 188, 152, 118, 168, 137,  59, 147,  17,  54, 124,  18, 211, 205,  87,  26, 107, 200,  12, 155, 142;
  77, 115,  49,  35, 169, 141, 113,  25, 107, 252, 167,  13, 158,  17,  74, 159, 164,   0, 239,  94, 210,  97, 251, 192, 221, 153,   5, 122, 202, 135, 135, 113;
 180,  77,  49, 110, 141, 109,  71, 228,  69,   6, 169,  24,  82,  57,  29,  17, 217, 210,  64, 106, 104, 167,  80,  42, 241, 190,  68,  24, 209, 251, 214,  34;
  90, 253,  33, 170,  91, 197,  27, 206,  15,  65, 200, 143, 191, 151,  34,  80, 114, 187,  31,  85,  11,  11, 208, 255, 249,  20, 138, 248,  52,  14,  55, 250;
  41, 105,  50,  69,  81,  14,  99,  52, 105, 160, 110,  76, 178,  17,   7,  48, 144,  44,  64, 108, 197, 184, 113,  12, 103, 253,   0,   0,  66,   2,  67, 170;
   6, 133,   0, 139, 148, 163, 170, 105,   4,   1,  89,   2, 200,  74,  56,  64, 120,  10,  19, 177,  18, 184,  89, 213,  12,  52, 138,  68, 149,  10, 177, 128;
  61,  64,  76, 229,   4,   7,  78, 184,  85, 162, 163, 199,  83, 105,  25,  11,  94, 196, 125, 239, 232, 231,  93,  12, 242, 235, 197,  20, 125, 187, 120,   0;
  26,  47, 251,  92,  50, 226,  57,  67, 189, 143, 254, 179,  41, 175,  38,  88, 166, 187, 133, 144,  16, 153,  34,  78,  83, 167,  50, 131, 167, 196,  39, 123;
  48, 235,  91, 238,  52, 143,  95, 240, 120,   0, 112, 104, 183,  83,  33,  16, 182, 249,   5,  98,  74, 186,   0,  63, 240, 237,  34,  56,  96, 139,  67, 171;
  88, 126,  11, 164,  32, 207,  91,  48,  33, 234, 167,  77, 183, 147,   3,  81, 164, 229,  93, 110,  73, 215, 144,  44, 208, 195,  41,  48,  40, 163,  10,  75;
 200, 254, 188, 113, 137, 175,  21, 159, 122, 190,  36,  28, 158,  53,  65,  59, 133,  87, 105,  16, 163, 124, 187,  19, 207, 219,  85,  54, 202, 112, 135,  59;
 210,  92, 150, 156,  14, 162, 188,  98, 156, 130, 218, 162,  44, 254,  49,  75, 102, 247, 191, 131,  32, 205,   2, 235, 144,  38, 218, 138,  21, 113,  33,   9;
  97, 252,  25,  33, 104, 237,  81,  22,  36, 125, 236,  29, 151,  23,  66,  16, 140, 142,  76,  20,  95, 190, 241,  48, 197, 221,  48, 124,  64,   8, 194,  90;
   2, 155,  34, 152, 243, 149,  58, 247, 191,  13,  88, 231,  44, 174,  38,  84, 230,  59, 135, 213, 150, 155,   2, 253,  62, 116, 158, 203, 146,   4, 165, 223;
   7, 205, 231, 215, 198,  50, 238, 180, 109, 211, 127, 198, 104, 110, 191, 230, 111, 198,  54, 238, 213, 152,  47, 237,  46,  62, 214, 128, 175, 247, 248, 253;
  84, 141,  61, 251, 144, 238,  83, 179,  36,  17, 203,   1, 247,  55,   8,  89, 193,  82,  57,  26,  27, 152, 121,  53, 201, 175,  80,  80, 176,  67, 132,  98;
  41, 167,  97, 105, 212, 191, 235,  91,  86, 105, 120,  70,  19, 233, 148, 176,  93, 138,  22,  60, 191, 186, 117,  31,  46, 205,  33, 100, 255, 200, 210, 240;
   0, 143,  66,  59, 180, 139, 167, 231, 124,  13, 123, 245, 163,  40, 188,  64, 123,  10,   6,  13, 246, 184,  77,  63, 172, 134,  54, 192,  85, 200, 209, 141;
  64, 132, 142, 152, 157, 164, 160, 143, 174,  23, 138,  16, 164, 226,  40,  74, 225,   3, 106, 145,  22,  73, 146, 215, 137,  54, 218,  93, 144,  64, 169,   2;
 153, 219, 126, 101,  50,  14, 255,  53,  44, 232, 118, 229, 127,  15, 146,  17,  54, 116, 127, 108, 225, 189,  17,  76, 246, 169,  98, 128, 111, 160,  75, 121;
  34, 191,  35, 243, 213, 199, 179, 247,  23, 237, 120, 171,   0, 253,  52,   4, 221, 186, 147, 145, 186, 186,  24, 191, 127,  22, 149, 227, 215,  12, 246, 251;
 115,  61,  99, 100,  87,  30, 122, 248,  97, 232, 250,  74,  75,  61,  21,  52, 190, 221, 117, 238, 201, 186, 157, 236, 187, 254, 133, 134, 111, 167, 114,  14;
  38, 173,  96, 154, 220, 129, 142, 232,  86,  35,  89,  10, 224, 232, 125,   0,  89, 235,  19, 243, 242,  50,  74, 255,  60,  30, 143, 236, 213,  91, 240, 128;
 109, 117, 112,  71, 253,  31, 119, 252, 121, 234, 253,   8,  90, 121, 159,  52, 220, 204, 102, 106, 205, 242, 249, 238, 127, 255,   5,  62,  67, 255,  82, 229;
 217, 125, 147, 254, 195, 244,  54, 103, 185,   2,  78,  80, 188, 243,  33, 246, 163, 119, 120,   8,  97,  15, 178, 235, 179, 255,  22,  10,  42, 116, 171, 175;
  80, 219,  59, 188,  50, 132,  63, 245, 180,  12, 218, 231,  61, 199,  32,  80, 246, 187,  15, 197, 202, 139,   2, 127, 241, 165,  42, 136,  48, 146, 165, 123;
 184, 122,  30, 180,  96, 143, 127, 116, 164,  12,  98,  13,  55,  19,   3,  17, 166, 161,  85, 110, 104, 149,  16,  45, 240, 227,  96, 128,  40, 145,  34, 219;
 120, 239,  80,  96, 240, 141,  71, 247,  35, 173, 168,   9,  55, 135,  64,  16,  17, 210,  69,  88,  74,  10, 216,  53, 251, 197,  37, 124,  98, 146, 198,  42;
  57, 127, 106, 101, 119,  63, 123, 248,  97, 224, 126, 142,  91,  61, 151, 180,  62, 204, 247, 238, 137, 176,  61,  62, 127, 237,  33, 132, 103, 183,  74, 253;
 134, 205,   2, 154, 212, 131, 174, 236,  22,   1,  89,  18, 104, 234,  56,  64, 121, 107,  19, 243, 114, 186,  10, 255,  56,   6, 143, 204,  21,  91, 241, 128;
 218, 188, 184, 186, 185, 253,  80, 222, 187, 121, 180,  29, 190, 159,  67,  27, 133, 251, 253,  17, 190, 111, 218, 179, 219, 209,  24, 123, 218,  77, 143,  91;
  84,   3, 152, 174, 136,  13,  86, 104, 166, 172, 139,   9, 199, 227,   9,  82, 144, 197, 108, 226,  92,   3, 203,  16, 208, 229, 105,  61, 176,  99,   8,   2;
 183, 197, 102, 206, 204,  18, 206, 232, 193,  82, 153, 139,  64, 108, 191,  35,  89, 194,  23, 231, 236,  35,  44, 235,  58,  10, 205, 188, 119, 255, 240,  84;
  69, 192, 239, 245, 164,  10, 121, 158, 254, 241, 198, 145, 213, 111, 219, 106,  39, 103, 125, 221, 182, 220, 111,  96, 207, 175, 255, 196, 164, 177, 161,  88;
 166, 205, 108, 154, 204,  33, 206, 236, 197,  18, 153,  10,  64, 104,  61,   3,  89, 227,  23, 227, 248,  39,  74, 251,  48,  24, 207, 252,  85, 123, 240, 128;
 200, 155, 154, 255,   1, 142, 125,  49, 164, 132, 231,   5, 191, 167,  34,  82, 196,  53,  41, 140,  88, 157, 144,  11, 197, 247,  82,   0,   0, 162, 165,  90;
  72, 141,  12, 253,  25, 143,  73,  55, 164,  53, 206,   1, 183,  39,   2,  81, 192, 167, 105, 132, 120, 216,  81,  61, 229, 243, 218,  80,  16,   0, 196, 106;
 116, 251,  57, 100,  56,  79,  87, 188,   3, 232, 188, 108,  83, 221, 193,  50, 156, 212,  93, 106, 201,  35, 248,  28, 251, 249,  37, 188, 104, 187,  82,  59;
 104, 176, 156, 186, 137, 125,  84,  15, 135, 119, 165,  24, 134, 183,  74, 254, 193, 146, 232,  16,  31, 111, 251, 145, 159, 215,  85, 127, 210,  76, 140,  86;
  33, 185, 106,  88, 213, 197, 241, 199, 119,  85, 108,  13,  32, 152, 118,  16, 233, 170,   2, 212,  30, 186, 114, 117,  95,  28, 148, 107, 251,  12, 246, 222;
  33,  41, 107,  71,  84, 203, 195,  33, 112, 160, 239,   8, 179,   9,  20,  48,  72, 172,  66,  78, 201, 186, 117,  44, 103,  13,  32,  16,  97, 171,  82, 168;
  37,   0, 252,  77, 236,  47, 197,  25,  86,  58, 181, 120, 211,  49, 153,  43,  89,  84, 126,  42, 185, 114, 109,  24,  68,  58,  97, 180, 220, 251, 208, 161;
  88,  60,  59, 252,  27, 224,  19,  98, 173, 132, 238,   0,  62, 247,  33,  80, 226, 177, 203, 128,   8,  11, 178, 127, 209, 229,   2,  27,  96,  35,  39,  34;
  81, 169,  26, 174,  26, 132,  59, 224, 172,   0, 136,   0, 181, 211,  32,  80, 182, 121,  89, 204,  66,  11, 144, 127, 249, 165,  42, 120,  16,   2,  35,  10;
 125,  56,  27, 180,  96, 239,  83,  80, 161, 202, 202,  13, 151, 215,   1,  89, 164, 236,  93, 110,   9, 151,  16,  44, 211, 229,  96,   0,  40, 227,  34,  83;
 104,  97,  44,  97,  56,  79,  81,  31,  98, 253, 172,   9, 147,  21,  82,  18,   1, 156, 125,  56, 138,  74, 243,  21, 207, 201,  37, 125,  66, 128, 214, 114;
  33, 182,  57, 105, 112, 239,  99,  90,  54,  77, 125, 252, 183, 215, 136, 112,  87, 186,   6,  44, 187, 178,  96,  31, 236, 172,  33, 224, 224, 130,  70, 241;
  90, 143, 103, 188, 211, 134, 189, 103, 181,   5, 234, 151,  45, 175,  34,  85, 238, 167, 225, 149,  56, 203,  50, 236, 249, 242, 222, 195, 131,  68, 167, 250;
 109, 245, 242,  78, 253,  31, 246, 252, 123, 234, 253,   8,  74, 248, 158,  52, 217, 204, 118, 110, 237, 115, 254, 255,  63, 127,   5,  62,  71, 255, 210, 229;
 101, 201, 244,  84, 237,  15,  84, 189, 235, 186, 160,  77,  78, 233,  95,  91, 133, 196, 111, 110, 212, 101, 219, 217,  31,  26,  69,  54,  90, 252, 218,   6;
 122, 185,  28, 250, 169, 237,  86, 247, 171,  25, 185,  13, 190, 255,  66, 208, 132, 187, 253,  80,  30,  43, 218, 181, 219, 221,  29, 123, 154,  78, 139,  19;
 231, 205, 230,  95, 244, 178, 238, 166,  95, 193, 126, 134, 104, 106, 191, 230, 127, 230,  50, 207, 245, 184, 111, 231,  46,  62, 207, 192, 191, 247, 248, 196;
  38, 237,  64, 155, 220, 131, 142, 236,  22,  51,  88,   2, 224, 232, 121,  64,  89, 235,  19, 243,  98, 242,  75, 255,  44,  22, 143, 236, 149,  91, 240, 128;
  17,   2,  83, 195, 114,  74,  43, 112,  44, 105, 123, 226,  85,  23, 136, 112, 118, 157,  54, 248,   5, 144, 173,  76, 148, 164, 170, 196,  37, 130,  35, 161;
 153,  88,  94, 101,  38, 154, 230, 116, 236, 192, 122,  96, 255, 152, 165, 224, 178, 116,  62, 106, 229, 181,  21, 108, 178, 251,  38,   0,  72, 178, 105,  13;
  21,  92, 151,  95,  10, 102,  71, 184, 100, 194, 227,  66, 115, 118, 161, 255, 116, 244, 108, 234, 233, 229,  63,  40, 177, 170,  99,   0, 105, 243,  33,  53;
 247, 185, 150,  56, 201, 245, 144, 232, 171,  89, 160,  29, 238, 254, 111, 159, 133,  83, 232,  86,  63,  71, 154, 241, 153, 210,  79, 127, 216,  37,  43, 151;
 147,  61,  23,  84, 131, 246,  20, 230, 249, 130, 170,  96,  62, 250,  69, 183, 163, 243,  92, 194, 109, 201, 146, 236, 185, 218,  71,  18,  40, 113,  43,  15;
 217, 133, 144, 254, 139,  48,  52,  47, 253,  19, 227,  16, 239, 242,  40, 245, 243,   7, 168,   0, 118,  79, 155, 151, 187, 255,  82,  79, 178,  68, 169,  14;
 120, 185, 154, 238, 185, 141,  86, 253,  47,   9, 253,  13, 175, 223,   8,  80, 220, 187, 253,  64,  26,  43,  90, 185, 243, 253,   4,  59, 218,  26, 234,  27;
 210,  13, 154, 158, 206, 160, 190,  67, 156, 130,  90, 146, 117, 238,  49,  72, 110, 123,  59, 129,  32, 203, 130, 234, 144, 230, 250, 136, 149, 113,  33,   9;
  34, 187,  35, 209, 245, 199, 176, 119, 159, 105, 120, 203, 160, 221, 116,  36, 205,  58, 147,  21, 147, 186,  18, 245,  47,  28, 149, 226, 221,   8, 246, 255;
  80, 137, 159, 175, 190, 194,  37, 175, 238,  21,  74,  34, 228, 162, 168,  66,  99, 103,  42, 144,  22, 153,  11, 117, 172, 166,  62,  65, 176,  82, 165,  10;
 250,  60, 159, 118, 155, 233,  21, 231, 187, 231,  44,  57,  46, 191,  67, 155, 163, 119, 233,  16,  48,  77, 162,  58, 251, 215,  92,  59, 226,  92, 143, 123;
 252,  69,  37, 111, 157,   7, 207, 248,  68, 166, 174,   2, 115,  97,  25, 199,  88, 196, 105, 234, 104,  39,  91,  31, 241, 235, 197,  28, 115, 187, 116,  32;
 205,  62, 191, 113, 164, 126, 109,  23, 121, 238,  54, 124, 159,  55, 209,  59, 135, 100, 125,  28, 177, 220, 177,  66, 207, 251, 116, 128, 194, 241, 214, 113;
   1,  49,  91,  71, 114,  11, 106, 104, 108,  96, 123, 100, 215,  18, 140,  48,  58, 141,  70, 110,  65, 177,  21,  92,  20, 172,  34,  68, 105,   2, 107, 129;
 217,  88, 127, 101,  34,  14, 124,  54,  45, 202, 118, 231,  63,  31, 128, 243,  38, 245, 125,  76, 229, 189,   1,  77, 214, 235, 114, 128, 111, 176,  33,  91;
 210,  95,  19, 172, 114, 134,  63, 117,  37,  12, 242, 103,  60, 135, 161,  85, 118, 185,  31, 238,  96, 159,  33, 109, 241, 160,  42, 136,  48, 146,  37, 121;
 237, 242, 236,  87, 232,  56, 252, 189, 248, 219, 119, 253,  89, 108, 223, 191,  39, 198, 244, 142, 245, 118, 238,  98,  78,  43, 117, 140, 207, 245, 202, 221;
  88,  60,  18, 126,  27, 224,  19,  98, 175, 132, 236,  40,  46, 215,  33,  84, 226, 177, 235, 128,  10,  11, 146, 125, 209, 244,   2,  27,  82,   3,  39,  42;
  92,  54, 187, 162, 162, 122,  49,  17, 184,  79, 215, 185,  95, 215, 138, 121,  54, 157, 221,  50, 144, 215, 160,  64, 210, 163,  42, 197, 164, 227, 175,  99;
 217,   3,  31, 173,  42, 130,   9,  48, 164, 156, 199,  96, 247, 211, 128, 115,  70,  53, 124, 234,  72, 197, 131,  13, 192, 225, 234, 144,  32, 162,  41,   1;
  99, 248, 214,  20, 239,  15, 244, 103, 235, 178, 170,   9,  30, 250, 100, 146, 163, 101, 122,   1,  69, 107, 146, 192,  20,  26,  85,  54,  73, 120, 203,  15;
  98, 242, 177,  74, 253, 253, 144,  95,  74, 121, 185,  93, 130, 220,  92, 188, 221,  26, 211,  20, 151,  42, 250,  81,  31,  28,  21, 126, 217,  14, 215, 247;
 244,   4, 255, 101, 128,  98,  79, 152,  48, 182, 231, 152,  83,  55,   1, 123,  91, 212, 104, 186,  57, 246, 245,  10,  81, 171, 229,   4, 225, 241, 230, 112;
  45,  82, 221, 101, 172,  15, 229, 191,  70, 187, 118,  92, 211,  49, 129,  43,  29,  84, 102,  56, 145, 248,  81,  16,  78, 171, 117, 116, 248, 248, 192, 161;
 218,   5, 158, 172,  19, 230,  48,  71, 169,  65, 206,  19,  62, 191,  34,  82, 226, 183, 249, 128,   4, 205, 144, 207, 243, 225,  26,   3,  32,  64, 169,  10;
 166, 205, 196, 155, 220, 131, 142, 236,  22, 146, 217,   2, 232, 234,  57,  64,  89, 107,  59, 211,  98, 242,  75, 255,  44,  22, 207, 236, 149,  91, 240, 136;
 200, 137, 142, 188,   9, 204,  85,  39, 189,  15, 198,  17, 190, 179,  34,  82, 192, 102, 105,   0,  88, 137, 210,  47, 193, 247, 210,  17,   2,   0,  86, 106;
  35, 177,  21, 217, 188, 205, 168, 223, 142,  73, 120,  68, 180, 220, 124,  32, 157,  59,  83,  25, 147, 168,  82, 149,  45, 156,  30, 122, 216,   8, 155, 185;
  33, 165, 121, 105, 112, 171, 107,  59, 112, 225, 125, 232, 115, 117, 152,  48,  22, 190,  22,  44, 179, 184, 101,  31, 110, 175,  33, 196, 100, 130,  66, 177;
 193,  41, 158,  20, 203, 128,  52,  99, 233, 146, 162,   8,  62, 250,  69, 187, 163, 243, 106,   1, 117, 235, 130, 104, 184,  18,  87,  27,  64,  96, 171,  15;
 239,  49, 177,  64, 233, 125,  81,  24,  75, 253, 165,  28,  14,  55,  79, 190, 133, 212, 236, 124, 153,  98, 251, 144, 159, 216,  65, 126, 218, 237,  70, 119;
 166, 141, 232, 158, 252,  33, 206, 239, 215, 146, 184,  26,  96, 104,  61,  65,  89, 194,  23, 163, 248,  34,  74, 191,  60,  30, 207, 188, 213, 122, 240, 128;
   0,  19, 113, 101, 114,  10, 107,  24, 116,  32, 115, 230, 213,  71, 136, 112, 118,  28,   6, 232, 129, 144, 101,  76, 132, 172, 162, 196,  37, 130,  39, 161;
  39, 229, 242,  94, 253,  31, 246, 248, 251, 234, 253,   8, 106, 233, 221,  48, 221, 238, 119, 110, 230, 115, 250, 255,  63,  30,   5,  62,  71, 255, 210, 199;
 144,  94,  87,  69,   2,  38,  43, 112,  61, 138, 242,  98, 125,  23, 165, 245,  54, 245,  46, 234, 161, 149,  33,  78,  17, 234,  98, 130,  99, 179,  37,  57;
 202,  90, 182, 253,  33, 254,  60,  22, 189, 202,  86, 228, 189, 191, 177, 255, 166, 119, 255, 137, 161, 220,  48, 232, 199, 243, 250, 130, 142, 245,  47,  57;
 199, 205, 234, 223, 116, 144, 238, 172, 223, 194,  87, 150, 104, 236, 255, 101, 123, 111,  50, 223, 231, 253, 174, 255,  62,  62, 143, 200, 149, 191, 120,  92;
 249, 229, 121, 100, 240,  11,  79,  61, 113, 168, 188, 232, 115,  65, 144,  48,  30, 252,  85, 110, 233, 178, 109,  31, 250, 237,  37, 180, 100, 162, 194,  41;
  73,  23,  77, 165,  48,  14, 111,  49,  32, 224, 110, 196, 247,  39, 128, 208,  22,  69, 125, 236, 201, 152, 209,  14, 228, 239, 166,   0,  40, 162,  67, 121;
 216, 203, 158, 191,  56, 146, 109, 185, 230,  28, 230, 224, 243,  98, 130,  83, 100, 101, 108, 202, 200, 201, 111,  45, 232, 227, 238,  17,  32, 162,  45, 105;
  82, 201,  39, 188, 137, 132,  93, 231, 173,  21, 194, 133, 172, 175,  34,  87, 236, 227, 125, 197,  88, 207,  50, 245, 185, 114, 222, 202,  32,  20, 165, 122;
 205, 118, 221, 119,  50,  46, 123,  20,  58, 235,  87, 244, 253, 103, 219, 122,  55, 125,  61, 158, 165, 212, 189, 106, 206, 239, 127, 128, 172, 241,   3, 121;
  89, 132, 148, 254, 153, 176,  80, 171, 243,  19, 161,  48, 207, 114,  40, 255, 211, 151, 236, 128,  62,  79, 203, 151, 154, 246,  82, 127, 178,   0, 169,   6;
 204, 188, 183, 114, 161, 252,  53, 151, 251, 251,  62, 124, 158, 191, 196, 191, 167, 119, 253,  16, 179, 125, 184, 226, 239, 223, 119, 231, 138,  84, 143, 123;
  56, 249,  58, 234, 121, 157,  90, 252, 171,  13, 244,  13,  63, 219,  10,  16, 220, 249, 213,  82, 218,  43, 218, 191, 251, 221,   5, 123,  90, 158, 202, 155;
 177,  95, 101,  77,  52,  27, 207,  61,  85, 226, 254, 238, 115,  49, 149,  37,  94, 228,  22, 110, 233, 178, 101,  30,  98, 170, 229, 148, 127, 250,  80,  45;
 189, 121, 232, 127, 117, 158,  94, 244, 113, 204, 124,  12,  59,  92, 151, 180, 220, 232, 148,  78, 237, 190, 112, 171, 247, 253, 132, 129, 107, 183,  90, 221]