[216, 176, 191, 120, 137, 237,  17,  15, 174,  19, 161,  25, 254, 247,  72,  27, 161,  19, 232,  16,  50, 111, 146,  17, 217, 243,  80,  91, 192,  64, 135,  50;
  92,  42, 220,  48, 170, 105,  81,  19, 162, 190, 175, 185, 151,  39,  67,  26,  39, 215, 237,  16,  24,  69, 131,   0, 219, 131, 117, 189, 224, 225,  14,  67;
 135, 187, 176,  81, 239, 157, 180, 219, 239,  62,  52, 108, 142, 152, 221, 175, 167,  27, 198,  95, 211, 112, 218, 113, 172, 216,   5, 254,  90, 124, 139, 181;
   9, 133,  23, 190,  57, 246,  88, 107, 237,  89, 203,  16, 124, 255,  40, 243, 192,  39, 253,   9,  55, 203,  51, 205, 195, 251,  90,  19,  18,  68, 171,  75;
  71, 185, 133, 147, 170, 172, 188, 143, 171, 211,  10, 213, 236, 102,  76, 206, 167,  71, 121, 149, 151,  72, 223, 241, 140,  22,  95, 118, 140,  84, 137,  92;
  78, 177, 118, 225, 171,  60, 125, 159, 171,  49, 175,  24, 143, 159,  76, 126,  39, 151, 255,  56, 155, 120, 251, 192, 255, 249,  22,  86, 226, 195, 131,  53;
 120, 161, 185, 106, 184, 201,  85, 255,  99,  61, 188,  56, 151, 183,  72,  48, 159, 147, 100,  16,  90,  43, 234,  51, 249, 197,  53, 125, 240,   0, 134, 107;
 163, 110, 197,  95, 108, 189, 236, 206, 222, 190, 112, 204, 160, 232, 213, 143,   9, 104, 102,  79, 228, 244, 207, 250,  36,  26, 245, 160,  87, 253,  83, 141;
 202, 248, 248, 115, 227, 248, 189, 132, 187, 247,  39, 185, 172, 159,  78,  59, 135, 127, 241,  19,  54,  92, 250,  97,  79, 113,  92, 235, 199,  87, 143, 255;
  41,  12, 209,  77, 116,  42, 228,  55, 124,  34, 122,  96, 179,  48, 149,  96,  91,  46,   6,  44, 225, 188,  69,  15, 100, 174,  54,   0,  79, 248, 195, 136;
  92, 177, 152, 170, 154,  96,  27, 200,  38,  13, 141, 169, 223, 255, 107,  88, 247, 219, 157, 242,  26,   3, 203,  51, 219, 197, 171, 253, 176,  67,  39,  83;
  75, 159, 230,  95, 176, 190, 111, 183, 109,  77, 126, 228, 234,  96, 150, 244,  22, 102, 172,  12, 145, 184,  55, 237,  46, 126,  52, 128, 206, 198, 248, 125;
 126,  40, 242, 244, 203, 118,  92,  66, 171, 182, 164,  11,  14, 191,  71, 158, 169, 245, 253, 147,  12,  67, 146, 192, 155, 241, 223,  63, 227, 117,  46,   6;
 150,  74, 204,  55,  42,  89,  28, 168,  49, 246,  85, 185, 239, 109, 155,  15,  31, 113, 245, 227, 105, 116, 239,  40, 134, 211,  93, 161, 103, 247,  15, 245;
  75, 164, 247,  85, 233,  28, 253, 127, 251, 219, 246,  86, 184, 238, 214, 175, 111, 231, 254, 156, 247, 237, 247, 224,  31,  58, 214, 202, 207, 196, 235, 253;
  93, 233, 253, 119, 171,  95,  95, 184, 227, 246, 174,   8, 223, 117, 195,  62,  39, 214, 253, 106, 204, 225, 187,  40, 251, 223,  69,  53, 226, 246,  70, 107;
  62,  60, 242,  82, 215, 251, 243, 198, 123, 231, 125,  59,   8, 253, 119, 156, 187, 235, 195,  20, 182, 243, 188, 242, 123,  95,  21, 103, 231, 119, 110, 214;
  82, 177, 166, 152, 139, 225,  24,  73, 175,  93, 129, 163, 172, 254, 110,  91, 239,  51, 255, 145,  30,  75, 194, 209, 153, 114, 219, 255, 144,   4, 167,  83;
  17,  73, 150, 141,  14,  10, 174, 228, 172, 162, 194,  66, 244, 226,  49,  66, 106, 101, 106, 239,  64, 145, 133, 104, 180,  38, 207,   0,  13,  59,  33,   8;
 201,   8, 253, 117,  52,  42, 105,  51, 124, 171, 118,  80, 255,  49, 144, 120,  54,  38, 124,   8, 185, 252,  97,  15, 198, 239, 112,  64, 102, 128,  65,  41;
  64,  17, 221, 231, 162,  38, 125, 183,  44, 137,  91,  96, 213,  55, 200,  90, 182,  87, 125,  88,  81, 216, 193,  96, 236, 174, 126, 128, 164, 242, 161,  41;
 165, 105, 185,  97, 173,  69,  71, 140,  98, 250, 160,   8, 210, 215,  65, 186, 217,  92, 120,  90,  75,  71, 251,  32, 173, 217, 197,  62, 208, 115,  86, 234;
 100,  39, 175,   6, 236, 104,  71, 136, 234, 254, 171,  41,  82, 224, 223,  91, 177, 198, 108, 107,  88,  67, 138,  96,  88,  32, 101,  61, 128, 115, 246,  98;
 120, 177, 184, 242, 153, 237,  81, 223, 163,  61, 172,   8,  55, 247,  72,  26, 129, 147, 237,  16,  26,  11, 250,  49, 219, 197,  53, 125, 224,  66, 134, 123;
 203, 252, 135,  95, 193, 244, 172, 167, 251, 210,  66,  84, 120, 246,  53, 255,  69, 110,  50, 140, 241, 220, 190, 239,  45,  62, 223,  10, 138, 116, 242, 188;
  33, 103, 225,  65, 116,  15, 235,  94,  83, 161, 124,  72,  19,   1,  80,  52,  89, 204,  18, 120, 137, 178, 201,  10, 109, 156, 133,  36, 195, 250, 210, 160;
 163, 240, 117,  81,  96,  79, 237,  53,  57, 122, 179, 248, 147,  29, 148,  61,  46, 148,  87, 234, 225, 244, 117,  77,  39,  26, 112, 148,  69, 144, 214, 177;
  59, 205, 100, 175, 252,  27, 238, 237,  77,  68, 218, 143, 235, 108, 159,  34, 218, 227, 127, 103, 237, 171, 103, 237, 182, 123, 207, 152,  93, 190, 248,  92;
 254, 122, 250, 236,  74,  66,  62, 248,  55, 166, 244, 167,  93, 207, 233,  83, 126, 253, 255, 226, 232, 247, 201, 234, 254, 227, 239, 141,  39, 181,  38, 211;
 151,  75, 206, 159, 134, 146, 172, 113, 124, 194,  83, 247,  65, 234, 182, 105, 118, 109,  55, 239, 245, 212,   7,  76,   4,  46, 251, 192,  45, 165, 185, 149;
  60, 173, 116,  10, 219, 187, 150, 239, 111,  21, 236,  45, 106, 104,  14, 149,  43, 130, 194, 112, 126,  43,  79, 125,  62,  88,   4, 127, 251,  94, 238, 142;
  18, 193,  71, 143,  94,   2, 236, 109,  44,   0, 242,  66, 244, 106,  61,  65, 122, 197, 122, 235,  97, 153,   7,  93,  52,  42, 206,   0,  77,  58, 241, 136;
 248, 239,  88, 168, 157, 137,  94, 233, 135,   4, 140,  11, 175, 203, 123,  80, 122, 139, 205, 227, 110,   3, 202, 159, 243, 197, 167,  61,  52, 154, 124,  10;
  38, 185, 232, 147, 197, 201, 181, 197,  30,  85,  80, 163, 164, 236,  94,   8, 203, 123, 147, 209,  86, 120, 222, 241,  77,  17, 223, 239, 213,  94, 215, 218;
  77, 120, 181, 117,  33, 126,  99, 144, 115, 226,  38,  72, 222,  55,  65, 191, 145,  84, 104, 122,   1, 240, 241,   8, 199, 255,  85,  50, 194, 113,  71,  34;
  55, 118,  69, 163,  19,  75,  78, 121,  37, 230, 227, 207,  79,  70,  11, 153, 191, 197, 204, 247, 109, 151,  93, 142, 176, 195, 175, 148,  41, 183,  38,  84;
 220, 105,  31, 114, 168, 204,  95, 144, 224,  48, 163,   8, 215, 211,  73, 123, 128, 212, 108, 122, 106,  69, 250,  32, 227, 233,  32, 120,  72, 147, 198,  34;
 171, 175,  83,  87, 245, 157, 238,  39, 125,  73, 115,  92, 170,   8, 150, 180, 140, 110, 198,  76, 247, 184, 101, 239,  38, 126,  22, 210,  75, 140, 203, 141;
 194, 253, 126,  90, 227, 221, 183, 231, 251,  19, 101,  56,  60, 255,  44,  53, 163, 123, 243,  18, 115, 124, 186, 247, 127, 251,  86,  75, 211,  80, 231, 190;
 126, 115,  64, 174, 122, 137, 154,  88, 143,   4, 177, 239,  46, 204,  47, 144, 158, 185, 207, 103, 206,  35,  78, 157, 178,  84,   9, 187, 125, 143,  30,  19;
  92, 191, 190, 118, 145, 118, 127, 183, 240, 158, 206,   0, 255, 119,   2, 123,  97, 246, 253, 170, 120, 217, 171, 172, 243, 235, 247, 129, 162, 244, 166, 107;
  84,  42, 220, 116,  42, 105,  81,  18, 162, 190, 183, 185,  23, 167,  65,  27,  39, 181, 109,   0,  24, 109, 131,   0, 218, 131, 113, 185, 224, 225,   6,   3;
  80, 167,  27,  74, 146, 224,  55, 237,  54,   5, 239,  16, 100, 247,  40,  84,  55, 159,  72, 144,  18, 131, 168,  87, 249, 166,  22,  79, 192,  66, 167,  42;
 252, 165, 184,  96, 221,  73,  83, 203,  82, 181, 165,  24,  82, 241,  72,  19, 153, 214,  76,  48,  58, 107, 251,  18, 251, 201,  37, 125, 208, 104, 198,  34;
 248, 177, 124, 120, 137, 221,  85, 255, 187,  63, 164,  24,  62, 159,  68, 122, 133, 147, 237,  16,  90,  79, 242, 183, 219, 211,  84, 127, 210,   0, 134, 123;
 207, 185, 209,  83, 235, 188, 188, 148, 171, 241,  32,  80, 156, 155,  69, 186, 167, 111, 112, 220,  87, 220, 242,  96,  79,  24,  95, 110, 202, 209, 139, 193;
 163,  32,  81,  81, 117, 191, 232,  19, 125, 105, 114,  84, 170,   8, 148, 188, 174,   8,  22,  29, 183, 188, 117, 199,   6, 126,  18,  66, 207, 132,  75, 141;
  24, 135,   7, 238,  21, 134,  78, 103, 133,   8, 222,   2,  99,  43,  48,  64, 248, 166,  29, 168,  72, 139,   1, 159, 243, 253, 130,  17,  54, 138, 244,  10;
 213,  23, 223, 181, 170,  42,  63,  59, 188, 238, 247, 244, 215, 118, 131, 107, 183, 119, 124,  39, 229, 197,  37,  78, 240, 167, 127, 148, 236, 240, 165, 113;
 193, 176, 191,  21,   9, 140, 177,  55, 232, 218,   2,  92, 182, 145,  64,  67, 164,  37, 123,  13, 241, 109, 147,  73, 197,  59, 122,  58,  72,   0,   3, 251;
 252, 129,  44, 107, 153,  95,  89, 169,  22,  53, 165,  24, 211, 119,  90,  59,  89, 146, 123, 186,  58,  70, 107,  21, 207, 203, 213, 125, 243, 139, 198,  98;
 147,  30, 126, 191, 170,  42, 191, 243, 188, 198, 222, 246, 245, 102, 183,  99, 119, 119, 127, 167, 225, 201,  45, 111, 224, 163, 235, 128,  44, 241,  33, 241;
 169,  38, 197,  89, 224, 186, 104,  87, 127, 107, 118, 212, 185,  35, 148, 189, 127,  46,  22,  28, 179, 220, 229, 194,   6,  62, 240, 192, 239, 196, 218, 189;
  86, 178, 152, 162, 138,  40,  25, 158,  42, 183, 143, 189, 207, 166,  74,  26, 183, 215, 237, 145,  30,  67, 203,  18, 216, 197, 127, 255, 164, 227, 143,  83;
  92, 240, 197, 229,   7,   6, 233,  61,  35, 177,  91, 226,  89, 127,  88, 226,  63, 213, 245, 177, 201, 208, 219, 136, 205, 235, 239, 132, 175, 166, 112,  48;
 176, 239,  40, 173,  60,  15,  79, 255,  54, 172, 222, 141, 243, 107,  18,  16, 216, 238,  95, 237, 234, 154, 237,  63, 246, 247, 175, 189,  52, 184, 222,  75;
 136, 169, 222, 251, 241, 173, 124, 215, 187,  19, 101,  16, 189, 255,  64,  90, 239, 187,  83,  24,  50, 254, 218, 243, 207, 255,  22,  96, 130, 192, 227, 138;
 172, 181, 123,  74, 210, 231,  51, 249, 127,   1, 109,  16,  92, 213,  44,  52,  63,  26,   2, 122,  51, 178,  56, 119, 111, 140,   1, 108, 243, 131, 230, 179;
 248, 205,  13, 237,  12,  71,  79, 189,  20,  50, 198,   2, 243,  83,  56,  65,  88, 196,  57, 234, 104, 143,  89,  61, 241, 235, 193,  20,  48, 186, 240,  42;
 138, 207, 103,   1, 178, 139, 111, 166, 188, 118,  42, 181, 201,  38, 151, 211,  39, 103, 201, 230, 224, 157,  45, 127, 108,   3, 231, 213,  36, 181, 199, 120;
 173, 105, 153,  33, 120, 141, 161,  92,  74, 240, 116,  77, 183, 209, 195, 144, 158,  40,  18,  92, 130, 126, 210,  16, 204, 201,  39, 104, 216, 136,  67, 248;
  60, 150, 237,  13, 146,  82,  87, 191, 118, 254, 198,  36, 115, 102, 163,  81, 113, 204, 168,  56,  45, 209,  61,  30, 249, 167, 101,  21, 241, 112,  36, 122;
  56, 236,  57, 113, 157, 207,  65, 151, 115, 189, 164,   8, 147,  17,  80,  57,   9, 222,  68,  24,  58, 254, 241,  28, 239, 219,  53, 117, 226,   8, 214, 106;
  35, 239, 225,  69, 229,  31, 236, 151, 121, 107, 122, 204, 186,  40, 149, 188,  29, 206,  22,  13, 231, 250, 117, 235,  38,  30,  84, 164, 207, 220, 210, 253;
  54,   0, 102,  14, 125,  83, 152, 105, 137,  68, 213, 171,  72, 172, 182,   1, 222, 145, 215, 165, 188, 163,  36, 220,  18, 118, 200, 187,  87,  46,  62, 215;
  35, 128,  98, 221, 100, 185, 232, 111,  95,  65, 125, 130,  40, 236, 190, 164, 122, 170,  50, 141, 135, 186, 230, 209,  22,  62, 146, 136,  95, 140, 122, 204;
  72, 185,  25, 237,  56, 204,  83,  57,  34, 200, 234,  72, 151,  23,  64, 112, 150,  61, 124, 104,  91,  14, 211,  15, 205, 161,  35,  72,  72,   2,  35,  51;
  36, 218, 213, 127, 206, 143, 254, 252,  23,  58, 113,  67, 113, 121,  17,  11, 221, 211, 119, 226,  99, 232,  75,  61, 111, 206, 101, 148, 125, 187,  64, 139;
  36, 242, 125, 115,  38,  91, 181, 220, 118,  54,  52, 173, 195,  73, 202,  11,  63,  20, 238,  82, 198, 116, 111,  17,  70, 195, 117, 117, 101, 152,  87, 203;
 253, 233,  89,  98,  57, 157,  90, 248, 163, 184, 181,  77,  63, 215,  74, 144, 134, 229, 221,  94,  78,  75, 202,  53, 250, 217,  37, 253, 106, 151,  74,  27;
 252, 249,  28, 250, 173, 205,  87, 249, 150, 184, 165,  24, 247, 209,  96,  67, 200,  32, 127, 106, 122, 111,  91, 191, 233, 217, 167,  56,  18,  56, 208,  34;
  29, 168, 176,  49, 177, 175,  99, 216, 119, 161,  64,   8, 191, 241,  83, 188,  19, 106,  84,  29,  26, 248, 221,  51, 202, 221,  21, 116, 250, 133,  18, 224;
 177, 196,  73, 233, 180, 167,  79, 254,  22,  11, 216,  82, 243,  99, 184,  96,  89, 202,  31, 168,  59, 174,  73,  31, 232, 143, 165, 212, 188, 216, 240,  32;
 224, 212,  29, 190,  44, 108,  69, 190,   6,  27, 144,  88, 247,  51,   8,  75, 193,   6, 125,   9, 235,   4, 211,  51, 197, 178, 250, 152,  16,  88,  16,  43;
  88, 249,  90, 160, 184, 200,  94, 157, 162, 200, 188, 109, 191, 215,  74,  80, 182, 223, 253,  84,  94,  75, 130,  35, 250, 237,  36, 249, 170, 146, 138,  91;
 238, 239, 109,  53,  72,  90, 239, 172, 160, 118,  38, 185, 201,  47, 155, 151,  34,  85, 209, 231, 225, 212, 173,  61, 100, 227, 207, 133, 103, 181, 223, 248;
  93, 180, 237, 117, 190, 103,  89, 187,  22, 254,  87,   5,  81, 125,  83, 107,  23,  84, 121,  61, 185, 212, 251,   8,  79, 171, 245, 148, 165, 224,  84, 115;
 255,  94,  67, 174,  93,  87,  78, 252, 213, 206, 216, 207, 239, 204,  59, 244, 216, 229, 158, 231, 237, 135, 124, 174, 176, 244, 143, 138,  47,  63, 118,  92;
 223, 230, 235,   4, 210,  18, 126, 133, 249, 227, 139, 223,  73, 236, 220, 178, 183, 205, 124, 181, 181, 215, 172,  66,  58, 109, 175, 231, 173, 247, 250,  84;
  25, 191,  18, 188,  83, 180, 114, 119,  53,  77, 106,  69,  47, 243,  34, 144, 180, 171, 133, 132, 118, 155,  16, 239, 242, 247,  16,  75, 106,   4, 170,  11;
  44,  53, 186,  78, 205, 111,  87, 248, 195, 142, 237,   8,  82, 241,  45,  52, 216, 120,  98, 122,   8,  35, 250,  26, 123, 159,   5,  63, 211, 123,  70, 162;
 115, 178, 199,  12,  26,  83, 128, 107, 131, 224, 138, 239,  96, 236,  85, 166, 221, 245, 249, 161, 141,  75, 215,  95,  56,  54, 143, 190, 205,  36,  50,  92;
 211,  18,  53,  60,  58, 140,  17,  49, 235,  89, 177,  93, 190, 146,   4,  83, 164,  37, 124,   5, 147,  79, 146,  93, 153, 184,  58, 250,  24,   0,   3, 103;
 175, 176, 249,  67, 220,  63, 235, 216, 126, 241, 245,  26, 217, 124,  92, 168, 125, 221, 123, 255, 179, 118, 253, 242,  95,  29, 135, 100, 199, 171, 195, 244;
  74, 243,   4, 187, 169, 141,  45, 188, 175,  63, 155,  69, 230, 195,  72, 207, 197,  19, 237,  67, 218,  65, 219, 113, 196, 242, 218, 218,  26,  19, 129,  27;
  37, 103,  64,  15, 244, 143, 238, 248,  94, 232, 121,  76, 243, 104, 157,  32,  92, 104,  18, 111, 135, 178,  76,  63,  36,  28, 165,  36,  93, 187,  90, 132;
 237, 140, 181, 223, 237,  60,  77,  57, 245,  91, 247,  24, 250, 243, 156, 255, 217, 206, 126,  42, 187, 118, 235, 247,  87, 255, 243, 140, 210, 232, 240,  33;
 225, 249,  57, 119, 112, 204, 113,  52, 124,  73, 119,  24, 183,  23,   8,  48, 132, 126, 124,  74, 211, 252, 241,  37, 199, 249,  48,  64,  64, 131, 199, 123;
 195,  14,  65,   5,  16, 170, 104,  38, 125,  37,  98, 213, 163,   0, 148, 212,  98, 172, 104,  12, 172, 188,  69,  78, 132,  56,  16,  64,  68, 128,  67,  12;
 175, 244, 107, 154, 244, 195, 235, 252,  22, 121, 213, 151,  80, 223, 122,   1,  89, 139,  19, 255, 115,  70,  26, 247, 124,  15, 175, 236,  29,  13, 242, 243;
 182, 134,   2, 155, 220,  99, 190, 233,  23, 230, 219, 151,  72, 238,  58,  73, 125, 255, 203, 167, 120, 215, 203, 254, 189,  38, 207, 191, 149, 126, 180, 208;
 189, 189, 111,  99, 244,  63, 111, 242, 113, 236, 126,  94,  83,  45, 149,  49,  57, 206,  21, 254, 185, 248, 121,  46, 111, 207, 165, 196, 231, 243, 210, 232;
 171,  90, 164,  60,  60,  63, 145, 218, 158, 122, 144, 253, 182, 156, 179, 171, 141,  65, 223, 101, 175,  71, 102,  31, 192,  18, 121, 188, 220, 125,  27, 125;
 130, 156, 150, 157, 163, 166, 188, 167, 188,  27,  82,  50, 236,  62,  32,  75, 231, 119, 187, 129, 112, 220,   3, 247,  44,  50,  94, 194, 144,  84, 165,  27;
  11, 183, 146, 187, 248, 164, 189, 255,  58,  27,  89, 213, 252, 227,  74, 144, 199,  11,  19, 157, 178,  90, 154, 103, 108,  54,  62, 200, 142, 198, 171, 137;
   0, 249, 123, 237, 180, 143, 127, 246, 110,   8, 126,  64, 183, 183, 160, 112, 182, 122,  23,  72, 195, 184,  32,  61, 239, 173,  38, 128,  80, 146, 227, 169;
 252, 100, 104, 246,   4,  35,  74, 248,  53, 162, 155,  90,  83,  75,  25,  89, 123, 204,  29, 171, 168, 119,   9, 190, 210, 207, 235, 180,  37, 249, 114,   0;
 120,  57, 186, 126, 157, 253,  82,  69, 147,  13, 172,  41,  46, 221,  98,  16, 216, 186, 197,  16,  30,  43, 218, 191, 251, 245,   1, 123, 210,  14, 206,  91;
 109,  52, 185, 101,  53, 111,  67,  26, 118, 233, 111,  24, 210,  17,   0,  48, 217,  28, 108,  56,  57, 244, 241,  14, 207, 255,  49, 116, 192, 136,  70, 162;
 129, 204, 111,  87,  32,  50, 237,  51, 244, 218, 247, 214, 241, 103, 146, 107, 111, 102, 127, 174, 229, 213,  45, 109, 102,  43, 247, 128, 109, 240, 232, 241;
  69,  57, 186,  36,  44,  45,  83,  88, 235, 172, 168,  12, 150, 177,  99,  26, 128, 108, 110,  91, 136,  35, 146,   0, 209, 144,   1,  56, 200, 251,  67,   3;
 102,  14, 226,  30, 203, 112, 190, 194, 139, 135, 253, 171, 104, 236, 119,  90, 239, 243, 227, 135, 148,  43, 142, 224,  18,  52, 218, 171, 215, 247,  47, 206;
 119, 176,  80, 109,  59,  14,  82,  56,  51,  32, 173, 140,  91, 115,  78,  20,  55, 148, 124, 106,  25,   2, 217, 159, 146, 252,   1, 118, 106, 163,  74,  21;
  35, 236, 226, 223,  84, 147, 174, 239,  86, 227, 120,   2,  96, 232,  60,  32, 121, 234,  19, 129, 230, 186, 124, 255,  62,  14, 159,  32,  85,  94, 114, 204;
 130, 141,  58, 153, 150, 163, 186, 103,  60,   1,  90, 146,  44, 142,  48,  65, 110,  59,  19, 145, 178, 156,   0, 255,  44,  36, 154, 192,  21,   8, 161, 152;
  33, 133,  71, 205, 212,   3, 238, 239,  30,   0, 250,  66,  81, 226, 176,  65, 120, 142,   2, 233, 114, 186,  73,  93,  60,  46, 175,  68,  21,  40, 240, 160;
 171,  54, 230,  89, 222,  59, 168,  95,  95, 247, 118, 246, 200, 168, 214, 173, 127, 142, 162, 157, 181, 254, 103, 210,  30,  30,  83, 199, 223, 204, 249, 149;
 205, 100,  49, 103,  49, 207,  99,  20, 120, 168, 103,  24, 255,  17,  72, 177, 144, 124,  76,  74, 104, 244, 241,  46, 229, 233,  32, 112,  66, 145, 194,  32;
  75, 248, 130,  95,  41,  20, 172, 180, 255,  91, 198,  84, 232, 211, 222, 238, 101,  76, 249, 207, 199,  77, 187, 227,   2, 126, 222, 138,  10, 180, 185,  93;
 105,  21,  61, 125, 160,  47,  93,  63, 117,  47,  98,  92, 215,  51,   0, 121, 149, 183,  36,  40, 184,  56, 113,  29, 231, 255,  80,  64, 218, 224, 194,  42;
   7, 244,  23,  91, 245, 255, 174, 200,  95,  91, 121,  82,  88, 210, 253, 173, 185,  90,  18, 122, 163, 244,  58, 247,  47,  30,   7, 110, 219, 223, 227, 164;
 207,  78,  46,  55, 104, 191, 239, 166, 164, 254,  46, 133, 109, 103, 147, 223,  39, 103, 105, 110, 228,  73,  47,  61, 102, 235, 111, 144,  82, 247,  75, 120;
  82, 179, 166, 152, 107, 193, 152,  72, 175,  93, 208, 163, 140, 222,  98,  90, 238, 185, 255, 145,  22,  75, 130, 209, 153, 112, 154, 255, 148,   4,  39, 219;
 195, 188, 134,  30, 201, 180, 188, 231, 251,  91,  64,  85, 172, 250, 118, 239, 197, 107, 250, 141, 183,  77, 158, 243,  14,  58, 222, 202, 138,  68, 187, 156;
  77, 241, 217, 231, 178,  12, 111, 188,  40, 137,  30, 224, 223, 119, 200, 114,  54, 215, 125, 250,  81, 144, 233,  96, 236, 173,  46, 196,  36, 179, 129,  57;
 215, 161, 128, 178, 155,  28,  92, 141, 171, 113, 130, 157, 207, 238,  74, 146, 167, 199, 253, 213,  95,  73, 155, 241, 185, 208,  31, 126, 168,  68, 139,  28;
  37, 239,   1,   1, 116, 143, 230, 250, 122, 232, 120,  76, 179, 200, 213,  48,  29, 108,   2,  79, 199, 184, 204,  63,  44,  12,  37,  36,  73, 251,  82, 133;
  84,  58, 158,  52, 232, 172,  89,  19, 163, 183, 167, 157, 151, 167,  66,  26,  39, 183, 109,  20,  24,  79, 146,   0, 219, 135, 113, 121, 160, 193, 142,  82;
  78, 132, 156, 122,  61, 236,  80,  40, 191,  83, 165,  17, 222, 243,  42, 126, 209,  32, 253,   8,  62,   5,  91, 215, 195, 255,  82,  91, 218,   5,  74,  70;
 120, 227, 121, 104, 250, 201,  87, 253, 114,  61,  60,  56,  23, 151,  72,  48,  59, 154,  68,  88,  90,  58, 232,  55, 253, 197,  53, 125, 240, 130, 198, 235;
  37, 189, 219,  78, 242, 205,  39, 241, 122, 202, 105, 104, 112, 243, 229, 112,  51, 126,   2,  26,  83, 186, 184, 123, 125, 174,  37,  40,  72, 242, 226, 161;
  38, 140, 166, 158, 205,  39, 206, 232, 159, 246, 193,  31,  96, 236,  59,  75, 221, 239, 251, 231,  56,  99,  91, 252, 153,  18, 207, 124, 145, 111, 116, 210;
 237, 248,  63, 119,  52, 205, 115, 144, 252,  89, 119,   8, 255, 213,   8,  57, 144, 127, 124,  74,  99, 244, 250,  37, 197, 251, 112,  64,  64,  19,  71, 251;
 104,  33, 185, 103, 221,  79,  81,  25,  99, 181, 165,  24, 146,  53,  64,  62,   0,  30,  96,  24,  24, 126, 249,   0, 207, 152,  85,  51, 226, 200,  70, 234;
  53,  84,  75, 163, 194, 103,  79,  89,  37, 234, 251, 239,  87, 119, 137,  48, 127, 205,  23, 166, 205, 146,  61,  10, 241, 198, 173, 132, 161, 243, 162, 241;
  72, 177,  21, 101,  56,  78,  67,  57,  32, 232, 171,  72, 215,  23,  64, 118, 128,  20, 124,  40,  73, 192, 241,  13, 197, 248,  33,  80,  10,   2,   7,  51;
 201, 113, 158,  71,   1,  30, 118,  29, 105, 234, 103,  72, 222,  17,   9, 190, 180,  84, 104, 106, 193, 244, 185,   8, 231, 249,  69,   4,  74, 178,  75,  41;
 246,  16, 103, 142, 125,  83, 152,  73, 137,  68, 213, 171,  72,  76,  55,  11, 206, 181, 247, 231, 140, 167, 119, 204,  19, 112, 200, 219,  87,  47, 116, 215;
  71, 243,  26, 138, 169, 157,  78, 184, 175,  61, 143, 205, 206, 195, 202, 214, 134,  68, 236,  78, 219,   1, 219, 241, 178,  52,  11, 254,  26, 151, 137,  21;
  45,  60, 185,  97, 116, 239,  99,  18, 124, 235, 127,  24, 214,  17,   0,  56, 145,  28,  94,  24, 185, 188, 113,  14, 207, 255,  49, 116, 194, 201,  70, 243;
 130, 156, 159, 159, 162, 226, 191, 167, 190,  27,  91, 243, 252, 254,  40,  75, 231, 127,  59, 131, 114, 220,  11, 255, 108,  54, 254, 130, 148, 112, 165,  91;
  67, 160, 167, 214, 173, 189, 248,  79, 239, 219, 190,  92, 172, 172, 222, 174, 237, 199, 255, 157, 151, 105, 247, 225, 159,  94, 222, 250, 195,  76, 235, 221;
 120, 149, 253, 245, 150, 110,  95,  63,  19, 237, 179,  59,  87,  61,  16,  43,  29, 215, 125, 177,  56, 248, 249, 174, 233, 239, 245, 212, 165, 233, 148, 115;
  40, 189,  56, 106, 249, 253,  87,  63,  75,  13, 125,  45, 191, 221,  32,  48, 156,  58, 133,  16, 218,  42, 122, 189, 235, 221,   5, 123,  82, 202, 198, 251;
  56, 206, 247,  92,  51, 242, 183, 102, 117, 143, 127,  48, 106, 243, 164, 149, 251, 126, 132,  34, 120, 255,  40, 175,  50, 246,  84,   3, 243, 116, 230, 239;
  88, 255,  17, 160,  59, 220,  90, 190,  33,  72, 188, 109,  63,  23, 131, 240, 166, 189, 221,  96, 207,  75, 128, 189, 242, 241,  45, 186,  42, 150,  14,  91;
 190, 122, 206, 253,  10,  66,  26, 216,  55, 166, 214, 163, 217, 207,  35,  75, 126, 253, 255, 226, 104, 215,  65, 234, 210, 227, 239, 149,  39, 181,  39, 217;
 188, 178, 186,  24, 139, 125, 144, 203, 255, 223, 180,  57,  78, 252, 110, 156, 189,  25, 198,  49, 190, 103,  42,  83,  91,  87,  21, 127, 211, 108, 207, 215;
  48, 133,  74, 206,  28, 163,  82,  43, 215,   1, 235,  18,  99, 243,  44,  80,  88, 186,  15, 136,  58, 171,  73,  31, 227, 190, 128,  81,  48, 138, 244,  10;
  96, 235,  40, 239,  60, 143,  79, 189,  54, 172, 254, 141, 243,  39,  18,  16, 220, 238,  79, 108, 200, 154, 121,  63, 231, 167, 165, 176,  48, 154, 214, 123;
  61,  92,  39, 174,  84, 118,  79, 248,  17, 202, 218, 239, 119, 126,  59, 113, 220, 237,  95, 231, 237, 195, 124, 172, 177, 227, 237, 144,  37, 255, 118, 221;
  38, 251, 168, 179, 206, 205, 187, 212,  14, 121,  89, 167, 180, 253,  74,   2, 237,  91,  51, 211, 146, 120, 218, 225,  77,  16, 239, 239, 133,  90, 151, 243;
 252, 100, 181, 104, 169,  76,  71, 152, 225, 146, 165,   8, 223, 211,  73, 123, 145, 212, 108, 106, 105,  71, 154,  16, 241, 217,  69,  60,  66, 115,  66,  34;
 111, 241, 112,  66, 217,  29, 126, 156, 235,  49, 175,  24,  75, 159,  92, 244, 191, 215,  94, 248, 155,  43, 249, 246, 191, 221,   5, 126, 227, 147, 194,  36;
  35,  33, 224,   1, 205,  31, 236, 103,  75, 227, 249, 154, 136,  40,  86, 172, 201, 140, 242, 173, 157, 250, 213, 208,  30,  30, 213, 118, 207, 108, 218, 132;
 189, 250,  81, 112, 113, 205,  90, 248,  59, 236,  49, 109,  47, 223, 193, 145, 151, 237, 213, 102, 239, 118, 232, 191, 190, 217,  33, 190, 106, 165,  70, 211;
 229, 125, 187, 100, 252, 111,  71,  86, 120, 196, 172,  76, 151, 177,  65,  18, 144, 238,  76, 126, 169,  35, 240,  10, 241, 141,  36,  56, 200, 251,  70, 248;
  97, 252, 177,  95, 237, 253, 231, 174, 219, 115,  44,   8, 178, 244,  85,  52, 129, 122, 114,  10,  67, 122, 250,  59,  45, 158,  21,  58, 208,  89, 198, 172;
  35,  50, 228,  89, 108, 155, 168,  83,  95, 117, 118, 247, 136, 168, 214, 173, 110, 172, 178, 157, 151, 248, 103, 192,  30,  30, 210, 192, 223, 140, 120, 221;
 136, 148,  50, 250, 117, 252, 120,  87, 189,  25, 117,  16, 174, 159,  44, 120, 165,  59, 215,  16, 178, 173,  50, 215, 203, 253,  18,  74, 210,   0, 231, 131;
 108, 160, 149, 120, 201, 237,  81, 203, 235,  19, 165,  24, 158, 245,  72, 158, 161, 146, 234,  24,  19, 103, 154,  17, 155, 250,  81, 127, 194,  65, 134,  34;
 215, 173, 101,  69,  86,  54, 171, 234, 104, 240,   8, 196,  57,  40, 213,  55, 167, 207,  81, 255, 167, 122, 181, 239,  28,  40, 143, 228,  13, 101, 115, 188;
 173, 124, 209,  90, 225, 101, 111, 218, 123, 154,  96,  80,  24, 215, 237, 189,  49,  90,  18,  90,  99, 118, 186, 242,  63, 158,  85,  46, 218, 241, 226, 176;
 205, 254,  61, 249,  56, 239,  83, 187,  62, 122, 183, 120, 214, 119, 128, 112, 149,  93, 124,  56, 171,  68, 251,  31, 237, 247,  33, 244,  16, 225,   5, 113;
  97, 125,  83,  86, 112, 141, 102, 182, 123, 232, 104,  76,  50, 242, 197, 180,  16, 110, 114,  72, 195, 122, 242, 127,  37,  60,  21,  42,  72, 144,  66, 173;
 219,  91, 215, 182,   3,  26, 190, 228, 185, 194,  82, 231, 109, 238, 165, 223, 182, 101, 236, 199, 229, 213, 140, 234, 176, 114,  95, 131,  45, 119, 171,  93;
  30, 253, 254,  80, 219, 211, 183, 198, 255, 247, 252, 167,   8, 252, 247, 174,  43, 235, 195, 213, 246, 251,  54, 232, 126,  95,  21,  99, 231, 244, 239, 222;
  41, 231, 121, 107, 116, 143, 111, 125,  84,  41, 124,  64,  51,   9, 152,  48,  90, 138,  22,  40, 219, 186,  69,  31, 102, 141,  32,  64, 125, 138, 210, 169;
 240, 177, 184, 120, 233, 205,  85, 255, 187,  63, 164,  24,  62, 191,  68,  56, 141, 155, 253,  16, 122,  79, 242,  19, 219, 223,  20, 127, 208,  64, 198,  59;
  84, 165, 147,  90, 147, 226,   7, 203,  59,  13, 233,  16,  68, 247,  44, 116, 177, 251,   0, 146,  50, 203, 184, 127, 185, 182,   7,  78, 128,  67, 167,  38;
   1,  75,  15, 141,  70,  10, 239, 236, 116, 160,  66,  66, 241,  35, 145,  97, 122,  76,  42, 238,  65, 208,  69, 109,  36, 162, 238,   0,  37, 186,  33, 168;
 104, 101,  16, 101, 129, 126, 101,  55,  96, 162, 110,   8, 155,  17,   1, 181,  16, 142, 192, 106,  73, 240, 241,  12, 231, 233,  96,  48,  98, 240, 202,  32;
  22, 106, 232,  87, 160,  59,  79, 136,  59, 230,  21, 153, 103, 110, 223,  27,  23, 237, 253,  15, 236, 196, 239,  34, 210, 215, 125, 181, 196, 247,  30,  80;
 252, 252,  30, 254,  45, 205,  87, 121, 159, 186, 165,   8, 255, 209,  32,  83, 193, 112, 253,  98, 104, 111, 218, 189, 243, 211,  69,  59,  82,  58, 133,  34;
 193,  49,  61, 101,  32,  78, 113,  57, 109, 168,  55, 104, 223,  23, 136, 115, 150,  20, 124,  40, 225, 212, 241,  76, 197, 249,  33, 148,  64, 130,   7,  49;
 169, 204,   9, 233, 180, 175,  69, 191,  86, 171, 254,  84, 147,  33, 144, 240,  89, 142,  30,  56, 187, 188,  65,  31, 236, 207, 181,  84, 184, 248, 208,  41;
  76, 163, 136,  99, 236,  73, 231, 217, 226, 253,  29,  40, 211, 209, 219,  50,  56,  76,  70, 122,  91, 114, 234,   0, 252, 133, 165, 173, 224, 242, 214, 225;
  73,  51, 237,   5, 120,  18, 169,  24,  34, 200, 222, 228, 177, 135, 210, 226,  70,  92, 125, 220, 129, 192, 231,   8,  70,  41, 171, 136,  14, 162,  51, 241;
 120, 177, 185, 226, 152, 205,  83, 221, 162,  45, 173,   8,  55, 215,  72,  48, 152, 155,  77,  80,  26,  11, 250,  49, 251, 197,  37, 125, 224,   2, 134, 122;
  69,  13, 239,  87, 172,  62, 237, 183, 236, 218, 191, 196, 241, 111, 151, 107, 111, 230, 127, 174, 245, 193, 111, 109, 230,  63, 247, 128, 141, 240, 233, 113;
 195,  49, 179,  80, 203, 204, 189,  71, 187, 222,  32,  16, 188, 215,  77,  63, 167,  63,  82, 144,  87,  73, 178,  64,  31,  24,  95, 106,   2,  64,  39, 238;
   8, 217,  59, 237, 176, 143, 127, 246, 118,   8, 126,  96, 183, 183, 160, 112, 182, 122,  23,  72, 195, 184,  16,  63, 225, 237,  38, 128,  88, 146, 163, 171;
 240, 221,  31, 236,  13,  79,  71, 189, 132,  50, 134,  10, 119,  17,  32,  83,  72, 228, 121, 106, 105, 175, 113,  61, 241, 171, 197,  20,  48,  56, 244,  42;
 136, 172, 250, 123, 221, 253, 127, 199, 127,   3, 109,  16, 191, 255,  80,  56, 251,  59,  83,  24,  50, 124,  58, 243, 207, 223,  22, 105, 210, 192, 227, 170;
 126, 187, 247, 102, 233,  94, 118, 181, 235, 174, 190,  40,  74, 255,  69,  22, 161, 246, 253, 210, 200,  99, 171, 232, 123, 255,  69, 147, 227, 246, 198,  43;
   0, 253, 251, 123, 199, 201, 181, 230, 254,  19,  97,  26,  60, 254, 108,  57, 163, 123,  50,  83, 118, 122, 186, 117, 127, 139,  86, 107, 209,  81, 231, 154;
 197,  74, 159, 135,  46,  10, 170, 128, 236, 176, 194, 194, 245,  34, 145,  75,  98, 100, 106, 238,  65, 212, 207, 104, 132, 162, 235,   0,  44, 179,  33,  40;
  43, 165, 102,  51, 245, 217, 228, 167, 125,  97, 250, 157, 171,  40, 158, 181, 186, 139, 198,   5, 255, 248,  85, 229, 174, 127,  16,  83,  79, 140, 218, 220;
 195, 189, 135,  28, 203, 244, 172, 231, 191, 211, 194,  84,  40, 246,  36, 255, 225, 107, 250, 132, 119, 207, 150, 211,  62,  58, 222,  74, 138,  68, 171, 156;
 225, 151,  87,   9, 250, 123, 180,  39, 249, 123, 250, 252, 142,  54, 134, 183, 143,  23, 198,  32, 181, 186, 101,   6, 174, 246,  80,  86, 200,  68, 143, 221;
   2,  13,  34, 140,  20, 163, 170,  99,  20,   1,  90,   2,  32, 170,  48,  64, 120,  43,  19, 145, 144, 184,   0, 223,  32,  38, 138, 192,  21,   8,  48, 136;
 251, 133, 108, 173, 124,  27, 238, 125,  79, 100, 219, 143, 251, 108, 158,  33, 250, 167, 127, 101, 255,  59, 109, 157, 190, 121, 175, 148, 125, 174, 208,  92;
   0, 145,  25, 185, 124, 133, 185, 127,  30,  25,  88,  82, 180, 155,  48,  64, 205,  27,  19,  25,  19,  58,  66, 213,  77, 148, 186, 232,  80,   8, 177, 171;
  48, 183,  72, 168,  84,  75,  83, 123,  16, 172, 188,  15,  51,  99,   2,  17, 120, 138,  15, 160, 122,  42,  64,  29, 251, 197, 161, 189,  49, 168, 126,  91;
 156,  56, 254, 229,  42, 107,  59, 216,  55, 178, 247, 162, 223, 127, 201,  79,  63, 213, 255, 242, 168, 215, 105, 220, 222, 203,  99, 135, 231, 235,  37,  51;
  96, 160, 140, 251, 205, 101, 192,  11,  86,  63,  57,  17, 192, 249,  92,  11, 201,   2, 107,  16,  50, 104, 219,  17,  79, 214, 213, 127, 208,  72, 212, 130;
  61,  34, 106,  41,  76,  27, 233,  80,  69,  36, 247, 143,  11,   9, 186,   4, 120, 140, 199, 239, 140, 179, 101, 128,  86,  73, 160, 165, 119, 143, 126, 192;
 234,  41, 250,  68,  77, 252, 113,  66, 227, 164, 172,   8,  42, 189,  87,  62, 168, 254, 241, 208,  12, 123, 178, 192,  91,  93,   5,  43, 195, 246, 102, 238;
 126, 123, 210,  10, 243, 249,  86, 212, 163,  76, 252, 173,  46, 199, 231, 148, 182, 251, 133,  66,  78,   3, 136, 249, 178, 213,   4, 187, 123, 247,  46,  95;
 200,  52, 189, 116, 169, 108, 117,  23, 170, 187, 174,  24, 190, 183,  64,  58, 129, 119, 125,   8,  51, 109, 210,  66, 215, 255, 116,  56, 200, 112, 135,  51;
 239, 176, 244,  95, 237,  62, 241, 121, 251, 123, 247,  56, 200, 251, 158, 127, 251,  78, 126,  40, 181, 119, 235, 209,  95, 122,  83, 158, 210, 236, 210, 167;
  39, 110, 134,  29, 172, 187, 174, 134,  94, 170, 122, 197, 163, 232, 213, 142, 153, 106, 110,  31, 166, 244,  71, 170,  36,  30, 127, 128, 197, 125,  89, 141;
  86,  56, 188, 188, 141, 100,  80,  10, 163, 183, 139,  25, 198, 251,  67,  90, 193, 245, 237,  17,  30,  71, 211, 128, 219, 247, 219, 127, 128,  97,  44,  66;
  90, 153, 254, 245,  43, 210,  91, 178, 161, 140, 142,  33, 111, 183,   2, 118,  38, 245, 253, 200,  88, 201, 171, 239, 219, 255, 231, 131,  34, 164,  47, 107;
 199, 143,  12, 186, 217, 144,  89, 167, 161,  85, 141, 157,  45, 102,  90,  91,  69, 163, 235, 149,  62,  79, 238, 119, 254, 112, 220, 201, 176, 132, 174,  92;
 114,  15, 229,  37, 168,  74,  79,  39,  97, 230, 186, 173,  99,  40, 150,  19,  89, 230, 108, 230, 236, 250, 237,  12, 226, 250, 229, 145, 103, 246, 214,  76;
 233, 252,  82,  93,  66, 140, 101, 183, 122, 114,  98,  92,  48, 178, 132, 245,  39, 238,  34,  72, 225, 254, 150, 123,  36,  42, 117,  40, 106, 240, 226, 141;
 153,  31, 111, 255, 168,  54, 125,  61,  60, 202, 215, 247, 253, 102, 146, 107, 119, 103, 127, 175, 181, 201, 119, 111, 230, 239, 250, 128,  28, 240, 169,  89;
 167, 249, 122,  86, 236, 153, 182, 228, 218, 184,  52,  42,  56, 216, 247, 167, 138, 120, 210,  74, 226, 103, 170, 120,  55,  25,  37,  59,  87,  59, 218, 175;
 176, 235, 121, 112, 240, 203, 119, 245, 114,  61, 164,  56,  23, 215,  72,  48,  59, 154,  68,  88, 122,  59,  40,  23, 251, 141,  37, 125, 113, 128, 198, 227;
  80,  24, 152, 184, 137, 236,  16,   2, 162, 183, 138,   9, 166, 191,  67,  90, 193, 247, 233,  17,  14,  79, 211,  34, 209, 247,  90,  59, 144, 113,  13,  90;
 220, 126, 158, 180,  42, 138,  21, 100, 184, 190, 183, 185,  79, 239,  35,  91, 166, 117, 237,  98,  96, 197, 136,  10, 243, 227, 107, 151,  32, 113, 143,  67;
 130, 204,  14, 158,  92, 129, 174, 230, 148,   2,  80,  18,  48, 202,  49,  65,  72,  42,  19, 195,  98, 174,   2, 255,  32,  34, 218, 136,  21,  24,  48, 136;
 160, 168, 190, 123, 205, 237,  97, 207, 247,  23, 228,  24, 179, 249, 120,  57,  73, 186,  98, 152,  58, 126, 250,  51,  79, 155, 214, 105, 241,  72, 230, 170;
 103,  60, 245,  85,  95, 127, 152, 106, 219, 227, 184,  90, 232, 252, 213, 166, 159, 255, 248, 129, 189,  99, 255, 202,  31, 126, 203, 186, 207, 109,  27, 149;
  97,  60, 185, 113, 180, 239,  99,  18, 126, 235, 126,  88, 214,  53,   1,  56, 149, 126, 116,  24, 177, 248, 241,  46, 199, 223,  49,  48, 192, 217,  70, 187;
 201, 115,  37,  67,  32, 142, 105,  20, 100, 232,  71, 212, 177,  21, 208, 107,  68,  28, 121,  94, 195, 212, 245,  32,  71, 105, 160, 192,  46, 129,  82, 249;
 233, 240, 176,  17, 205,  29, 228, 175, 123, 115,  32,  92, 158,  56,  94, 186, 137,  14, 114,  29, 215, 124, 219,  83,  15,  31,  85, 118, 202,  76, 219, 142;
 223, 110, 166,   6,  19,  54, 174, 200, 185, 198, 199, 199, 109, 230, 191, 239,  54, 229, 248, 231, 165, 213, 189, 234, 176, 118,  79,   2, 143, 119,  43, 124;
 131, 225, 255,  85, 232, 142, 189,  23, 186, 179, 102,  16, 145, 159,  20,  43, 134,  63,  81, 140, 240, 252, 176,  70, 103,  27, 222, 224,  69, 144, 195, 168;
   1, 160,  17, 201, 124, 137, 232,  29,  14,  25,  81,  82, 181,  67, 184, 228,  90,  10,  22, 152,  19,  58,  99, 213, 140, 220, 186, 236,  28, 136, 145, 169;
 251, 165, 108, 173, 252,  27, 238, 125,  79,  96, 251, 139, 255,  12, 158,  33, 250, 134, 127, 103, 254,  58, 109, 157, 254, 123, 171, 244, 119, 142, 211, 196;
  17, 220,  31, 255, 149, 239, 103, 180,  28,  35,  78,  64, 247, 113,  33,  96, 209, 114,  26,  74,  41, 188,  89,  63, 239, 239,  20,  16, 152,  91, 208,  40;
 125, 100, 208,  64,  13, 125,  71, 200, 227, 182, 165,   8,  75, 209,  79, 191, 153, 192, 236, 122,  76, 103, 250,   0, 147, 217,  69,  63, 226, 255,  74,   6;
 210, 178,  42, 136, 106, 193, 184,  75, 175, 109, 218, 163, 164, 158,  98,  64, 238, 149, 255, 145,   6,  15, 195, 209, 149,  52, 186, 251,  20,   4,  39, 223;
 200, 180, 152, 116, 233, 236, 117,  87, 187, 251,  36,  24, 158, 183,  64,  59, 129, 126, 125,  24,  51, 109, 242,   2, 223, 255,  84, 120, 202,  80, 135,  59;
 100, 177, 249,  96, 240, 237,  83, 218,  35, 233, 109,   8,  23, 247,  72,  48,  20, 218,  84,  88,  27,  58, 248,  16, 255, 141,  37, 108, 224, 195, 198, 178;
  97, 167,  80,  18, 252, 157, 228, 171, 123,  57, 121,  92, 162, 104, 222, 176, 153,  14,  66,  28, 150, 122, 206, 117,  62,  28,  21, 108,  73, 194, 202, 132;
   7, 253, 148,  83, 237,  63, 166, 206, 223, 219,  56,  86, 200, 248, 255, 175, 233,  75, 242,  95, 231,  97,  31, 242,  46,  30,  87,  46, 217, 125, 233, 140;
 254,  22, 100, 232,  15, 247, 218,  88, 141,  72, 152, 239,  75, 220,  63,  32, 222, 177, 223, 227, 141,  39,  90, 222, 147, 249, 137, 191, 127,  63,  92,  87;
 193,  53,  61, 103,  32,  78, 117,  57,  40,  42, 119,  88, 223,  87, 136, 115, 150,  20, 125,  42, 241, 212, 249,  76, 199, 249,  97, 132,  64, 130, 199,  51;
  22, 191, 147,  90, 179, 246,   7, 206,  59,  15, 232,  48,  12, 246, 165, 252, 245, 251, 128,  80,  59, 203, 186, 127, 185, 182,  31, 106, 146,  81, 167, 247;
 136, 128,  50, 250, 117, 189, 120,  19, 253,  29, 117,  24, 174, 217,  44,  61, 133,  59, 215,  24, 178, 172,  50, 215, 131, 255,  16,  74, 210, 136,  67,   7;
 232,  41, 177,  87,  73, 237,  65,   0, 235, 165,  36,  24, 178, 149,  68, 190, 128, 126,  96,  72,  17, 124, 240,  50,  15, 216,  81,  50,  66,  41,  70, 170;
 205,  61,  21,  97,  49, 110,  67,  50, 105, 232,  43,  72, 158,  23,   0, 245, 128,  84, 124, 106,  25, 216, 241,  61, 165, 249,   0,  80,  10,   3,   3,  48;
 186, 120, 230, 253,  40,  19,  94, 220, 181, 162, 214, 163, 249, 207, 145,  91, 126, 253, 255, 238, 232, 215,  99, 234, 214, 251, 239, 144,  39, 253,  32, 216;
 150, 189, 251, 251, 218, 192, 189, 233, 190,  23, 121, 179, 253, 255, 104,  17, 123, 187, 131, 144, 114,  90, 170, 117, 109, 131, 126, 239, 245,  66, 167, 251;
  43, 180, 110,  33, 213, 191, 240, 215,  61, 113, 254, 191,  11,  24,  22, 156, 137, 142, 247,  21, 191, 250,  85, 135, 126, 123, 148, 247, 239,  76, 218, 214;
  56, 252, 185, 122, 185, 205,  21, 231, 186,  63, 172,  25, 191, 191,  64,  16, 133, 155, 213,  16, 123, 107, 250,  53, 251, 213,  60, 123, 208,  80, 135, 251;
 248,  72, 189, 252,  13,  79,  69, 166, 133,  34, 166,   8, 115,  51,  33, 115,  64, 244, 121, 106, 105, 175, 115,  59, 241, 171,  64,  16,  50,  56, 116,  42;
  52, 228, 184, 203,  93, 241, 195, 206,  87,  53, 236,  26, 162, 209, 109, 108, 217, 154,   2,  24,  10,  54, 107, 179, 223, 196, 145, 127, 241,  91, 212, 174;
  35,  34, 228,  17, 124, 155, 168,  83,  79, 117,  86, 215, 136, 140, 214, 236, 110, 173, 187, 157, 151, 248, 103, 208,  14,  24, 218, 193, 223, 140, 121, 212;
  81, 188, 186,  53, 156, 173, 113, 151, 238, 253, 238,  13, 183, 185,  82,  90, 165,  47, 125,  21, 158, 121, 179,  53, 223, 175,  55, 120, 200,   0, 131,  90;
  33, 239,   0,  51, 244, 137, 172, 239,  94, 160,  88, 237, 163, 232, 208, 128,  25,  42,  66,  13, 230, 248, 204,  63,  44,   6, 189, 160,  93, 222, 218, 140;
 158, 178, 190,  88, 171, 121, 145, 203, 187, 222,  52, 189,  14, 253,  71, 159, 183,  25, 245,  49,  54, 103, 186, 209,  91,  83,  77, 191, 195, 100,  15, 215;
 119, 113, 122,  66,  85,  95,  90, 216,  97, 233, 181,   8,  74,  91,  95,  48, 248, 196,  94, 250, 222,  35, 248, 236, 123, 217, 133, 126, 195,  47,  98, 230;
  97,  81, 157, 125, 228, 206, 101,  55, 123, 105, 107,  92, 211, 119,  24, 120, 148,  46,  38,  12, 153, 184, 113,  20,  71, 255, 112,  64, 216, 138, 194,  56;
 143, 148, 247,  82, 211, 251, 189, 239, 121,  87, 119, 154,  72, 124, 174, 189,  63, 154, 130, 184, 183, 254,  62, 247,  31,  30,  84,  71, 199, 197, 231, 244;
 125, 113,  45, 105, 141, 125,  81, 152, 231, 116, 172,   8,  18, 221,  75, 127, 200, 128, 122,  94, 143,  34, 251, 177, 215, 217, 193,  63, 114, 219,  86, 118;
   5, 189, 219,  79, 210, 143, 167, 241, 126, 192, 105,  68, 112, 240, 164,  48,  62, 106,  18,  74, 211, 184,  60,  63,  44, 140,  39,  32,  73,  98, 227, 177;
  85,  75, 174,  55, 132, 108,  79, 168,  58, 246,  78,   9,  99, 238,  87,  27, 177, 239, 117,  79,  76, 208, 171,  32, 195, 235, 237, 129, 192, 243,  87,  64;
 203, 174, 174, 156, 173, 180, 152, 239, 186,  95, 128,  29, 172, 234, 126,  75, 197,  35, 253, 149, 182,  79, 146, 243, 216, 115, 222, 251, 152,  68, 187, 207;
 144, 198, 126,  73,  82,  11, 183, 236, 252,  22, 108, 162,  75, 197, 173,  21,  55,  25, 194,  98,  98,  53,  40,  95, 117, 134,  65,   5, 113, 177,   7, 168;
  32, 180, 177, 233,  29, 239, 129,  95,  94, 105, 248,  80, 150,  21,   0,  32, 201,  26,  83,  25,  59, 188,  81,  31, 205, 132,  50, 116, 216,  72, 199, 187;
  34, 239, 105,  75, 244, 147, 239, 237,  23,   5, 125, 167,  33,  73, 190, 132,  90,  74, 147, 254, 210, 186, 108, 253, 110,  12, 134, 225, 119, 158, 246, 236;
 105, 157, 185, 109, 221,  95,  87,  59, 117, 200, 254,  76, 210,  53,   2, 112, 220, 214, 126,  40, 153, 186, 241,  15, 239, 255,  36,  80, 203, 106, 230, 251;
 221, 217, 249, 229, 178,  26, 111, 188,  33, 160,  22, 226, 223,  23, 201, 118,  54, 212, 125, 232, 201, 152, 229, 168, 254, 237,  39, 132,  38, 178, 161,  33;
 137, 221,  83, 108, 244, 143, 111, 245, 117,   8, 114,  68,  55,  19, 160, 112,  54, 250,  22,  74, 227, 184,  16,  63, 247, 188,  36,   0, 122, 144, 226,  41;
   2,  13,   2, 140,  20, 163, 168, 103,   4,   1,  90,   2,  32, 138,  48,  64, 120,  42,  19, 129,  16, 184,   1, 223,  32,  36, 154, 192,  21,   8,  48, 136;
 118, 187, 247, 100, 107, 202, 118, 178, 171, 140, 186, 109, 106, 255, 196,  18, 166, 245, 237, 194, 136,  75, 130, 235, 127, 252,  37, 139, 195, 114, 102,  27;
 233,  60,  60, 101,   5, 127, 101,  55,  97, 238, 254,  28, 155,  49,  19, 182,   8, 132, 204,  40, 253, 184, 241,  14, 199, 255, 112,  49, 234, 228,  78, 255;
  12, 248,  63, 105,  37, 237, 113, 154, 238,  90, 124,  40, 190, 215, 129, 184, 133,  88, 124,  72, 131, 105, 178,  17, 195, 255,  33,  10,  82, 241,  71,  51;
 182, 120, 166, 190, 141, 231, 218, 200, 143, 240, 161,  13, 202, 254, 119,  10, 201, 245, 251, 247,   8, 103,  91, 176, 153, 211, 207, 126, 208,  63,  52,  82;
  34, 249, 231,  95, 219, 209, 188, 198, 191, 213, 244, 163,  40, 188, 119,  46, 235, 251, 243, 209, 102, 235,  54, 232, 127,  90, 159,  43, 231,  84, 230, 222;
 171,  59, 115,  61,  97, 223, 125, 115,  57, 238, 112, 109,  63,  31, 131, 153, 182, 185, 215,  32, 197, 182,  48, 222, 151, 217,  97, 162, 106, 164,   7, 219;
 214, 127,  30, 182,  34, 146,  62,  97, 188, 142, 147, 183, 205, 234,  35, 211, 166, 101, 237, 231, 100, 197, 138, 206, 176, 227, 107, 139,  12, 117,  43,  83;
   9,  47, 147,  29, 181, 191, 166, 215, 126, 170, 122,  68, 170, 160, 151, 164, 173, 110, 106,  13, 199, 184, 119, 171,  36, 126,  22,   2, 203, 124, 217, 141;
 124, 121,  52, 254,  45, 221,  87, 249, 207, 168, 173,   8, 254, 247,  32, 118, 192, 242, 252,  74,  73,  35, 250, 185, 243, 255,  69,  59,  82, 123, 198,  34;
 129, 248, 215,  95, 107, 220, 164, 151, 251, 210,  98,  80, 190, 247, 133, 191, 163, 126, 120,   8,  99, 236, 178, 107,   7, 250,  86,   2,  74, 112, 195, 189;
 156, 179,  60,  97,  52,  15,  81,  89, 118, 188,  37,  85, 147,   1,  66,   2,  28,  12,  76, 120, 238, 244, 249,   2, 207, 193,  37,  37,  96, 160,  78, 195;
  73, 137, 254, 253, 172,  14, 253, 183, 236, 219, 254,   0, 241, 127, 146, 106,  70, 102, 127,  15, 212, 233, 247,  96, 103, 191, 231, 144, 132, 240, 241,  98;
 248,  74,  17, 184, 161, 255,  88,   6,  61, 230, 226,  29, 143,  15,  67, 217, 200, 173, 237,  20, 108, 222,  80, 130, 211, 241,  82,  19,  18, 212,  46,  90;
  33, 123,  19,  78, 112, 207,  19, 112,  96, 204, 249, 236,  50, 149, 161,  20, 220,  56,   4,  66, 201, 186, 112,  44,  96, 180,  32, 154,  88, 154, 102, 249;
  37,  15, 195, 111, 242,   3, 111, 216,  53, 232, 121, 226,  81, 227, 185,  48, 126, 236,  23, 238,  25, 146,  12,  10, 116, 140, 165, 132, 235, 243, 226, 161;
 203,  88, 165, 213, 238,  31, 173,  31, 222, 115,  18, 220, 157,  12, 209,  43,   7,   5, 123,  13, 225,  76, 119, 144, 164,  90, 125, 188,  30, 220, 145, 124;
 124, 127, 181,  99, 185, 107,  87, 156,  71, 184, 172,  40, 223,  21,  65, 190, 129, 116, 108, 114,  11,  98, 251,  48, 233, 209,   5, 127, 242, 251,  70,  35;
  56, 255, 112,  96, 249,  31,  86, 255, 115, 168, 188, 237,  11,  25, 133, 144, 158, 220, 196,  96, 220,  58, 192,  28, 250, 217,  37, 119, 115, 188, 202, 139;
 254, 153, 245, 247, 149,  78,  71, 188,  19, 241, 162,  90,  90,  55,   8, 191,  61, 214, 125, 120,  57, 248, 249, 172, 191, 250, 213,  82, 163, 169, 214,  50;
  56, 123, 120,  97, 240, 223,  91, 214,  63, 236, 124, 173, 187,  15, 131,  16,  30, 252, 197,  88, 200, 186,  96,  62, 243, 221,  33, 241,  98, 155, 198, 115;
  37, 107, 115,  79,  84,  79, 111, 248, 117, 224, 251,  74,  83, 197,  53,  52, 124, 252,   2, 234, 201, 178, 125, 124, 117,  60, 133,   4,  99, 187,  98, 160;
 197,  99, 186,  70, 100,  30, 119,  48, 121, 174, 103,  76, 211, 208, 223,  51, 180, 100, 108, 110, 228, 245, 169,  10, 103, 249, 101,   4,  72, 179, 202,  37;
 124, 113,  42, 100,  57, 223,  19,  80, 161, 236, 180, 173,  27, 157,  66,  50, 156, 253, 221, 117, 217,   3, 240,   8, 219, 193,  33, 255, 107,  47,   6, 115;
 227, 244, 235,  94,  85, 220, 208,  70, 251, 203, 116,  24,  58, 220,  30,  55, 200, 248,  80,   8, 231, 110, 246, 235,  23,  58,  16,  43,  71,   4, 126, 238;
 176, 236, 120, 122, 112, 201,  95, 236,  51,  22, 100,  25,  55,  95,  42,  17, 155, 155,   7,  98, 106, 126,  90,  63, 255, 203,  53, 109, 112, 128,  70, 138;
 209, 201,  89, 229,  50,  10, 110, 181,  49, 160, 162, 196,  23,   3, 129, 115, 102, 212, 125, 232, 233, 220, 213,  78, 246, 248, 166, 132,  44, 176, 128,  41;
  54,  86,  96, 238,  47,  47, 218, 216,   5, 170, 177, 239,  75,  93, 189,  41, 254, 209, 221, 227, 141,  35,  73, 188, 210, 220, 169, 191, 127, 255,  88,  31;
  96, 249, 243,  86, 210, 200, 119, 215, 115, 193, 110,  40,  58, 247, 196,  52,  59, 254,  98, 152,   3, 250, 176,  98, 125, 172,  20,  42, 227, 210, 230, 250;
 164,  64, 127, 122, 101, 253, 120, 192, 239,  29, 117,  16, 142, 203, 125,  89, 170, 137,  71,  90,   2,  36,  42, 241,  71, 217,  80,  75, 210, 153, 102, 162;
 253, 247, 116,  70, 237,  95,  87, 184, 113, 254, 180,  44,  74, 117, 143, 183, 152, 196, 196, 106, 237, 103, 249,  46, 243, 219, 101,  63, 106, 191, 206, 119;
 229, 109,  57, 104, 205, 237,  71, 202, 193,  98, 172,  24,  19, 157,  93,  50, 201, 148,  89, 110, 105,  39, 248,  50, 243, 217,   5,  60,  80, 251, 214, 114;
   5, 230, 172,  27, 172,  61, 244, 207, 222, 159, 176,  85, 198, 232, 127,  11, 221,  66, 110,  55, 246, 101, 206,  98,  44,  30,  87,  62, 221, 124, 219, 135;
 216, 229, 102, 165, 252,  11, 230, 125, 125, 224, 219,  26, 207,  40,  24,  97, 250, 207, 127, 227, 248, 251, 205, 223, 252, 251, 111,  84, 103, 174, 241, 196;
  35, 182, 238,  16, 221, 191, 249,  87, 147, 125, 252, 159,  10, 157,  86,  28, 237, 142, 215, 149, 190, 250, 214, 212,  94,  95, 148, 255, 239, 204, 218, 223;
  56, 168, 188, 123, 173, 237, 209, 207, 199,  31, 180,  24, 178, 241,  76,  58, 201, 154, 110,  16,  26, 107, 234,  49, 203, 219, 116, 127, 210,  72, 214, 170;
  80, 185, 186, 189, 146, 232,  49,   7, 254, 197, 110,   1, 183, 191,   2,  96, 162,  63, 121,  17,  22, 184, 179,  13, 253, 231,  62,  65, 224,   0, 133,  90;
 163, 240, 117,  93, 109, 252, 245, 143, 251,  91, 116,  24,  56, 220,  30,  59, 201,  25, 115,   1, 231, 103, 246, 209,  71,  58,  80, 127,  83,   4, 214, 247;
 173, 120, 185, 115, 180, 207,  99, 147, 126, 233, 119,  88, 246,  21,   9,  56, 145,  58, 118,  24, 179, 252, 113,  42, 207, 223,  52,  64, 200, 153, 195, 187;
 180, 228,  61, 219, 157, 235,   4, 207, 214,  55, 160,  18, 162,  81, 109,  73, 201, 154,  74,  48,  42, 103,  91,  23, 233, 128, 149, 127, 209,  88, 212, 170;
  97, 113, 123, 108, 114, 205,  19, 112,  32,  76, 244, 173, 115, 213, 131,  48,  30,  56,  85, 110, 203, 130, 116,  13, 227, 173,  32, 152, 104, 130,   6, 251;
  72, 121, 191, 248,  41, 252, 117,  23, 191,  24, 110,  96, 191, 183,   1, 120, 134,  63, 253,  16,   3,  41, 178, 217, 227, 253,  50,  10, 194, 208,  39,  59;
  24, 252, 188, 113, 137, 253,  85, 215, 251, 123, 164,  24, 191, 183,  66,  59, 129,  90, 252,  24,  59, 110, 242,  35, 203, 223,  84, 123, 202,  80, 199, 250;
  95, 207, 174, 190, 136, 148,  30, 228, 161, 222, 205, 135, 109, 238,  51, 210, 236, 227, 253, 199, 204, 203, 202, 105, 243,  99, 239, 137,  33, 119, 175,  86;
 190, 188, 177,  88, 155, 247,  17, 239,  63, 207, 236,  52,  44, 246, 165, 244, 245, 251, 132, 144,  59, 203,  51, 255, 185, 214,  31, 123, 147,  68,  39, 253;
  45, 116, 209,  81, 245,  61, 238, 219, 123, 235, 120,  92,  24, 224, 221, 188,  93, 202,  22,  28, 131, 182, 252, 210,  46,  92,  21,  44, 203, 252, 202, 165;
  33, 209, 157, 101, 100, 143,  99,  21, 102, 105, 107,  84, 215, 117,  24, 112, 152,  12, 114,  28, 145, 184, 113,  18,  77, 189,  32,  64, 200, 138, 194, 176;
 222, 126, 150, 183, 171,  58,  60, 194, 189, 250, 147, 245, 205, 174, 203, 219, 167,  71, 237, 167,  37, 197, 139, 224, 146, 227, 127, 151, 172, 117,  43,  23;
 195, 121,  27,  20, 240, 205,  37, 103, 184, 224,  34,   8, 188, 150,  68,  49, 162,  63,  88,  64,  97, 217, 144, 108, 189,  48,  30,  58,   8,  16, 131, 124;
 252, 171, 121, 112, 176, 201,  85, 247,  50, 189, 164,  56,  19, 151,  64,  16,  23, 158,  68,  88, 122, 234, 224,  62, 251, 129,  53, 120, 224, 128, 134, 235;
 224,  76, 191,  92,  77, 104,  69, 134, 225, 150, 230,   8, 114, 183,  33, 127,  64, 244, 104,  72,  40,  79, 226,  40, 215, 186,  80,  27,  34, 248,  86,  42;
 205,  61,  19,  65, 161, 126,  82,  50, 105, 160, 110,   8, 158,  23,   0, 245, 128, 118, 124, 106,  17, 184, 241,  44, 167, 249,   0,  82,  74,   1,  10,  50;
 154,  58, 182,  88,  75, 119, 153,  95, 187, 255, 180, 191,  12, 159,  70,  31, 167, 153, 247,  17, 182,  79, 178, 210,  91,  83,  93, 191, 211, 100, 175, 223;
 130,  83,  59, 169, 122, 224, 185,  87, 174,  69, 219, 247, 181, 151,  96,  72, 102, 159, 127, 145,  19, 159, 195,  83, 244, 160, 186, 200,  53,   0, 167, 251;
 193, 113, 189, 103, 224,  78, 117,  28, 120, 107, 118,  88, 254,  55, 136,  56, 150,  94, 124,  74, 195, 240, 241,   1, 199, 255, 116,   0, 192, 208, 199, 185;
   2, 133,  34, 137,  20, 162, 168, 103,   4,   1,  90,   2,  40,  10,  48,  64, 104,  43,  19, 129, 146, 152,   1, 221,  36,  36, 138, 192,  21,  12, 177, 136;
 213, 221,  95, 254, 150, 234, 119, 166, 236,   0, 110,  42, 247, 115,  41, 115,  50, 246, 108, 106,  97, 169,  57,  63, 243, 175, 101,  16,  40, 123,  65,  42;
 181, 113, 107, 104, 124, 159, 219, 248, 193, 200, 252,  12,  83, 217, 127,  48, 216, 232,  87, 126, 206, 167, 122, 140, 251, 217, 133, 124,  81, 187, 114, 226;
  77, 177,  61, 101, 224, 110, 117,  57,  44,  58, 119,  88, 223,  87, 136, 123, 150,  29, 124,  42, 209, 208, 249,  64, 197, 249,  97,  68,  64, 227, 135,  49;
 165,  56,  49,  83,  69, 253, 242,   0, 121, 232, 100,   8, 178, 148,  69, 188, 144,  60,  66,  90,  19, 188, 240,  34,   7, 156,  16, 114,  66,   9,  70, 166;
   2,  12, 139, 188,  20, 162, 171,  83, 148, 130,  90,   2, 112, 235,  49,  72, 121,  43,  27, 137,   0, 157,   0, 207,  64,  38, 186, 128, 148, 104,  49, 160;
 131,  34, 108, 129, 108, 187, 168,   7,  78, 117,  83, 151, 128, 140, 214, 104, 110, 175,  59, 149, 151, 188, 231, 241,   6,  24, 186, 192,  77,  13, 241, 220;
 101, 163, 172,  48, 237,  45, 224,   9, 234, 253, 183,  93, 194, 232,  94,  27, 137,   6, 110,  29, 150, 107, 203,   0,  95,  91, 117, 253, 200,  44, 218,  67;
 137,  94,  93, 245, 162, 222, 125,  55,  57, 234, 118, 244, 191,  55, 128, 245,   7,  55, 149, 170, 225, 220,  97,  15, 230, 251, 116, 128,  46, 240, 131, 121;
  43, 251,  97,  78, 253, 149, 198, 253, 207, 104, 248, 108, 232, 216, 180, 180, 220, 232, 214, 238, 207,  42,  78, 253,  38,  92, 133, 186,  91, 158, 250, 189;
 105, 248, 243,  86, 115, 204,  35, 244, 123, 193, 100, 104,  56, 215, 196, 180,  58, 254,  82,  88,  67,  62, 178, 227,  63, 188,  20,  42, 203, 146, 103, 188;
 192, 201, 250, 221, 140,  12, 237, 167, 254, 131, 230,   0, 243, 233,  80,  98,  72, 230, 123,  72,  88, 105, 211,  99, 231, 190, 199,  16, 196, 248, 240,  42;
 184, 125, 120,  97, 246, 159, 127, 244,  85, 160, 126, 138, 115,  29, 149,  48,  94, 190,  22, 232, 232, 186, 117,  62, 119, 205,  37,   0, 119, 154, 198, 185;
  56, 236,  28, 186,  24, 201,  86, 238, 186,  54, 160,   9, 231,  83,  40,  17, 177, 185,  65,  99, 110,   7,   8,  63, 241, 199,  21,  61,  48,  19,  15, 138;
 152, 157,  53, 251,  21, 239,  19, 178, 196,   1, 235,  16, 247,  21,   8,  36, 201,  50,  72,  82,  59, 168, 121,  63, 201, 212,  16,  82, 210,  75,   5,  58;
   7,  52, 186, 154, 221, 245, 184,  79, 222, 215,  77,  19, 172, 252, 126,   8, 221,  59, 147, 149, 182, 118, 154, 242,  77,  23, 159, 107, 148,  78, 187, 207;
  41, 207,  83,  93, 244, 143, 110, 247, 125,   8, 122,  64,  58, 147, 160, 244, 116,  42,   6,  76, 243, 184,   0, 127,  46, 184,  52, 192,  90, 144, 226, 169;
  53,  43,  72, 161,  92, 139, 202, 216,  71, 160, 176,  78,  19,   8, 245,  16, 122, 136,  22, 255, 159,  51,  84, 212, 156, 136, 161, 252, 125, 171,  88, 128;
 227, 253,  21,  20, 120, 143, 148, 103, 185, 224, 160,  77, 182,  26,   4,  21, 142, 183,  78,  68, 233, 255,  80, 124, 181, 154,  84,  50,  72,  24, 195, 157;
 148, 247, 126,  39, 194,  10, 191, 236,  36,  54,  67, 247,  85, 109,  27,   3,  62, 205,  67, 231, 224, 181,  29,  11, 244,  33, 111,   4, 101, 243, 167, 210;
  75, 184, 164, 184, 175, 181, 152, 111, 187,  95, 144,  61, 172, 250, 118,  79, 195,   3, 255,  21, 182,  79, 146, 241, 216,  86, 218, 251, 156,  68, 187,  95;
   2,   4, 139, 133, 150, 162, 169,  67,  52, 195, 218, 147,  16, 174,  48,  72, 127,  47,  51, 149,  16, 153,   1, 202,  72,  38, 186, 192, 133,  96, 177, 208;
  13,  93,  87,  69, 179, 218, 230, 119, 237, 200, 126,  96, 122, 120, 165, 180,  58, 118,  70,  88, 197, 185,  37, 108,  46,  62,  37,   2, 239, 242, 234, 141;
  97, 181, 121, 109, 245,  78, 119,  61, 121, 232, 126,  72, 242,  57,   4,  52, 156,  94, 118,  40, 153, 184, 241,  15, 111, 254,  36,  18, 106, 170, 194, 187;
 122, 120, 106,  96,  59, 223,  81,  80, 161, 236, 148, 169,  27, 157,  67,  50, 140, 181, 221,  97, 140,   3, 176, 140, 211, 209,  33, 191,  99, 174,  22, 115;
 143, 156, 255,  82, 207, 244, 177, 194, 254,  83, 119,  18,  88, 252, 127,  43, 169, 115, 242, 149, 183, 237,  62, 226,  31,  27,  87,  79, 195,  85, 239, 246;
  33, 125, 184, 101, 252,  15,  71,  61, 123, 168, 254,  76, 246,  49,  85,  52, 156,  94, 116, 106, 233, 250, 209,  10, 237, 156,  37,  48,  72, 250, 210, 171;
  37, 123, 201,  79, 244,   3, 111, 216,  86, 204, 124, 230, 113, 231, 155,  52,  94, 232,  22, 238, 193, 178, 108,  59,  36,  44, 165, 168, 191, 243, 114, 249;
 153,  28,  12, 255,  29, 175,  73,  57,  22,  50, 194,   0, 247,  83,  25, 105, 121, 134, 122, 168,  43, 245,  89,  29, 197, 235, 211,  16,  58, 136,  80,  40;
 242, 225, 228, 175,  12,  11,  76, 253,  23, 178, 211,  26, 227, 105,  88,  67, 121, 204, 127, 227, 232, 215, 203, 159, 190, 242, 207, 180,  54, 186, 208,   8;
 122, 252, 188,  62,  45, 253, 208, 206, 203, 127, 180,  61, 174, 220,  71,  27, 137, 243, 253,   1, 142, 111, 250, 177, 219, 211,  81,  59, 218,  93,  79,  95;
 120, 185,  56, 238, 169, 221,  87, 240, 235,   8, 172,   8, 190, 247,  65, 116, 128, 242, 252,  74,  74,  43, 250, 189, 243, 253,   5,  59,  82,  58,  70,  59;
  25,  49,  51, 165,  99,  47, 127, 119,  45, 238, 124, 108,  63,  30,   2, 176, 182, 187, 215,   5, 209, 154,  48, 202, 151, 221,  59, 162,  74, 102, 135, 249;
 129,  48,  29, 251, 106, 199, 169,  24,  30,  90,  81, 242, 245, 214, 224, 105, 118,  25,  58, 170, 163, 212, 123,  81,  69, 130, 251, 164,  20,   9,   1, 177;
  73, 121,  26,  65, 241,  30, 114, 182, 105,  96, 110,   8, 190,  19,   5,  52, 130,  28,  88, 120,   5, 184,  49, 108, 103, 253,  16,  66, 202,  16,  75,  14;
   9, 188, 183,  56, 123, 245,  48, 223, 127,  95, 112, 117,  47, 254,  98, 189, 199,  59, 166,  17, 167, 222,  50, 147,  11, 215, 116, 239, 242,   4,  47, 255;
  16, 167,  13, 233, 184, 195,  79, 239,  54,  15, 222, 179, 245, 231, 168,  64, 127, 147, 207, 160, 122, 137,  33,  95, 233, 199, 191, 213,  48, 192, 165,  33;
  97, 181,  24,  69, 114,  15, 119, 127, 121, 168, 126,  76, 246,  49,   4,  52, 182,  76,  68, 104, 209, 248, 209,  14, 124, 190,   5,  16,  72, 170, 203, 137;
 208, 207,  95, 236, 186,  74, 119, 174, 244, 138, 254, 160, 119, 119, 161, 115,  54, 247, 108, 226, 104, 139,  39,  47, 242, 227, 103, 129,  48, 240,  37,  41;
 189,  86, 106, 110,  38,  19, 222, 248,  85, 162, 247, 255,  83,  89, 189,   1, 126, 252,  21, 238, 236, 183,  29, 159, 242, 203, 229, 148, 127, 187, 120,   1;
  99,  50, 236,  24,  76, 173, 248,  83, 203, 189, 244,  29,   8, 153,  86,  26, 204, 169, 119,  29, 150, 122, 210, 208,  95,  95, 176, 250, 205, 140,  90, 195;
  33, 143,  82,  91, 244, 159, 108, 247, 125,   9, 124,  68,  32,  34, 180, 244,  80,  42,   6,  12, 247, 184,   0, 255,  46,  28,  22,  66,  90, 138, 234, 141;
  53, 125,  59, 104, 124, 143, 215, 120, 193, 136, 185,   8,  83, 217,  53,  48, 216, 224,  85, 110, 200, 163, 120,  12, 243, 217,  37,  56,  81, 187,  82, 163;
  33, 113,  56,  69, 101,  93, 240,   4, 105, 105,  36,   8, 182,  88,  77,  56, 144,  28,  80, 104,   5, 240, 240,   0,  71, 217,   1,  50,  72,  27,  74, 143;
   2, 133,   2, 139, 148, 162, 168,  99,   4,   1,  90,   2, 168,  42,  56,  64, 120,  34,  19, 129,  18, 152,   1, 221,  36,  36, 138, 192,  20,  10, 176,   8;
 229,  33,  65,  67,  21,  47, 235,  24, 124, 225,  99,  92, 210,   1, 221,  60,  24,   4, 122, 126, 169, 176, 249,  10,   5, 156,   1,  52,  74, 155,  82, 164;
 193,  76,  27, 244,  96, 140, 111, 183, 184, 138,  42,  80, 181, 147,   1, 114, 167, 119, 125, 206,  97,  13, 144, 111, 245, 190,  62, 128,   8, 208, 129,  41;
 160, 224, 188, 245,  13, 173, 193,  79, 222,  55, 129,  26, 166,   9,  88,  11, 201,  16, 107,   9,  98, 109, 211, 129, 193, 154,  90,  49,  64,   8, 213, 162;
 165,  32,  91, 225, 118, 139, 232,  80,  76, 224, 113,  78, 149, 136, 240,  32,  58,  41,  22, 125, 133, 176,  20,  84,  20, 136, 171, 100, 125, 139,  81, 160;
 220,  80, 255, 115, 167, 122,  81, 152, 119,  83, 103,  48,  91,  93,  31, 253,  51, 148, 189, 122,  43, 245,  59, 144, 195, 251,  81,  71, 231, 245, 118, 115;
  35, 175,  72,  75, 252, 153, 222, 239,  79,  33, 124, 140, 163, 104, 150, 180,  94, 234, 130,  93, 222,  58,  76, 191,  62,  93,   5, 123,  93, 142, 218, 140;
 215,  58, 135, 183, 170,  32,  44, 154, 191, 251,  83, 247, 205, 102, 211, 239,  39, 199, 127, 151, 181, 212, 175, 192, 156, 114, 255, 134, 172, 245,  35,  85;
 140, 218,  39, 185, 176, 142, 105, 151,  60,  79,  82, 245, 247,  71, 152,  72,  22,  59,  61, 157, 187, 148,   1,  63, 228, 167, 186, 192, 172, 144, 133, 113;
  73, 172, 187, 109, 150, 248, 246, 135, 118,  67, 106,  24, 183, 252,  64, 176, 179, 127,  32,   8,  23,  56, 183,  99, 255, 173,  22,   9, 224,  66, 199,  42;
  24, 252, 189, 114, 137, 237,  85, 215, 239, 127, 172,  24, 191, 183,  66,  59, 129,  91, 252,  16,  26, 107, 242,  49, 251, 219,  84, 123, 192,  80, 199, 122;
 169, 165, 125, 111, 212, 159, 239, 119,  84,  36, 125,  26,  51,  29, 144,  49,  88, 186,  18, 168, 250, 186, 117,  31, 103, 203, 165,   0,  99, 152, 214, 168;
  56, 239, 124, 112, 184, 207,  85, 255, 163, 190, 164, 136,  51,   7,  64,  17,  13, 146,  76, 104, 106,  79,  98,  63, 251, 207, 117, 125,  96, 144, 198,  43;
 109, 189, 116,  69, 249,  95,  87, 185, 121, 236,  63, 172,  91, 125, 151, 181,  30, 212, 244, 110, 237, 240, 253,  12, 110, 251, 101, 151, 102, 166,  78, 117;
  89,   0,  28, 237,  13,  47,  65,  27,  38,  51, 227,  16, 247,  51,   8, 122, 209, 132, 120,  40,  57, 213,  83,  31, 199, 239, 209,  16,  56,   8,  80,  34;
 224,  80, 191,  94,  77,  72,  85,  13, 233,  23, 231,  24, 114, 247,  44, 127, 192, 182, 104,   2,  97, 103, 186,  73,  55, 178,  84,  27,  80, 122, 198,  46;
 156, 237, 102, 231, 158,  11, 238, 248, 125, 178, 243,  26, 207, 233,  24,  65, 122, 205, 127, 227, 248, 255, 141, 255, 190, 251,  71,  68, 103, 175, 241, 128;
  24, 141,  46, 181, 150, 130, 237, 119, 180,   1,  90,  18,  61,  43,  48,  65, 106,  39,  31, 145, 240, 152,   5, 204, 236, 163, 254, 192, 165, 192, 177, 200;
 137, 124,  31,  21,  73, 221, 165, 246, 254, 250,   4,  76, 188, 148,   3, 175,   3, 100, 122,  76, 229,  93, 242,  62, 101,  11, 124,  48,  74,  56,  11, 184;
 230, 226, 172, 182, 236,  73, 205, 237, 218, 247, 145, 157, 199, 232,  95,  11, 217, 197, 111,  55, 254, 103, 206,   2, 220,  18,  95, 125, 213, 252, 215, 192;
 120, 164, 188, 114, 169, 253,  85, 159, 251, 187, 164,  24, 159, 243,  72,  59, 133, 215, 253,  24,  58, 111, 250, 161, 219, 251,  85, 127, 194, 192, 198,  43;
  84,  13,  28, 190,  10, 107,  82, 232, 172,  22, 169,   9, 231,  99,  43,  89, 162, 163,  77,  99,  12,   3,  74,  61, 209, 195, 107,  61, 176, 115,  15,   2;
  80, 233, 127, 181,  50, 202,  61,  39, 188, 132,  74, 161, 183, 175,   0,  64,  38, 247, 109, 193,  92, 152, 165,  45, 249, 231,  62,   1,  36, 128, 165, 122;
  56, 178, 188, 123, 173, 141,  81, 222, 239,  61, 181,  56, 166, 209,  72,  26, 201,  18, 236,  16,  26, 105, 203,  49, 203, 213, 117, 127, 208,   9, 198, 139;
 164,  64, 126, 250, 236, 237, 244, 192, 237,  16,  49,   8, 147, 219, 125,  27, 233, 144,  66,  82,  66,  37,  26, 112,  71, 153,  66,  45, 209, 219, 102, 130;
 216, 108, 114, 117,  67, 208,  61, 230, 176, 134,  70, 160,  45, 151, 163,  85,  38, 127, 177, 192,  98, 220, 166, 111, 231, 225,  62, 139,  38, 148,  39, 235;
 235, 185, 115,  90, 223, 156, 160, 247, 251,  73, 116,  76,  40, 216, 244, 180, 188, 234, 210,  92, 215, 122, 182, 243,  63, 124,  22, 106,  75,   4, 235, 157;
 192, 121,  63, 122, 177, 204,  49,  86, 187, 136, 102,   8, 190, 159,  37, 121, 166, 115, 253,  80,  97, 205, 178, 126, 251, 255,  16,  67, 192,  16,  39,  59;
 193, 176, 185, 101, 112,  78, 103, 156, 120, 107, 118,  88, 223,  23,   8,  57, 149,  92, 124, 120, 163, 244, 241,  35, 199, 255,  52,   4, 192, 145, 195, 185;
 167, 162, 232,  21, 236,  25, 236, 202,  91, 190, 116, 255,   0, 232, 223, 174,  93, 232, 230,  29, 214, 118, 238, 208,  30,  31, 245, 173, 205, 252,  90, 196;
   8,  28,  23,  52,  99, 249, 177, 114, 188, 194,  98,  32, 188, 183,  33, 191,  39, 121, 226,   0,  97, 253,  50, 106,  85, 231,  82,   2,  66, 117,   7, 251;
 176, 228, 157, 249, 141, 207,   4, 207, 214,  55, 161,  24, 130,   1, 104,  75, 201, 144,  74,  48, 106, 109,  91,  21, 141, 130,  85,  53, 208,  72, 196,  42;
  82, 253,  26, 250,  59, 205,  18, 247, 175,  13, 188,  41, 174, 247,  64,  16, 167, 115, 237,  80,  90,  11, 154, 247, 251, 245,  46, 251,   2,   2, 135,  27;
  66,  92, 187, 252, 160, 110,  93, 119,  57, 202, 122,  76,  62,  55,  33, 121, 151, 119, 125,   2, 225, 201,  16, 106, 243, 190, 116, 146,   8, 240, 135,  59;
 122, 207, 168, 175, 168, 100,  95, 191,  35,  78, 156, 161, 243, 111,  18,  82, 205, 195, 253, 199,  94,  11, 235, 175, 235, 247, 190, 153,  18, 246, 190,  91;
 250,  48,  62,  96,  43, 205,  89,  80, 161, 204, 180, 169,  31, 157,  35,  18, 142, 177, 221,  65, 200,  39, 144,  12, 211, 201,  32, 187,  97, 140,  54, 115;
   6,  56, 190,  26, 141, 244, 177, 198, 254,  87, 148,  17, 248, 252, 119,  43, 201, 115, 251,  17, 182, 111, 251, 224,  91,  59,  94,  91, 213,  85, 119, 246;
  24, 156,  61, 251, 176, 238,  89,  23,  52,  71,  79,  17, 183,  55,  34,  65,  69,  22,  29,  28,  58, 152, 113,  63, 203, 239, 186,  65, 176, 200, 148, 122;
 139,  75, 118,  92, 243, 210, 166, 119, 253, 192, 118,  96, 104, 102, 180, 180,  46,  50, 226, 232, 245, 185,  37, 207,  62,  62,   4,   3, 107, 180, 234, 173;
  93,  54, 173,  39, 180, 122, 105,  24, 112, 239,  23, 181, 219, 103, 219, 170,  23,  68, 253, 188, 189, 212, 237,  10, 202, 239, 255, 133, 174, 231,  95, 113;
  67, 248, 168, 186,  63, 209, 145, 230, 174,  85, 140, 175, 172, 190,  98,  66, 195, 107, 251,  21,  22,  11, 210, 241, 218, 119, 154, 251, 156,   4, 191,  95;
  34, 201,   0, 138,  85, 197, 154, 228,   6,   4,  64,   3,  32, 152,  48,   0, 200,  40, 147, 193,  66,  42,  16, 253,  33,  16, 138, 107,  16,  30,  52, 138;
 163, 226, 232,  29, 108,  25, 232,  72, 219, 180, 244, 175, 160, 200, 214,  11, 202, 236, 102,  69, 134, 114, 230, 209,  94,  24, 243, 173,  85, 172,  90, 196;
  90, 184, 169, 170,  30, 229,  27, 198, 174,  69, 200, 131, 189, 159,  66,  64, 230,  59, 123,  21,   6,  11, 242, 241, 217, 101,  26, 251, 148,   6,  55, 123;
  99, 185, 250,  26, 253, 156, 248, 199, 251,  89, 124,  92,  40, 184, 214, 180, 173,  43, 114,  29, 151, 122, 150, 243,  30, 124,  18, 106, 219,  12, 235, 157;
 117,  55,  58,  34, 184,  44,  83,  88, 105, 236, 189,  13,  94,   9,  79,  18, 182, 199,  76, 119, 158,  35, 153,   8, 249, 221,  36,  60, 201, 227,  99,  67;
  80, 135,  12, 237,  56,   7,  73,  63,  52,  46, 254, 193, 215,  39, 160,  81,  69, 150, 111, 168, 120, 137,  65,  31, 251, 231, 254, 213,  48, 128, 164,  41;
  15, 197, 198, 211, 214,  50, 236, 183, 125,  83,  94, 214,  73,  34, 191, 239, 127,  70, 186, 188, 245, 220,  45, 238,  46, 110, 222, 192, 175, 213, 249, 149;
  71, 104, 174, 151, 162,  54,  45, 151,  62, 247, 198, 214, 221, 102, 211, 251,  39, 239, 125, 157, 151, 212, 255,  64, 204,  43, 255, 196, 140, 244, 177, 117;
   8,  12, 156, 191, 141, 173, 160,  14, 222, 147, 130,  16, 182, 177,  97, 203, 129,  99, 106,  24,  50, 109,  83,  49, 205, 147,  82,  91, 144,  73, 137,  10;
 105,  97, 121,  69,  85,  30,  97,  53, 105, 160, 110,   8, 146,  16,  23,  48, 176,  36,  64, 108, 196, 184, 113,  12, 103, 189,   0,   0,  72,   2,  67, 140;
  82, 248,  59, 254,  91, 196,  49, 230, 184,  65, 226,  25,  60, 223,  32, 112, 166, 115, 249,  80,  99,  75, 178, 111, 219, 247,  30,  11,   0,  16, 167, 122;
  80, 255,  26, 248,  50, 141,  90, 246, 187,   8, 248, 105,  62, 223,  32,  16, 182, 251,  77,  64,  74,  11, 130, 127, 251, 253,  47, 250,  24,   2,  39,  27;
 100, 224, 141, 182, 204,  73, 193, 169, 130, 245, 129, 139, 211, 237,  89,  11, 137, 212, 251, 211,  90,  99, 219,  49, 221, 131, 221, 125, 149,  58,  22, 242;
 200, 188, 187,  80, 211, 236, 113, 247, 115,  75, 110,  24, 190, 189,  96,  52, 161, 190,  34,  16,  51, 252, 176,  99,  93, 182,  16,  75, 194,  64, 239, 174;
 229, 148,  21,  94,  13, 124,  82, 170, 249,  91, 163,  92, 210, 248,  44, 255, 209, 210, 124,  42, 191, 103, 250, 183, 147, 250,  81,  94, 218, 105,  74,  22;
 200, 132, 148, 185,   9, 239,  65,  46, 151,  63, 166,  24, 238,  33,  74, 207, 129,   2, 232,  24,  42, 109,  83,  17, 205, 211,  85,  83, 210,  76,  77,  10;
 172, 105,  30, 250, 205,  13, 244, 200, 236,  16,  97,   9, 151, 217, 105,  27, 168, 209,  66,  82,  74,  97,  26,  48, 213, 137,  70,  13, 217, 123,  99, 130;
  35, 184, 168, 177,  85, 173, 185,  19,  30,  61,  80,  29, 151, 153,  86,   8, 204,  43, 115,  21, 150, 252, 210, 208,  77,  89, 154,  96, 200,  12, 219, 203;
  18,  46, 127,  93,  34, 240,  57,  70, 181, 134,  78, 161,  41, 135, 167,  93,  35, 251, 165, 128, 106, 221,  34, 107, 195, 231,  82, 131,  39, 208,  39, 251;
 129, 176, 185,  97,  48,  79, 113, 155, 126, 107, 102,  88, 222,  23,   9,  56, 181,  28, 124,  56, 227, 244, 177,  67, 199, 255,  48,   4, 200, 128,  71, 177;
  80,  79, 222, 109,  42,  66,  93,  51, 112, 142, 254, 224, 119,  39, 129, 115, 102, 247, 108, 170, 104, 250, 225,  12, 243, 227, 103, 129,  32, 240,  39,  41;
 120, 184, 189, 114, 137, 237,  85, 151, 226,  63, 172,  24, 191, 183,  72,  59, 129, 210, 253,  24,  26, 107, 242,  49, 219, 203, 116, 125, 226,  80, 198, 106;
  52, 121,  59, 238,  60, 143,  71, 112, 232, 168, 185,  72, 247,  89,  33,  16, 216, 240,  92, 106, 200,  35,  72,  60, 241, 201,  33,  56,  80,  59,  66, 163;
   6, 168, 191, 250, 143, 228, 176, 203, 222, 147, 160,  19, 252, 253, 101,  11, 201,  51, 235,  17,  50, 105, 218, 112,  77,  18,  95,  95, 209,  73,  37, 130;
 244,  16, 157, 225,  13, 111,  81,  24, 118,  57, 167,  24, 215,  19,   9, 122, 192, 132, 124,  56,  41, 245,  81,  16, 195, 235, 113,  20, 184,   9,  80,  34;
 218, 204,  54, 189,   6, 130, 108, 183, 181,  18, 210,  18, 173,  43,  48,  67, 102, 231,  61, 129, 232, 205,   1, 239, 240, 227, 254, 128,  38, 176, 161,   8;
 189,  86, 108, 111,   6,   7,  78, 184,  85, 162, 179, 199,  83,  73,  25,  11, 127, 212,  29, 238, 236, 231,  93,  14, 242, 235, 225,  20, 125, 187, 120,   0;
   2, 133,   2, 139, 148, 160, 168,  99,   4,   1,  91,   2, 232, 106,  56,  64, 120,   3,  19, 161,  18, 152,  17, 221,  44,  36, 138,  64,  20,  10, 177,   8;
  48, 237, 104,  41, 214, 203, 211, 239,  86, 101, 232, 143,  35, 168,  22,   0, 184, 171,   2, 117,  94, 186,  92,  63, 127, 141, 141, 117, 125,  10, 222, 206;
  11, 250, 246,  24, 107, 181, 184,  95, 239,  91, 116, 101,  44, 223, 230, 172, 135,  59, 247,  16, 134, 124, 162, 209,  78,  95,  18, 235, 210, 132, 171, 223;
  35, 174,  98,  26, 125, 157, 248, 215, 251,  93, 116, 221,  40, 136, 246, 149, 175, 171, 214,  29, 182, 111, 134, 245,  30,  92,  18, 235,  95, 140, 123, 205;
 120, 233,  24,  32,  40, 140,  94, 182, 163, 172, 168,  13,  55, 131,  64,  16, 129, 247, 109,  68,  74,  11, 210,  53, 249, 197,  53, 121,  40, 146, 130,  26;
  34, 149,  32, 203, 213, 135, 154, 109,  78,   1,  89,   2, 136,  24,  60,   0, 220,  27,  19, 177, 146,  58,  88, 213,  45,  28, 138, 102, 213,  10, 241, 130;
  64, 132, 157, 241,  45, 236, 113,   3, 175,  17, 107,  16, 183,  51,  72, 122, 193,  23, 125,  24,  27,  76, 211,   1, 207, 255,  82,  80, 128,   0, 129,  34;
 165, 164, 237,  91, 221, 239, 229, 237,  87,  51, 245,  26, 210,  49, 156,  45,  89, 202,  90, 184, 187, 238, 121, 255, 111,  26, 150, 124, 211, 137, 214, 164;
 121, 159, 120, 101, 119,  63, 123, 184,  97, 236, 127, 238, 123,  45, 151, 180,  54, 204, 182, 110, 133, 176, 109, 172, 126, 239,  33, 133, 103, 175,  78, 253;
  33, 143,  82,  91, 244, 185, 238, 247, 127,   9, 121, 116, 160,  42, 190,  68, 187,  42,   6,  12, 246, 184,  12, 119,  46,  30,  54, 192,  89, 200, 201, 141;
 128,  26,  28, 185,  41, 235,  16,  15, 150,  31, 130,  49, 166, 146,  34,  75, 193,  51, 238,  17,  62,  79,  67, 149, 128, 242,  90,  91, 144,   8,  45,  15;
 217, 124,  31, 236, 203, 228,  53, 247, 168, 130,  78,   0, 188, 179,  33, 242, 162, 119, 121, 138,  97,  13, 178, 107, 241, 237,  46,  10,  10, 112, 161,  42;
 165,  96,  65,  70,  85,  15, 235, 120, 119, 232, 243,  78, 114,  65, 220, 180, 124, 204, 114, 254, 171, 242, 253, 239,  61,  30, 133,  36,  75, 143, 114, 244;
 220, 126,  30, 181,  35,  42,  60, 230, 188, 182, 234, 181, 239, 171,  33,  91, 166, 117, 237, 162, 108, 213, 145, 106, 242, 225, 110,   3,  32, 113,  47,  11;
 239,  69,  98, 206, 228,  20, 111, 244,  85,  10, 247,  26,  42,  11, 188, 116, 122, 168,  23, 234, 248,  54, 100, 254, 118,  56, 128, 136,  55, 155, 240, 164;
 221,  54, 236,  99, 188, 126,  89,  24, 113, 255, 151, 149, 223, 109, 219,  59,  23,  68, 253,  60, 188, 197, 253,   0, 203, 219, 117, 213, 166, 231, 214, 117;
 120, 161, 188, 114, 173, 253,  85, 207, 235,  55, 172,  24, 191, 251,  72,  58, 129, 151, 249,  24,  26, 107, 250,  49, 219, 223,  85, 125, 194, 192, 198,  42;
 216,  93, 155, 244, 218, 100,  55, 246, 168, 130,  74,   8,  60, 183,  33, 210, 166, 119, 219,  64,  97, 143, 144, 106, 241, 167,  62,  10, 136, 112, 167, 187;
 162, 227, 232,  29,  76, 201, 161,  76, 138, 244, 240, 171,  33, 204,  86,  11, 106, 232,  99,  69,   6, 115, 238, 209,  92,   0, 203,  61,  85,  44,  86, 198;
  75, 160, 146, 216, 221, 148,  66, 207, 175,   5, 140,   8, 172, 243, 106, 212, 209, 170, 106,  24,  18,  11, 154, 211, 191, 188, 151, 127, 130,   6, 250,  14;
  82,  28, 150, 158,  14,  34, 188,  98, 156, 130, 218, 162, 108, 190,  49,  75, 102, 247, 191, 131,  32, 207,   2, 234,  16,  34, 218, 138,   5, 117,  33,  25;
 199, 224, 174, 177, 168, 154, 105, 156, 190, 241, 134, 148, 213, 102, 219, 122,  39, 101, 125, 221, 183, 220, 255,  96, 204,  43, 255, 196, 140, 176,  11, 120;
 109,  80, 252,  91, 237,  61,  84, 157, 239, 250,  39,  12, 110,  89,  79, 127, 213, 196, 126,  62, 207, 100, 219, 145,  87, 251,  85,  62, 250, 253, 200,   7;
  18,  15, 238,  60, 210, 162,  61,  87, 173, 133, 238, 149,  41, 175,  38,  80, 230, 167, 207, 148,  52, 139,  32,  78, 115,  39, 186, 193, 165, 192, 166,  74;
 228, 241, 141, 164,  72,  77,   3, 184, 130, 248, 177,  77, 211, 213,  73,  18, 204, 213, 125, 243,  75,  67, 219,  48, 221, 129, 237, 252,   8,  43,  22, 115;
 208,  56, 249, 101,  50, 110, 113,  23, 124, 163,  98,  24, 158,  23,   0,  56,  55,  28,  92,  24,  33, 252,  49,  78, 197, 175,  48,   6, 232,   0,  67, 187;
  90, 184, 155, 254,  27, 196,  19, 226, 184,   1, 224,   0,  60, 247,  33, 112, 160, 123, 249, 192,  34,  75, 178, 111, 209, 247,  26,  11,   0,   1,  39,  42;
 166,  96, 162, 138, 205,   5, 142, 200, 150,  26,  81,   2,  64, 200, 125,   9, 217, 200,  19, 243, 194,  39,  26, 176,  17,  24, 207,  44,  21, 127, 112, 130;
  76, 137, 146, 218, 141, 252,  80, 131, 223,  23, 166,  24, 174, 227,  98, 222, 193, 102, 234,  24,  30, 107, 218, 243, 155, 246,  84, 123, 146,  77, 204,   6;
 124,  53, 115,  98,  53, 110,  75, 248, 105, 228, 185,  77,  79,  77,  25, 148, 190, 196,  69, 126, 153, 163,  56, 142, 185, 220,   1, 116, 235, 167, 118, 112;
  72,  25, 154, 255,  32, 140, 125,  51, 168, 133, 102,   5, 183, 167,  34,  82, 196, 247,  41, 140,  88, 152, 208,  45, 199, 255, 218,   0,   8, 162,   3,  26;
  39, 205, 103, 215, 228,  50, 238, 180,  77, 210,  95, 198, 104, 110, 191, 231, 127, 198,  54, 238, 245, 216,  47, 237,  46,  62, 207, 196, 143, 247, 248, 253;
  37,   4, 253,  77, 236, 107, 199,  24,  86,  50, 189,  56, 211, 113, 157,  43,  27,  80, 118,  42, 169, 114, 111,  25,  70, 139,  97,  53, 221, 251,  82, 160;
  35, 233,  90,  90, 209, 209, 106, 197, 123,   5, 108,   8,  35, 202, 126, 176, 249, 171,   2, 152,  94, 186, 184,  87,  63, 157, 149, 107,  65, 130, 234, 140;
  90, 236,  33, 170,  95, 193,  26,  71,  14,  97, 200,  11, 190, 151,  96,  80, 242, 187, 155, 145,  11,  11, 208, 247, 253,   4, 138, 121,  54,   6,  55,  42;
  35, 170, 106,  26, 125, 157, 248, 199, 235,  93, 112,  29, 168, 136, 118,   0, 141, 171,  71,  21, 150, 111, 134, 245,  30,  24, 154, 235, 221,  12, 219, 207;
  41,  41, 107, 101,  85,  95, 227,  49, 112, 168, 111,   8, 147,   9,  20, 176,  24, 172,  64,  72, 216, 184, 245,  14, 103,  77,  32,  48,  67, 170,  82, 160;
 248, 168, 188, 114, 137, 237,  81, 207, 231,  55, 164,  24,  63, 183,  72,  59, 129, 211, 237,  16,  58, 107, 250,  49, 219, 219,  84, 123, 226,  64, 198, 106;
  88, 143,  12, 237,   8,   6,  77,  55,  36,  54, 238,   5, 183,  39,   2,  83, 196, 167, 105, 140, 120, 218,  81,  29, 237, 235, 254,  16,  16, 128, 228, 106;
  33,  49, 184, 177,  69, 173, 241,   3, 238,  29, 101,  21, 182, 153,  82,   8, 136,  43, 115,  21,  22, 184, 210,  16, 205, 217,  26,  96, 200,   8, 219, 202;
 149,  92,  95,  95,  38,  94, 231, 240, 244, 202, 243,  68, 115,  80, 181,  59,  62, 100,  84, 106, 237, 245,  61,  44, 160, 170,  97,   0, 105, 243,  99, 181;
  72, 140, 157, 249, 188, 232, 113,   3, 238,  25,  43,  16, 151,  51,  64, 122, 129,  23, 108,  16,  27, 120, 211,  17, 205, 247, 114,  85, 128,  64, 133,  34;
   1,  93,  95,  69,  50, 218, 230,  52, 236, 160,  98,  64, 251, 146, 165, 241,  34, 116,  90, 106,  65, 181,  53, 108,  39, 235,   2,   0, 109, 179,  75,  60;
 112, 185,  26, 236,  50, 143,  27,  96, 168,   8, 232,  40,  55, 215,  32,  80, 182, 185,  93,  98,  74, 139,  16, 127, 241, 165,  34,  56,  48, 131,  35,  11;
  18, 136, 151, 189, 139, 227, 164, 239,  14,  49, 202,   3, 132, 163,  96,  70, 233,  87, 107, 145,  16, 249,   3, 245, 141, 166, 222,  71, 144,  74, 165,  42;
 240,  81,  27, 236,  44,  15,  81, 112, 228, 168, 181, 104,  87,  81,  33,  19, 188, 180,  76, 106,  72, 163,  16,  12, 241, 233,  33,  56, 104, 170,  98,  43;
 167,  77,  98, 222, 244,  50, 238, 244,  93,  66, 125,  18,  72, 104, 191, 117,  90, 202,  23, 234, 253, 182, 108, 254,  54,  58, 196, 136,  87, 251, 240, 164;
 166, 173, 104, 219, 220, 131, 142, 232,  86,  51, 217,  18, 225, 232, 124,   0,  89, 203,  19, 243, 242,  50,  74, 255,  60,  30, 143, 236, 213, 123, 240, 128;
 129, 223,  94,  31, 182, 159, 174, 191, 252,  90, 112,  68, 244,  96, 190,  97, 247, 107,   6, 110, 231, 184,  28, 127,  96,  42, 102, 128,  89, 144, 233, 157;
  68, 133, 159, 189, 156, 234,  36, 167, 238,  87,  74,  21, 228, 242,  40,  74, 225, 102, 106,   0,  22, 137,  19,  37, 173, 166, 222,  71, 136,  64, 165,   2;
 120, 160, 248, 114, 141, 237,  81, 143, 243, 179, 172,  24, 147, 241,  72,  58, 201, 150, 104,  24,  26, 107, 218,  17, 219, 207,  85, 125, 193, 200, 198,  34;
 247, 197, 102, 206, 204,  23, 206, 232, 193, 218, 152, 139,  64, 108,  63,  35,  89, 194,  23, 231, 236,  35,  46, 239,  59,  10, 205, 188,  55, 255, 240,  84;
 217, 117, 147, 254, 131, 112,  52,  39, 225,   2, 206,  32, 191, 243,  33, 246, 227, 126, 188, 136, 111,   9, 146, 171, 163, 225,  86,  11,  34,  80, 171,  43;
   1, 241,  89,  69, 114,  14,  98, 112, 108,  96, 115,  68, 214,  19, 132,  52,  58,  12,  70, 104,  65, 184,  81,  93,  52, 172,  34,  68, 104, 130,  75, 137;
  96, 176, 152, 208, 205,  93,  85,  15, 195, 119, 173,  24, 134, 149,  74,  62, 201, 144, 234,  16,  94, 107, 250,  17,  95, 149,  21, 127, 210,  74, 206,  86;
  64,  60,  89, 101,  50, 234,  49,  55,  56,  41, 122, 224, 191,  55, 128,  48,  39, 191,  76,  16,  49, 152, 129,  79, 237, 174,  50, 128, 232, 192,   7,  41;
 104, 137, 158, 189,   9, 140,  85,  39, 165,  47, 238,  29, 191,  51,   2,  82, 192, 102, 121,  12,  88, 152, 208,  43, 197, 255, 210,  16,   2,   0, 214, 106;
  80,  57,  26, 172,  42, 128,  27,  32, 164, 128, 203, 224, 181, 211, 160,  83, 230,  61,  93, 226,  72,   3, 194,  93, 208, 161,  42, 184,  48,  35,  35,   3;
 209,  48,  30, 173,  42,  10,  17,  80, 164, 170, 163, 248, 183, 151, 128, 123,  38, 181, 124, 226, 105, 133, 145,   8, 208, 225, 106, 144,  40,   0,  35,  19;
 104, 176, 177,  72, 221, 237, 145, 206, 195,  85, 104,  13,  50, 157,  78,  48, 201, 138,  66,  16,  26,  42, 242,  81,  95,  28,  16, 107, 211,  12, 230, 222;
  33, 169, 122,  88, 221, 213, 233,  67, 203,   5, 100,   8,  48, 139, 118,  48, 200, 170,   2, 152,  22,  42, 246, 245, 127,  28, 146, 105,  83, 136, 250, 142;
 120, 177, 189, 112, 169, 237,  81, 223, 227,  61, 172,   8,  63, 183,  72,  59, 129, 150, 237,  16,  26, 107, 250,  49, 219, 203, 117, 127, 226,  64, 198, 107;
  82, 139, 150, 135,  19, 131,  34, 167,   7,  41, 202,  98, 228, 163,  32,  68, 112, 118,  42, 208,  26, 153,   1, 117, 184, 166, 158,  66, 176,  10, 161,  40;
 212,  84, 255,  69, 130,  98, 231, 152, 116, 166, 167, 176,  83,  53, 153,  59,  63, 212, 104, 170, 185, 247,  61,  10,  81, 175, 101,   4, 229, 241, 230, 114;
  39, 205, 230,  95, 228, 178, 238, 164, 221, 195, 122, 134, 104, 236, 191,  98, 255, 231,  51, 199, 213, 184, 111, 239,  46,  62, 207, 192, 149, 255, 248, 204;
 182, 205, 228, 254, 252,  33, 206, 255, 211, 146, 152, 146,  97, 109,  61,  67, 217, 226,  23, 227, 248, 103,  78, 255,  58,  94, 207, 156, 183, 255, 240, 128;
  90,  44,  26, 254,  27, 192,  19,  98, 175,   4, 204,  33,  44, 215,  32,  80, 226, 177, 235, 128,  10,  11, 130, 255, 209, 245, 138,  27,  16,  34,  45,  42;
 103, 232, 244,  84, 235,  31, 116, 207, 235, 250,  42,   9,  94, 249, 101, 122, 163, 229, 122,  14, 197, 101, 155, 208,  23,  26,  69,  62, 219, 126, 202,   7;
  16, 179, 119,  69, 114,  10, 107,  56, 116,  40, 123, 224, 213,   3, 136, 112,  54, 156,  38, 232, 193, 152, 101,  77, 164, 172,  34, 192, 101, 130,   7, 169;
 100,  32, 185, 226,  44, 109, 195,  72,  40,  39, 169,  25, 151,  13,  88,  26, 217, 140,  71,  63,   8,  54, 248,   0, 213, 221,  32,  60, 192, 235,  86, 242;
  52, 237, 108, 187, 188, 163, 207, 252,  22, 179, 217,   2, 243, 232, 121,   1,  89, 203,  23, 243, 170, 242,  75,  63, 236, 207, 175, 252, 181, 123, 240, 128;
  36,   1, 252,  69, 172,  43, 197,   9,  78, 178,  53, 168, 211,  49, 157,  47,  27,  68, 106,  42,  49, 112, 109,  24,  68, 138,  97,  52, 253, 251,  82, 160;
 117, 251,  25, 228,  56,  15,  95, 188,  35, 168, 184, 104,  87, 151, 193,  50, 156, 245,  93, 126, 201,  35, 201,  12, 249, 185,  37, 252,  72, 186,   2,  57;
 103,  60, 241,  70, 211, 124, 159, 218, 123, 231,  45,  76,  10, 252,  79,  62, 189, 223, 208,  20, 151, 114, 188,  98,  59,  28,  21,  46, 203, 119, 195, 245;
 220,  72,  87,  68,  34,  90, 162,  96, 253, 130, 114,  96, 127, 149, 165, 245,  54, 117, 110, 106,  97, 181,  33,  78, 178, 234,  98,   0,  99, 179,  97,  41;
  88, 248, 150, 254,  59, 196,  17, 231, 191,  21, 132,  17, 172, 179,  34,  86, 227, 115, 233,   0,  50,  77, 146, 247, 249, 246,  30,  91,  18,  16, 175,  11;
 216, 165, 154, 188,  17, 236, 120, 102, 169,  65, 110,  17, 190, 211,  34,  82, 160,  39, 121,   0,  36, 141, 144,  75, 211, 253,  26,   3,   8,   0,  43,  26;
 109, 117, 118,  78, 253,  31, 246, 248, 123, 234, 253,   8,  74, 248, 159,  52, 221, 204, 118, 110, 229, 243, 249, 254,  63, 127,  69,  62,  67, 255, 210, 231;
  88, 203, 220, 191, 162,   2,  63, 189, 118,  21, 230, 162, 229,  34, 130,  67, 102, 231, 172, 200, 244, 217, 239,  61, 232, 163, 254,   1, 181, 176, 173,  73;
 218, 205,  46, 182, 153, 134, 189, 231, 164,  85, 198, 149, 109, 175,  50,  83, 236, 231, 251, 197, 124, 223,  18, 237, 249, 243, 222, 193,  15,  20, 167, 218;
 108, 161, 184,  99, 221, 109,  65, 143,  98, 181, 173,  24, 147, 177,  72,  58, 201, 154,  96,  24,  26, 106, 219,  48, 207, 221,  21, 125, 192,  72, 198,  34;
 189, 122, 200, 111,  84, 159, 110, 208, 113, 200, 116, 204,  59,   9, 147, 176,  92, 252, 148, 206, 205, 180,  93,  42, 103, 237, 164, 128, 111, 187,  90, 153;
 214,  41, 215,  84, 139, 211,  92, 227, 189, 178, 162,  96,  46, 247, 101, 255, 167, 247, 252, 194,  73, 207,   2, 104, 155, 210,  85,   2,  32, 240,  38,  46;
  72, 180, 189, 242, 169, 237,  92, 159, 171, 123, 188,  77, 190, 255,  72, 154, 135,  19, 253,  17, 223, 107, 218, 209, 219, 219, 118, 255, 202,  68, 143,  27;
 216, 132, 148, 255, 155,  16,  84,  47, 245,  19, 233,  48, 239, 243,  40, 246, 195,  31, 236, 160, 126,  15, 203, 147, 163, 247,  86,  43,  50, 192, 169,  15]