[    670,     153;
     866,      58;
     864,      72;
     928,      62;
     375,     165;
     430,     147;
     550,     188;
     383,     158;
     932,      71;
     456,     218;
     479,     197;
     554,     197;
     563,     197;
     513,     185;
     274,     238;
     827,      98;
     837,      44;
     937,      69;
     898,      68;
     978,      55;
     916,      43;
     344,     152;
     404,     218;
     857,      58;
     864,      31;
     896,      55;
     886,      69;
     902,      31;
     827,      81;
     502,     185;
     889,      47;
     374,     158;
     382,     151;
     874,      73;
     443,     166;
     144,      74;
     159,      68;
     858,      77;
     361,     150;
    1044,     158;
     866,      67;
     209,      88;
     452,     186;
     365,     141;
     401,     206;
     390,     161;
     670,     157;
     559,     206;
     388,     168;
     453,     168;
     844,      46;
     429,     142;
     885,      47;
     215,      85;
     442,     144;
     892,      33;
    1043,     148;
     938,      60;
     862,      70;
     387,     132;
     662,     124;
     974,      59;
     147,      67;
     135,     109;
     545,     190;
     876,      66;
     428,     149;
     542,     190;
     865,      53;
     667,     158;
     420,     167;
     841,      40;
     542,     186;
     430,     154;
     369,     235;
     854,      79;
     663,     156;
     468,     187;
     881,      63;
     144,      82;
     914,      49;
     854,      55;
     419,     228;
     366,     233;
     856,      49;
     408,     136;
     925,      44;
     419,     152;
     553,     200;
     859,      73;
     942,      59;
     340,     103;
     881,      69;
     617,     169;
     460,     185;
     928,      69;
     958,     288;
     628,     149;
     871,      35;
     188,      68;
     844,      51;
     433,     169;
     669,     125;
     848,     148;
     908,      36;
     509,     190;
     386,     135;
     910,      42;
     170,      57;
   829.2,    81.6;
   427.2,   148.8;
   374.4,   157.2;
    1044,   159.6;
   889.2,      48;
   243.6,    74.4;
   512.4,   184.8;
     420,   166.8;
   669.6,   153.6;
     840,   124.8;
   826.8,    81.6;
   661.2,   124.8;
   844.8,   105.6;
     144,    81.6;
   885.6,    46.8;
     216,      84;
   974.4,    58.8;
   135.6,     108;
     144,    73.2;
   451.2,   183.6;
   549.6,   187.2;
   400.8,   205.2;
   873.6,      72;
   866.4,    56.4;
     876,      66;
   862.8,    52.8;
   146.4,    67.2;
   667.2,   157.2;
   273.6,   237.6;
   628.8,   175.2;
   382.8,   158.4;
   885.6,    68.4;
   895.2,      54;
   915.6,    43.2;
   478.8,   196.8;
   159.6,    67.2;
   405.6,   217.2;
   880.8,    62.4;
     390,   159.6;
   364.8,   140.4;
   368.4,     234;
   543.6,   189.6;
   554.4,   196.8;
   861.6,    70.8;
  1042.8,   148.8;
   344.4,   152.4;
     366,   232.8;
   387.6,     168;
     360,     150;
   339.6,   103.2;
   375.6,   165.6;
     840,    38.4;
     888,    44.4;
   829.2,    98.4;
   381.6,   151.2;
   442.8,   165.6;
   826.8,    98.4;
   418.8,   226.8;
   662.4,     156;
   129.6,   117.6;
   668.4,   124.8;
     468,     186;
   831.6,    98.4;
   866.4,    67.2;
   531.6,     192;
   428.4,   187.2;
   562.8,   196.8;
   979.2,    58.8;
     558,   205.2;
   172.8,    52.8;
   616.8,     168;
   979.2,    55.2;
   351.6,   109.2;
   441.6,   147.6;
   188.4,    68.4;
   399.6,   207.6;
   939.6,    64.8;
   423.6,   153.6;
   836.4,      42;
   928.8,    62.4;
   387.6,     222;
     444,   181.2;
   170.4,    56.4;
   387.6,   130.8;
   928.8,    68.4;
   957.6,   286.8;
   898.8,    68.4;
     510,   190.8;
   856.8,    57.6;
   400.8,   130.8;
  861.12,      72;
  427.68,  146.88;
  894.24,   54.72;
  365.76,  139.68;
   338.4,  103.68;
  829.44,   97.92;
 1042.56,  148.32;
   374.4,  156.96;
  375.84,   165.6;
  135.36,     108;
  400.32,  204.48;
  915.84,   44.64;
  146.88,   66.24;
  419.04,   165.6;
  383.04,  159.84;
  390.24,  159.84;
 1045.44,  159.84;
  874.08,      72;
  862.56,   53.28;
  159.84,   66.24;
  558.72,  204.48;
  668.16,  156.96;
  205.92,   87.84;
     360,  149.76;
  404.64,  218.88;
     144,   82.08;
  443.52,   165.6;
  887.04,   46.08;
  876.96,   66.24;
   388.8,  167.04;
  881.28,   61.92;
  419.04,  227.52;
  243.36,   74.88;
  829.44,   82.08;
   367.2,  234.72;
  668.16,  125.28;
   662.4,  125.28;
   122.4,   89.28;
   885.6,   67.68;
   345.6,  152.64;
   381.6,   151.2;
     144,   73.44;
  423.36,  154.08;
  332.64,  106.56;
   511.2,  182.88;
  387.36,  221.76;
  113.76,  190.08;
   273.6,   237.6;
  427.68,  185.76;
   662.4,  155.52;
   115.2,  119.52;
   172.8,   53.28;
  953.28,  285.12;
  845.28,  105.12;
  505.44,  195.84;
  866.88,    57.6;
  190.08,     144;
   129.6,  116.64;
  450.72,  184.32;
  839.52,  125.28;
  390.24,   223.2;
  629.28,  175.68;
     468,  185.76;
   554.4,  197.28;
  479.52,  197.28;
  188.64,   69.12;
  542.88,  188.64;
  859.68,   48.96;
   352.8,     108;
 1082.88,  148.32;
  974.88,   59.04;
  491.04,  159.84;
  501.12,  184.32;
  182.88,   59.04;
  529.92,  190.08;
  829.44,  96.768;
 171.072,  53.568;
 158.976,  65.664;
  146.88,  65.664;
 1040.26, 148.608;
 134.784, 107.136;
  380.16, 152.064;
 437.184, 205.632;
 884.736,  67.392;
 661.824, 124.416;
 860.544,  53.568;
   388.8, 158.976;
 366.336, 235.008;
 893.376,  53.568;
 343.872, 153.792;
 860.544,  72.576;
 419.904, 226.368;
 122.688,  88.128;
 338.688, 105.408;
  829.44,  82.944;
 143.424,  84.672;
 879.552,  62.208;
 504.576, 141.696;
 504.576, 145.152;
  449.28, 167.616;
 1083.46, 148.608;
 331.776, 105.408;
 1043.71, 158.976;
 978.048, 150.336;
  241.92,  74.304;
  406.08, 219.456;
 374.976, 157.248;
 359.424, 148.608;
 376.704, 165.888;
   388.8, 167.616;
 442.368, 165.888;
 141.696,  72.576;
 399.168, 203.904;
 1105.92,  146.88;
 381.888, 160.704;
 419.904,  164.16;
 876.096,  65.664;
 114.048, 119.232;
 127.872,   95.04;
 127.872, 117.504;
 390.528, 222.912;
 428.544, 186.624;
 504.576, 196.992;
 628.992, 174.528;
  190.08, 143.424;
  846.72,  155.52;
  509.76, 183.168;
  181.44,   60.48;
 387.072, 222.912;
 188.352,   69.12;
 451.008, 184.896;
 352.512, 108.864;
  492.48, 158.976;
 554.688,  198.72;
 668.736,  155.52;
 421.632, 153.792;
 361.152,  112.32;
 387.072, 131.328;
 364.954, 136.858;
 1045.09, 159.667;
 377.395, 163.814;
 248.832, 149.299;
 240.538,  72.576;
 406.426, 217.728;
 400.205, 130.637;
 418.867, 161.741;
 379.469, 151.373;
 976.666, 149.299;
 331.776, 105.754;
 134.784, 105.754;
 846.029, 153.446;
 427.162,  184.55;
 159.667, 66.3552;
 114.048, 118.195;
 352.512, 109.901;
 1038.87,  132.71;
 493.517, 157.594;
 128.563, 116.122;
 875.059, 66.3552;
 356.659, 109.901;
 661.479, 124.416;
 190.771, 143.078;
 346.291, 153.446;
 143.078, 85.0176;
 358.733, 147.226;
 447.898,  184.55;
 375.322,  155.52;
 447.898, 165.888;
  443.75, 165.888;
 503.885, 141.005;
 122.342, 87.0912;
 418.867, 226.022;
 389.837, 165.888;
  829.44, 95.3856;
 381.542, 159.667;
 1040.95, 147.226;
 367.027, 234.317;
 1105.23, 147.226;
 1082.42, 147.226;
  829.44,  82.944;
 387.763, 159.667;
 398.131, 203.213;
 400.205, 217.728;
 454.118, 172.109;
  414.72, 190.771;
 369.101, 145.152;
 406.426, 196.992;
 389.837, 221.875;
 860.544,  72.576;
  955.93, 286.157;
 848.517, 82.1146;
 126.904, 114.463;
 114.463, 119.439;
 390.666, 166.717;
 408.085, 218.972;
 1040.12, 131.881;
 848.517, 151.788;
 141.834, 87.0912;
 437.944, 206.531;
  977.91, 149.299;
 1040.12, 126.904;
 420.526, 223.949;
 353.342, 109.486;
 455.363, 171.694;
 388.178, 159.253;
 828.611, 94.5562;
 398.131, 204.042;
 664.382, 124.416;
 447.898, 184.136;
 1047.58, 159.253;
 1074.95, 109.486;
 375.736, 164.229;
 363.295, 114.463;
 1040.12, 146.811;
 1084.91, 146.811;
 338.412, 104.509;
  1107.3, 146.811;
 398.131, 134.369;
 420.526, 159.253;
 445.409, 166.717;
 348.365, 154.276;
 253.809, 149.299;
 828.611, 84.6029;
 408.085, 196.577;
 358.318, 149.299;
 134.369, 102.021;
 363.295, 134.369;
 427.991, 184.136;
 661.893, 149.299;
 330.947, 104.509;
  948.05, 139.346;
 440.433, 216.484;
 248.832, 149.299;
 960.492, 151.788;
 412.066, 197.075;
 958.501, 149.299;
 1048.08, 158.257;
 331.444, 104.509;
  409.08, 220.963;
 388.178, 158.257;
 830.104, 92.5655;
 149.299, 143.327;
 1039.12, 131.383;
 976.417, 149.299;
 397.136, 137.355;
 444.912, 167.215;
 1048.08, 110.481;
 280.683, 214.991;
 113.467, 119.439;
  349.36, 155.271;
 107.495, 131.383;
 352.346, 107.495;
  453.87, 170.201;
 370.262, 119.439;
 1039.12, 146.313;
 1083.91, 146.313;
 125.411, 113.467;
  438.94, 217.977;
 662.889, 125.411;
 429.982, 185.131;
 1104.81, 146.313;
 134.369, 101.523;
  364.29, 134.369;
 949.543, 137.355;
  848.02, 152.285;
 337.416, 104.509;
 421.024, 223.949;
 325.472, 98.5375;
 397.136, 203.047;
  438.94, 206.033;
 111.079, 121.828;
 437.148, 214.991;
 365.485, 132.578;
 125.411, 111.079;
 429.982, 182.742;
 849.214, 150.494;
 437.148, 179.159;
 1071.37, 111.079;
 347.569, 154.077;
 1046.29, 114.662;
 662.889, 125.411;
  945.96, 139.744;
 351.152,  146.91;
 444.315,  168.41;
 150.494, 139.744;
  394.15, 136.161;
 1103.62,  146.91;
 1082.12,  146.91;
 401.316, 211.408;
  956.71,  146.91;
 974.625,  146.91;
 365.485, 114.662;
 1035.54, 128.995;
 419.232, 222.157;
 1031.96,  146.91;
 279.488, 214.991;
 498.062, 161.243;
 412.066, 197.075;
 408.483, 222.157;
 143.327, 125.411;
 376.234, 161.243]